18170
18180
18200
18210
18220
18230
18240
18250
18260
18270
18280
18290
18300
18310
18320
18330
18340
18350
18360
18370
18380
18400
18420
18440
18450
18460
18510
18520
18540
18550
18560
18570
18580
18590
18600
18620
18640
18650
18680
18690
18720
18730
18740
18760
18770
18780
18800
18810
18820
18830
18840
18850
18860
18870
18880
18890
18900
18910
18920
18930
18940
18950
18960
18970
18980
18990
19000
19030
19050
19070
19080
19090
19100
19110
19130
19140
19150
19160
19170
19180
19190
19200
19210
19220
19230
19240
19270
19280
19320
19330
19340
19350
19360
19370
19380
19400
19410
19420
19440
19470
19490
19500
19510
19520
19530
19540
19550
19560
19570
19580
19600
19610
19620
19640
19650
19660
19670
19680
19690
19720
19730
19740
19760
19770
19780
19790
19800
19820
19830
19840
19850
19860
19870
19890
19900
19910
19920
19930
19940
19950
19960
19970
19980
19990
20000
20010
20020
20030
20040
20050
20060
20070
20080
20090
20100
20110
20130
20140
20150
20160
20170
20180
20200
20210
20240
20250
20270
20280
20290
20300
20310
20320
20330
20350
20360
20370
20380
20390
20400
20410
20420
20430
20440
20450
20460
20470
20480
20490
20500
20510
20520
20530
20540
20550
20560
20570
20580
20590
20600
20610
20620
20630
20640
20650
20660
20680
20690
20700
20710
20720
20730
20740
20750
20760
20770
20800
20810
20830
20840
20850
20870
20880
20890
20900
20920
20930
20940
20950
20960
20970
20980
20990
21000
21010
21020
21030
21040
21050
21060
21080
21090
21100
21110
21120
21130
21140
21160
21170
21180
21190
21200
21210
21240
21250
21260
21270
21280
21290
21300
21310
21320
21330
21340
21350
21360
21370
21380
21390
21410
21420
21430
21440
21460
21470
21480
21490
21500
21520
21530
21540
21550
21570
21580
21610
21620
21630
21640
21650
21660
21670
21680
21700
21720
21740
21750
21770
21780
21800
21810
21820
21830
21840
21850
21860
21870
21890
21900
21920
21930
21940
21950
21960
21980
21990
22000
22010
22020
22030
22040
22050
22090
22100
22110
22120
22130
22140
22150
22160
22170
22190
22230
22240
22250
22260
22270
22310
22320
22330
22350
22400
22410
22420
22470
22490
22500
22520
22550
22560
22570
22600
22610
22640
22650
22660
22680
22690
22720
22730
22740
22750
22760
22780
22800
22830
22840
22850
22860
22870
22880
22890
22910
22920
22940
22950
22960
22990
23000
23010
23030
23040
23070
23080
23110
23120
23130
23140
23150
23160
23170
23200
23220
23230
23250
23260
23270
23280
23300
23310
23320
23340
23360
23390
23400
23420
23450
23460
23480
23490
23510
23520
23530
23550
23580
23590
23600
23630
23640
23660
23670
23680
23700
23710
23720
23730
23740
23750
23770
23780
23800
23810
23820
23830
23840
23850
23860
23870
23890
23900
23910
23920
23930
23950
23960
23980
23990
24000
24010
24030
24060
24080
24110
24130
24140
24150
24160
24170
24180
24190
24210
24220
24230
24240
24250
24280
24300
24310
24320
24330
24340
24350
24360
24380
24400
24410
24420
24430
24440
24450
24460
24480
24490
24520
24560
24570
24580
24610
24620
24630
24650
24670
24680
24690
24700
24720
24730
24740
24750
24760
24780
24790
24810
24820
24850
24860
24870
24880
24890
24910
24920
24930
24940
24970
24980
25010
25020
25040
25050
25060
25070
25080
25090
25100
25120
25130
25140
25150
25160
25170
25190
25200
25210
25230
25260
25270
25280
25290
25300
25310
25320
25330
25350
25360
25370
25380
25390
25400
25440
25450
25460
25470
25510
25530
25540
25560
25580
25600
25610
25620
25630
25640
25650
25660
25670
25680
25690
25720
25730
25740
25750
25760
25770
25780
25790
25810
25820
25830
25840
25850
25860
25870
25880
25890
25900
25920
25930
25950
25980
26000
26010
26020
26030
26040
26050
26060
26070
26080
26100
26110
26120
26150
26160
26170
26180
26190
26200
26210
26230
26240
26250
26260
26270
26280
26290
26300
26310
26320
26330
26350
26360
26370
26380
26390
26410
26420
26430
26350
26360
26370
26380
26390
26410
26420
26430
26440
26450
26460
26470
26480
26490
26500
26530
26540
26550
26590
26600
26610
26620
26630
26640
26650
26660
26670
26680
26700
26710
26720
26740
26750
26760
26770
26780
26790
26800
26820
26830
26840
26870
26890
26900
26910
26920
26940
26950
26960
26970
26980
26990
27010
27020
27030
27040
27050
27060
27070
27080
27090
27100
27110
27120
27130
27140
27150
27160
27170
27180
27190
27200
27210
27220
27240
27250
27260
27270
27280
27290
27310
27340
27350
27360
27370
27380
27400
27410
27420
27430
27440
27450
27460
27470
27480
27500
27510
27520
27530
27540
27550
27560
27570
27590
27600
27610
27620
27630
27640
27650
27660
27670
27680
27690
27700
27710
27730
27740
27750
27760
27770
27780
27790
27800
27810
27820
27830
27840
27850
27860
27870
27890
27920
27930
27940
27950
27960
27970
27980
27990
28000
28010
28030
28040
28050
28060
28070
28080
28090
28100
28110
28130
28150
28160
28180
28190
28200
28210
28220
28230
28240
28250
28260
28270
28280
28290
28300
28320
28330
28340
28350
28370
28390
28400
28410
28420
28430
28440
28450
28460
28470
28480
28490
28500
28510
28520
28530
28540
28550
28560
28570
28580
28590
28600
28610
28620
28630
28640
28650
28660
28670
28680
28690
28700
28710
28720
28730
28740
28750
28760
28770
28780
28790
28800
28820
28830
28840
28850
28860
28870
28880
28890
28900
28910
28920
28930
28950
28960
28980
28990
29010
29020
29030
29040
29050
29060
29070
29080
29090
29100
29110
29130
29140
29150
29160
29170
29180
29190
29200
29220
29230
29240
29250
29260
29280
29290
29300
29310
29320
29340
29350
29360
29390
29400
29420
29430
29460
29490
29520
29540
29550
29560
29570
29590
29600
29610
29620
29630
29650
29660
29690
29700
29710
29720
29740
29750
29760
29770
29790
29800
29810
29820
29840
29850
29870
29890
29900
29910
29920
29930
29960
29970
29980
30000
30010
30020
30040
30050
30090
30100
30120
30130
30140
30150
30180
30190
30200
30220
30230
30240
30250
30260
30270
30280
30290
30310
30320
30340
30350
30360
30370
30380
30390
30410
30420
30430
30440
30450
30460
30470
30480
30500
30510
30520
30530
30540
30550
30560
30570
30580
30590
30600
30610
30620
30630
30640
30650
30660
30670
30690
30700
30710
30720
30730
30740
30750
30760
30780
30790
30800
30820
30850
30860
30870
30880
30890
30900
30910
30920
30930
30950
30970
30980
31020
31030
31040
31050
31060
31070
31080
31090
31110
31120
31130
31140
31150
31160
31180
31190
31200
31220
31230
31240
31250
31260
31270
31280
31290
31300
31310
31320
31330
31340
31350
31360
31370
31380
31400
31410
31430
31440
31460
31480
31490
31510
31520
31530
31540
31550
31560
31570
31580
31590
31600
31620
31630
31640
31660
31670
31690
31700
31730
31740
31750
31770
31780
31790
31800
31810
31820
31830
31840
31850
31860
31870
31880
31890
31900
31910
31920
31940
31950
31960
31970
31990
32000
32020
32030
32040
32050
32060
32070
32080
32090
32100
32110
32120
32130
32140
32150
32160
32170
32180
32210
32220
32230
32240
32250
32260
32270
32280
32290
32300
32310
32330
32340
32350
32360
32370
32380
32390
32400
32410
32420
32430
32440
32450
32460
32470
32480
32490
32500
32510
32520
32530
32540
32570
32580
32590
32600
32630
32640
32650
32660
32670
32680
32690
32710
32730
32740
32750
32770
32780
32790
32800
32820
32830
32840
32850
32860
32870
32880
32890
32900
32910
32920
32940
32950
32960
32970
32980
32990
33000
33020
33040
33050
33060
33070
33090
33100
33120
33130
33140
33150
33160
33180
33190
33200
33210
33220
33230
33240
33260
33270
33280
33290
33300
33320
33350
33370
33380
33390
33420
33430
33440
33450
33470
33490
33500
33510
33520
33530
33540
33550
33560
33570
33580
33590
33600
33610
33630
33640
33650
33660
33670
33680
33700
33710
33730
33740
33750
33760
33770
33780
33800
33820
33840
33850
33870
33880
33900
33910
33920
33930
33940
33950
33970
33980
33990
34040
34050
34060
34070
34080
34090
34120
34140
34170
34180
34190
34200
34220
34230
34250
34260
34270
34280
