tree
version=v4
num_class=1
num_tree_per_iteration=1
label_index=0
max_feature_idx=3
objective=quantile
feature_names=price_log price_lag_1d price_lag_3d price_std_7d
feature_infos=[-3.5065579414367676:6.86767578125] [0.029999999329447746:960.7130126953125] [0.029999999999999999:928.88] [0:167.40560913085938]
tree_sizes=3084 3385 3235 3250 4286 4284 4285 4188 3260 3143 3365 4296 4287 3470 3264 3680

Tree=0
num_leaves=29
num_cat=0
split_feature=3 0 0 0 3 1 3 0 1 3 3 1 0 3 0 3 3 1 3 3 1 1 3 3 1 0 3 0
split_gain=919.704 153.822 45.3836 29.7196 17.6016 17.5078 13.9773 17.8927 16.3782 12.9526 10.0495 12.8326 9.94157 11.6166 9.76446 6.58764 3.59997 8.87241 2.73783 2.50534 2.01442 1.98739 1.01929 1.32829 1.25159 0.451371 1.66734 0.1261
threshold=1.0000000180025095e-35 -1.1417810916900633 -3.498293280601501 -3.0737084150314327 0.002640118589624763 0.21625000238418582 0.85696265101432811 2.4886081218719487 6.8265001773834237 0.020081382244825367 2.1339553594589238 0.39024999737739569 1.3748541474342348 0.0647278167307377 -2.4505094289779659 0.010747369378805162 0.00437593529932201 0.034250000491738326 0.00082657829625532042 0.3488419800996781 12.7814998626709 0.03024999983608723 0.1538973078131676 0.084958255290985121 0.59250000119209301 -0.79352030158042897 0.044695531949400909 -1.012664198875427
decision_type=2 2 2 2 2 2 2 2 2 2 2 2 2 2 2 2 2 2 2 2 2 2 2 2 2 2 2 2
left_child=-1 2 15 4 21 25 12 8 -8 -6 14 -12 13 -7 -5 16 18 -18 -2 -14 -9 -4 23 -17 -24 26 27 -3
right_child=1 5 3 10 9 6 7 20 -10 -11 11 -13 19 -15 -16 22 17 -19 -20 -21 -22 -23 24 -25 -26 -27 -28 -29
leaf_value=19.680341733496761 21.591242586068816 20.682007250977499 21.058395273385123 21.085254551636112 22.311427898306206 20.604660631662739 20.722093347644417 20.00848215349194 21.869721246861694 20.91097559041777 20.853432076791904 20.357497637023773 20.432773180817325 20.85837505802181 21.029034675274982 19.607677832081098 21.003273131789587 23.796128418109618 20.415303593400651 20.630412252403673 20.721816714639811 21.188947678591511 20.268311229830843 19.680341733496761 19.680341733496761 19.896311173786813 16.991344529448533 20.736202503534361
leaf_weight=83090.515307605267 1419.6996534466743 61.749057769775391 918.94239795207977 30395.771747469902 5715.5714683532715 42990.872257769108 1685.4289710521698 659.7346379160881 2307.3737215399742 1436.133474946022 158.41935634613037 65.231499671936035 13149.95424669981 14276.782720565796 49123.106810629368 1370.269660115242 589.50076615810394 153.72681730985641 2888.782595038414 3963.2512291669846 4061.1415545344353 7213.8681868314743 1239.3984937667847 515.35343313217163 177.05692768096924 1573.6999680995941 241.17967867851257 38.593161106109619
leaf_count=95377 1204 8 807 23938 4057 51572 402 224 807 236 17 7 16370 12810 45654 297 380 99 2057 4543 4043 6425 133 59 19 195 45 5
internal_value=20.5882 20.5899 20.5911 20.5913 20.5931 20.5885 20.5886 20.5903 20.5925 20.5947 20.591 20.6003 20.5884 20.5887 20.591 20.5879 20.5889 20.5918 20.5885 20.5875 20.5885 20.5917 20.5864 20.5857 20.5873 20.5844 20.5858 20.5906
internal_weight=271481 188391 103381 95027 15284.5 85009.8 83094.5 8713.68 3992.8 7151.7 79742.5 223.651 74380.9 57267.7 79518.9 8353.79 5051.71 743.228 4308.48 17113.2 4720.88 8132.81 3302.08 1885.62 1416.46 1915.22 341.522 100.342
internal_count=271790 176413 85389 81141 11525 91024 90771 5476 1209 4293 69616 24 85295 64382 69592 4248 3740 479 3261 20913 4267 7232 508 356 152 253 58 13
is_linear=0
shrinkage=1


Tree=1
num_leaves=30
num_cat=0
split_feature=3 1 1 1 3 3 2 1 1 3 3 3 3 1 2 2 2 1 3 3 2 2 3 3 3 2 1 2 3
split_gain=874.382 113.413 37.6908 24.6567 14.1948 11.5312 15.8149 11.6275 9.41649 13.139 7.93094 12.0949 7.8813 7.66882 6.27023 6.21548 6.06019 5.56589 3.29921 3.14689 7.42972 2.77653 2.60659 1.80526 1.74437 1.28933 1.2052 0.642874 0.127714
threshold=1.0000000180025095e-35 0.331499993801117 0.03024999983608723 0.082250002771615996 0.0037882957840338354 0.85696265101432811 0.87850000000000017 48.718500137329109 3.2209999561309819 0.0647278167307377 0.0024311956949532036 0.021855042316019539 0.0099848099052906054 0.088250000029802336 0.28225000000000006 0.038250000000000013 0.060250000000000005 0.39024999737739569 0.0080803995952010172 0.26951168477535253 12.771500000000001 0.04225000000000001 0.00082657829625532042 0.002640118589624763 0.044695531949400909 0.46550000000000008 8.1449999809265154 48.801500000000011 0.010747369378805162
decision_type=2 2 2 2 2 2 2 2 2 2 2 2 2 2 2 2 2 2 2 2 2 2 2 2 2 2 2 2 2
left_child=-1 2 12 10 13 8 -7 17 9 18 21 -12 15 -5 -11 22 -6 -8 -3 26 -21 -4 -2 -17 28 -26 -10 -9 -14
right_child=1 5 3 4 16 6 7 27 19 14 11 -13 24 -15 -16 23 -18 -19 -20 20 -22 -23 -24 -25 25 -27 -28 -29 -30
leaf_value=-0.86785806694585166 0.95877642772979754 -0.12506402044328468 0.71664800522914962 -0.07382818652730759 -0.50562677404577439 -0.76460594477010835 0.025362342244437185 0.67370653545259962 -0.11297295245646988 -0.24953671584331516 0.84302224196790831 0.15941798648055108 -0.92670951273644875 0.28795897844929652 0.36637663313839902 -0.51114729207797949 0.52159254723792325 0.73950947311034743 0.035146731257714656 0.19290969973636782 -0.26941052506326507 0.26828079876452998 -0.044242050903600755 1.1800204071970457 -0.86465375505567721 -0.37931323905227199 -0.26804556794705231 -0.1078475635996652 -0.86465375505567721
leaf_weight=83090.515307605267 1472.3257721066475 5395.7261005043983 5919.6909846067429 3940.0061742067337 660.89193743467331 718.59566926956177 9.3187856674194318 77.015309393405914 10830.931077361107 1732.2413260936737 22632.198206961155 4260.3212009072304 63.339642465114594 11317.783035039902 11202.997300446033 23.155896663665771 38725.1094186306 5833.0017876625061 35906.099232316017 3862.3058159351349 2305.1132056713104 10236.962247848511 2737.3108334541321 236.21199893951416 2280.5508905649185 195.69449901580811 2903.9333928823471 2252.8042607307434 658.95849096775055
leaf_count=95377 1276 6686 5300 1755 165 90 1 74 13451 266 17743 764 27 12486 10019 3 34647 2986 42907 4095 2970 9730 2249 156 262 21 3749 2344 191
internal_value=-7.95815e-05 0.00158246 0.00254296 0.00277662 0.00215473 0.000363637 0.00186423 0.00241586 0.000183664 0.000484713 0.00356594 0.00402998 -0.000434124 0.00101271 0.00171109 0.00076191 0.00259709 0.00346611 0.000100593 -0.000636729 0.000190748 0.00279335 0.000352873 0.00737387 -0.00210494 -0.00154763 -0.00100828 -0.000218157 -0.00401076
internal_weight=271481 188391 105361 97693 54643.8 83030.1 8890.74 8172.14 74139.3 54237.1 43049.2 26892.5 7667.55 15257.8 12935.2 4469 39386 5842.32 41301.8 19902.3 6167.42 16156.7 4209.64 259.368 3198.54 2476.25 13734.9 2329.82 722.298
internal_count=271790 176413 86775 82590 49053 89638 5495 5405 84143 59878 33537 18507 4185 14241 10285 3684 34812 2987 49593 24265 7065 15030 3525 159 501 283 17200 2418 218
is_linear=0
shrinkage=0.0440977


Tree=2
num_leaves=29
num_cat=0
split_feature=3 0 0 0 1 3 3 0 1 3 1 3 1 3 3 3 3 3 1 3 1 1 0 3 0 3 3 1
split_gain=841.135 123.224 38.2525 27.0359 15.5868 13.9733 11.4402 14.9863 12.0061 10.7769 12.8326 9.11685 8.50828 11.0346 7.3507 6.00936 2.78617 2.32257 3.89275 2.61567 1.91288 1.52628 1.32804 2.43539 1.1681 1.01929 1.32829 1.25159
threshold=1.0000000180025095e-35 -1.1417810916900633 -3.498293280601501 -3.0737084150314327 0.28024999797344213 0.002640118589624763 0.85696265101432811 2.4886081218719487 6.8265001773834237 2.1339553594589238 0.39024999737739569 0.020081382244825367 3.2209999561309819 0.0647278167307377 0.85696265101432811 0.010747369378805162 0.26951168477535253 0.0050071375444531449 0.034250000491738326 0.00082657829625532042 12.7814998626709 0.03024999983608723 -0.59194540977478016 0.073867965489625945 -1.012664198875427 0.1538973078131676 0.084958255290985121 0.59250000119209301
decision_type=2 2 2 2 2 2 2 2 2 2 2 2 2 2 2 2 2 2 2 2 2 2 2 2 2 2 2 2
left_child=-1 2 15 5 22 21 12 8 -8 14 -11 -7 13 -6 -5 17 -14 19 -19 -2 -9 -4 23 24 -3 26 -17 -27
right_child=1 4 3 9 6 11 7 20 -10 10 -12 -13 16 -15 -16 25 -18 18 -20 -21 -22 -23 -24 -25 -26 27 -28 -29
leaf_value=-0.82958751074503878 0.90930831112202481 -0.51006935532756659 0.40714661505472072 0.42447764615201722 0.015062929053511604 1.6100278614502994 0.11243727358918632 -0.58679856581645085 1.1923641396750078 0.23050063614809632 -0.18684581657409119 0.2757739778999444 -0.14179714875207219 0.30186752186522159 -0.63492634759275457 -0.9188982687000492 0.025626558025286236 0.51369000292019207 3.0292564834300579 -0.057583530029585495 0.12762205154461712 0.54987221626272498 -0.69777211429911856 -2.289500724013287 -0.012278330987078126 -0.2676874275025638 -0.82972881357202 -0.83414069322392748
leaf_weight=83090.515307605267 1419.6996534466743 156.18736958503723 918.94239795207977 79211.358631074429 42328.762543916702 5715.5714683532715 1666.7913997173309 659.7346379160881 2307.3737215399742 158.41935634613037 65.231499671936035 1436.133474946022 13734.864470243454 11927.663661718369 307.51992702484131 1370.269660115242 6167.4190216064453 496.04144996404648 115.06362730264664 3020.9051012396812 4061.1415545344353 7213.8681868314743 1510.5788480043411 368.05220186710358 121.19177424907684 1239.3984937667847 515.35343313217163 177.05692768096924
leaf_count=95377 1204 54 807 69559 50802 4057 400 224 807 17 7 236 17200 10148 33 297 7065 293 76 2167 4043 6425 188 70 23 133 59 19
internal_value=-0.000151917 0.00147822 0.00250092 0.00275242 0.000234507 0.0044514 0.000330848 0.00184404 0.00383901 0.00242672 0.0120729 0.00587338 0.000153405 0.00043948 0.00239943 -0.000359976 -0.000626458 0.000596239 0.00314277 0.000245163 0.000164162 0.0032004 -0.00346624 -0.00178793 0.00132996 -0.00182259 -0.00249395 -0.000927719
internal_weight=271481 188391 103381 95027 85009.8 15284.5 82853.8 8695.04 3974.17 79742.5 223.651 7151.7 74158.7 54256.4 79518.9 8353.79 19902.3 5051.71 611.105 4440.6 4720.88 8132.81 2156.01 645.431 277.379 3302.08 1885.62 1416.46
internal_count=271790 176413 85389 81141 91024 11525 90689 5474 1207 69616 24 4293 85215 60950 69592 4248 24265 3740 369 3371 4267 7232 335 147 77 508 356 152
is_linear=0
shrinkage=0.0440977


Tree=3
num_leaves=29
num_cat=0
split_feature=3 0 0 2 0 3 0 3 3 2 0 3 3 3 3 2 3 2 2 3 2 3 2 2 3 3 0 2
split_gain=809.952 107.583 34.5052 31.8704 21.0454 13.0129 15.5057 12.5339 11.0939 9.30644 8.13463 12.8575 7.88435 7.73928 5.54101 4.79897 4.70591 2.91174 2.58387 2.43449 7.63747 2.14712 1.29089 1.49109 1.15792 0.926427 3.45052 0.571389
threshold=1.0000000180025095e-35 -1.1417810916900633 -3.498293280601501 0.21825000000000003 -3.0737084150314327 0.85696265101432811 2.4886081218719487 0.002640118589624763 2.1339553594589238 6.823500000000001 1.3748541474342348 0.098052706569433226 0.020081382244825367 0.0037882957840338354 0.010747369378805162 0.18225000000000002 0.0035615330561995511 10.104500000000002 12.771500000000001 0.0050071375444531449 0.030250000000000003 0.00082657829625532042 0.46550000000000008 0.81725000000000003 0.0011623817845247688 0.008661971893161537 -0.66310319304466236 0.18225000000000002
decision_type=2 2 2 2 2 2 2 2 2 2 2 2 2 2 2 2 2 2 2 2 2 2 2 2 2 2 2 2
left_child=-1 2 14 16 7 10 9 24 13 -7 11 -5 -9 -6 19 -10 -3 -8 -12 21 -21 -2 27 -24 -4 26 -18 -16
right_child=1 3 4 5 8 6 17 12 15 -11 18 -13 -14 -15 22 -17 25 -19 -20 20 -22 -23 23 -25 -26 -27 -28 -29
leaf_value=-0.79300459855849881 0.86920989393829318 0.19867521180573128 0.3666178924320036 0.025095509313480268 0.24230436527199167 0.12927723086568838 -1.5202888081988715 1.5390293144490041 0.2425558664690719 1.1377036396099982 -0.061078414373151958 0.34324449457261624 0.26361297609341278 0.52157511553755653 -0.71363362916573514 -0.17860638926776087 -0.017403633617404227 0.16270647478516695 -0.26602688283092002 -0.21193603771449745 1.3522530666886086 -0.05504422803289627 0.45767647096574232 -0.98284892472189755 0.55914435290418019 -0.71452851625357217 -0.41623970407169703 -0.7860031892985051
leaf_weight=83090.515307605267 1419.6996534466743 46.311793327331543 2285.9937527775764 47294.763618946075 28466.966441988945 1498.9418090581894 306.65765875577927 5715.5714683532715 130.46299934387207 2266.8202422261238 13797.723312437534 8762.4946752786636 1436.133474946022 51051.912116110325 2912.2570167779922 93.187856674194336 200.68443775177002 4221.252728164196 3114.7977256774902 301.5147460103035 309.59033125638962 3020.9051012396812 74.550285339355469 130.46299934387207 5846.8168320059776 2603.9518656134605 895.36133766174316 184.80821323394775
leaf_count=95377 1204 6 2116 56875 27668 374 75 4057 14 806 16868 7331 236 41924 465 10 26 4167 4019 170 199 2167 8 14 5116 361 116 21
internal_value=-0.000220665 0.00137897 0.00233456 0.000216871 0.00257342 0.000400218 0.00205532 0.00407242 0.00228606 0.00414571 0.000212075 0.000467816 0.00541915 0.00225838 -0.000382592 0.0120729 -0.00375926 0.00031626 -0.000635567 0.000535611 0.00314277 0.000176193 -0.00178705 0.00159577 0.00288764 -0.00393506 -0.00285443 -0.00201142
internal_weight=271481 188391 103381 85009.8 95027 81263.5 8293.67 15284.5 79742.5 3765.76 72969.8 56057.3 7151.7 79518.9 8353.79 223.651 3746.31 4527.91 16912.5 5051.71 611.105 4440.6 3302.08 205.013 8132.81 3700 1096.05 3097.07
internal_count=271790 176413 85389 91024 81141 90515 5422 11525 69616 1180 85093 64206 4293 69592 4248 24 509 4242 20887 3740 369 3371 508 22 7232 503 142 486
is_linear=0
shrinkage=0.0440977


Tree=4
num_leaves=39
num_cat=0
split_feature=1 0 2 2 0 2 2 0 0 1 1 2 0 0 0 1 2 2 2 2 1 2 0 0 0 1 2 2 0 2 0 2 0 0 2 2 2 0
split_gain=762.474 111.804 27.3264 17.1851 13.3867 10.1941 9.46309 8.09779 11.9333 8.51978 5.53519 4.28633 4.22082 4.27017 3.75115 12.6943 4.61845 4.03088 3.54015 3.20637 3.20575 2.51566 2.73635 3.16793 2.13289 2.32533 2.08643 1.96393 1.82089 1.79502 1.26613 1.17927 1.09658 1.77285 1.07995 1.25911 0.909639 0.687099
threshold=0.03024999983608723 -1.1417810916900633 0.21825000000000003 0.030250000000000003 -2.4505094289779659 0.12725000000000003 0.055250000000000007 -3.498293280601501 -3.1641684770584102 0.055250000208616264 0.03824999928474427 0.055250000000000007 -3.498293280601501 -3.263633012771606 2.4886081218719487 12.7814998626709 4.9125000000000005 6.823500000000001 0.055250000000000007 0.030250000000000003 0.047249998897314079 0.46550000000000008 -3.3740954399108882 -3.1641684770584102 -2.2027499675750728 0.082250002771615996 8.1355000000000022 0.81725000000000003 -0.66310319304466236 10.104500000000002 3.1623266935348515 2.6635000000000004 -0.86393621563911427 -0.79352030158042897 0.038250000000000013 0.047250000000000007 0.051250000000000011 -1.012664198875427
decision_type=2 2 2 2 2 2 2 2 2 2 2 2 2 2 2 2 2 2 2 2 2 2 2 2 2 2 2 2 2 2 2 2 2 2 2 2 2 2
left_child=3 4 28 12 7 11 34 9 10 19 -9 -6 -1 -14 15 17 -17 -4 -10 -2 -13 22 -8 -24 25 -7 -26 -23 32 -16 -31 -29 37 -34 -5 -36 -37 -3
right_child=1 2 14 6 5 24 21 8 18 -11 -12 20 13 -15 29 16 -18 -19 -20 -21 -22 27 23 -25 26 -27 -28 31 -30 30 -32 -33 33 -35 35 36 -38 -39
leaf_value=-0.75803490914437743 0.22925387098531977 -0.46122396478385097 0.050536799746317689 0.28457583846485068 -2.1558405379257208 -0.54720559714390204 -0.75453357813513811 0.67119727463473566 0.31911225074392602 -0.76588738493857134 1.3285704075737148 5.5485805433717292 0.76910382418695811 -2.2232410293162594 -1.4532475482375562 -0.065182622336635285 1.2913283150400654 0.21503647393913755 0.47353329515963077 1.5220398007154068 0.25468288444255316 0.43749398517572774 10.51110864599532 -1.2778732464275346 0.43998704742520323 1.1577844173730396 0.021955503328498049 -0.52792878908361252 -0.53502433615324285 -0.1590334569549805 0.02585284064808176 0.6480101825571235 0.11006676602607819 -0.67437908663609114 1.2873339667444736 -0.75453357813513811 -1.4742870347121171 -0.70379801736662551
leaf_weight=85746.238155186176 721.69659864902496 222.35783785581589 65516.010279476643 1530.985356926918 466.01865082979202 42.40386962890625 1592.8264191746712 5754.5026841759682 11437.722399234772 1163.7562069892883 4627.7766792178154 5.0976753234863272 719.25408381223679 516.42748659849167 306.65765875577927 51.582115173339844 382.40345788002014 7262.5814462900162 22495.169616222382 748.48051691055298 18378.53835272789 65.231499671936035 36.27895200252533 35.918554782867432 29798.686948418617 403.05002391338348 18.637571334838867 83.869071006774902 2692.3867583274841 3793.5002769827843 3950.7165359854698 46.593928337097168 110.27893912792206 167.63518476486206 204.95112282037735 73.745640635490417 27.735316276550293 283.40592992305756
leaf_count=97180 534 46 74426 1162 123 10 227 4712 9212 162 3069 1 614 137 75 6 123 7201 17362 560 15895 7 7 5 29432 187 2 9 344 4316 4368 5 18 25 139 30 12 47
internal_value=-0.000270036 0.00138503 0.000217467 -0.00356993 0.00241496 0.00190591 -0.000625599 0.00294742 0.00308861 0.00057165 0.00439696 0.00110082 -0.00369511 -0.00113508 0.000381265 0.000480618 0.0079915 0.000435721 0.00268818 0.00280219 0.00120675 -0.00284155 -0.00339732 0.00495063 0.00240732 0.00543476 0.00236191 0.00188029 -0.00361081 -0.000522175 -0.000390887 -0.00125035 -0.00173698 0.000487455 0.00161878 0.00400462 -1.55648e-05 -0.00295784
internal_weight=271481 180801 84739.5 90680.1 96061.5 49112.4 3698.14 46949.1 44315.2 2633.93 10382.3 18849.7 86981.9 1235.68 81263.5 73212.6 433.986 72778.6 33932.9 1470.18 18383.6 1860.72 1665.02 72.1975 30262.8 445.454 29817.3 195.694 3476.06 8050.87 7744.22 130.463 783.678 277.914 1837.42 306.432 101.481 505.764
internal_count=271790 172256 90995 99534 81261 45650 1603 35611 34355 1256 7781 16019 97931 751 90515 81756 129 81627 26574 1094 15896 260 239 12 29631 197 29434 21 480 8759 8684 14 136 43 1343 181 42 93
is_linear=0
shrinkage=0.0440977


Tree=5
num_leaves=39
num_cat=0
split_feature=1 0 2 1 2 2 0 2 1 0 0 2 2 0 0 2 0 1 2 1 2 2 2 0 2 2 2 0 0 0 0 0 0 1 2 2 0 1
split_gain=714.477 109.278 31.453 18.5868 14.8704 10.9804 9.60604 10.7808 9.9057 8.75666 7.17598 5.86397 4.61569 4.16092 5.61796 3.13964 3.0402 7.29373 5.07638 2.80189 1.93021 1.9281 1.75736 1.15495 1.13155 1.05277 1.02909 0.724692 0.698813 0.562014 0.523608 0.393887 0.385723 0.448269 0.350554 0.892797 0.347673 0.345842
threshold=0.03024999983608723 -1.1417810916900633 0.21825000000000003 0.082250002771615996 0.030250000000000003 0.04225000000000001 -3.0737084150314327 0.03425000000000001 0.051249999552965171 -2.8430203199386592 -2.260966300964355 10.104500000000002 6.823500000000001 -3.498293280601501 -3.3740954399108882 0.23925000000000002 2.4886081218719487 12.7814998626709 12.771500000000001 0.12725000083446505 0.082250000000000018 0.055250000000000007 0.030250000000000003 -3.498293280601501 1.6025000000000003 0.038250000000000013 8.1355000000000022 -2.023062944412231 -3.0737084150314327 -3.3740954399108882 3.1623266935348515 -3.263633012771606 0.1503577530384064 48.718500137329109 0.5465000000000001 0.76225000000000009 -3.498293280601501 0.42724999785423284
decision_type=2 2 2 2 2 2 2 2 2 2 2 2 2 2 2 2 2 2 2 2 2 2 2 2 2 2 2 2 2 2 2 2 2 2 2 2 2 2
left_child=4 3 32 6 13 25 7 22 -9 20 11 -8 19 -1 -15 23 17 18 -4 -11 21 -5 -2 -7 -19 29 -18 -12 -25 36 -28 -27 37 -34 -17 -36 -6 -3
right_child=1 2 16 9 5 15 10 8 -10 12 27 -13 -14 14 -16 34 26 24 -20 -21 -22 -23 -24 28 -26 31 30 -29 -30 -31 -32 -33 33 -35 35 -37 -38 -39
leaf_value=-0.72460730306740584 0.37523480081717642 -0.46149094069232555 0.053767762390918718 -0.39174906417372896 0.27003924448265332 -0.72126037274909782 0.41206859760366754 0.91631060749067006 2.2217623877502914 0.30047542864612825 -0.79596139619990403 21.099067847906618 0.22934175543652779 0.81031497230662475 -1.6331703720299175 -0.87848416589676048 -2.2678681550080979 -0.062308217746228668 0.51077275764719232 0.41105230275428772 -0.60113745173153899 0.59991138791767906 0.51748552136425108 0.87653499478253205 1.1524198059469093 1.2261351808070573 -0.13366820778578606 -2.3327037295087463 -1.379514637707475 -0.44809887608779825 -0.022006024169741595 -1.2315538564144908 -0.55027261711801123 -0.78510700203019568 -0.75773752335201983 -0.78150357401499826 0.582921120250387 -0.4362841477584315
leaf_weight=85455.747289896011 1738.0843200683594 1195.7031164169312 72876.033317625523 699.85714304447174 1020.0146772861481 1629.8240681886673 27485.186590015888 10638.581150472164 525.81370055675507 20098.893182814121 144.09410512447357 9.3187856674194318 37.275142669677734 589.87684988975525 686.65692722797394 102.19975090026855 129.03553432226181 18.637571334838867 411.28040516376495 30991.140116691589 1021.6647174358368 45.976272702217102 2464.004344522953 101.54840910434723 394.97422122955322 146.35885953903198 3900.0280808210373 288.58819317817688 46.094976782798767 127.56321412324905 3957.0841980576515 7.7902427911758414 1741.7618131637573 123.49811553955078 55.912714004516602 121.14421367645264 356.92456322908401 743.190105676651
leaf_count=96994 1302 191 82035 95 764 276 21933 7909 297 17713 60 1 4 492 259 11 23 2 141 29560 138 16 2109 31 122 102 4324 59 10 77 4348 7 221 16 6 13 279 97
internal_value=-0.000297273 0.00129702 0.000149846 0.00231661 -0.00349967 -0.000767524 0.00299419 0.00387983 0.00459643 0.00176197 0.00250677 0.00259547 0.00186747 -0.0036167 -0.00111659 -0.00291974 0.000332397 0.000420954 0.000387953 0.00185597 -0.00128903 0.000416378 0.00197528 -0.00360241 0.00625335 0.00190137 -0.000484815 -0.00312283 0.000131544 0.00154348 -0.000420365 0.00536195 -0.00376915 -0.00422503 0.00142283 0.000230789 0.0018029 -0.00332864
internal_weight=272127 181680 85491.2 96188.5 90447.7 3715.38 43293.7 15366.5 11164.4 52894.8 27927.2 27494.5 51127.3 86732.3 1276.53 2056.72 81687.1 73700.9 73287.3 51090 1767.5 745.833 4202.09 1777.47 413.612 1658.65 7986.15 432.682 147.643 1504.5 7857.11 154.149 3804.15 1865.26 279.257 177.057 1376.94 1938.89
internal_count=272037 172716 91520 81196 99321 1576 33670 11617 8206 47526 22053 21934 47277 97745 751 347 90995 82300 82176 47273 249 111 3411 317 124 1229 8695 119 41 1120 8672 109 525 237 30 19 1043 288
is_linear=0
shrinkage=0.0440977


Tree=6
num_leaves=39
num_cat=0
split_feature=1 0 2 1 2 2 0 0 2 1 0 2 2 0 0 2 0 1 2 2 2 0 2 2 0 2 1 1 0 0 0 1 1 1 2 2 0 0
split_gain=689.764 96.1465 29.9263 15.8999 14.095 10.313 8.2798 8.24462 9.2162 8.88206 6.8432 5.92611 4.691 4.13166 5.61796 3.13964 2.83271 6.66398 5.10337 2.65651 1.40508 1.15495 1.07411 1.03813 0.758134 0.826131 0.742681 1.68762 0.698813 0.554988 0.498358 0.448269 0.373955 0.66059 0.350554 0.892797 0.299668 0.228131
threshold=0.03024999983608723 -1.1417810916900633 0.21825000000000003 0.082250002771615996 0.030250000000000003 0.04225000000000001 -3.498293280601501 -3.0737084150314327 0.03425000000000001 0.051249999552965171 -2.023062944412231 10.104500000000002 6.823500000000001 -3.498293280601501 -3.3740954399108882 0.23925000000000002 2.4886081218719487 12.7814998626709 12.771500000000001 0.12725000000000003 0.030250000000000003 -3.498293280601501 1.6025000000000003 8.1355000000000022 -3.263633012771606 0.038250000000000013 0.23725000023841861 0.8152500092983247 -3.0737084150314327 0.1503577530384064 3.1623266935348515 48.718500137329109 0.35825000703334814 0.54550001025199901 0.5465000000000001 0.76225000000000009 -3.263633012771606 -1.012664198875427
decision_type=2 2 2 2 2 2 2 2 2 2 2 2 2 2 2 2 2 2 2 2 2 2 2 2 2 2 2 2 2 2 2 2 2 2 2 2 2 2
left_child=4 3 29 7 13 24 26 8 20 -10 11 -9 19 -1 -15 21 17 18 -4 -8 -2 -7 -19 -18 25 -6 -5 -28 -23 32 -25 -31 37 -34 -17 -36 -16 -3
right_child=1 2 16 6 5 15 12 10 9 -11 -12 -13 -14 14 36 34 23 22 -20 -21 -22 28 -24 30 -26 -27 27 -29 -30 31 -32 -33 33 -35 35 -37 -38 -39
leaf_value=-0.69265377797873395 0.35868780415940321 -0.4329873092863234 0.05139672702148889 -0.71931672679091829 0.25813113130607412 -0.6894544396339588 0.27763866068360826 0.39216667327900068 0.87590340504939745 2.1237877470069275 -2.2298368292860165 20.168647203549739 0.21922830846297517 0.77458193499425088 -0.56370303676808431 -0.83974502303116361 -2.1678603553598101 -0.059560567825290289 0.48824884703105625 0.38137293488987767 0.49466559321842779 0.83788180590585704 1.1016007277701862 -0.12777374548467454 -0.67652062659025014 1.1720654231656871 -1.7932094329696044 -0.71483826472727519 -1.3186811967532157 -0.5260068530244717 -0.021035608825550219 -0.75048557856335252 -0.24787508944594641 -0.44533231536780526 -0.7243230313084521 -0.74704105348358152 -2.0170038249654261 -0.56137739355287264
leaf_weight=85455.747289896011 1738.0843200683594 185.46926033496857 72876.033317625523 828.73363423347473 1451.026198387146 1629.8240681886673 21751.432251811028 27629.280695140362 10638.581150472164 525.81370055675507 288.58819317817688 9.3187856674194318 37.275142669677734 589.87684988975525 133.57635575532913 102.19975090026855 129.03553432226181 18.637571334838867 411.28040516376495 29990.390035569668 2464.004344522953 101.54840910434723 394.97422122955322 3900.0280808210373 61.266499042510986 146.35885953903198 175.15008306503296 111.8254280090332 46.094976782798767 1741.7618131637573 3957.0841980576515 123.49811553955078 273.47945868968964 608.25291585922241 55.912714004516602 121.14421367645264 553.08057147264481 871.69158720970154
leaf_count=96994 1302 43 82035 111 1098 276 17989 21993 7909 297 59 1 4 492 114 11 23 2 141 29391 2109 31 122 4324 29 102 19 12 10 221 4348 16 39 79 6 13 145 127
internal_value=-0.000347435 0.00121905 0.000142998 0.00217542 -0.00349396 -0.000833969 0.00166243 0.00280211 0.0036226 0.00428516 0.00235054 0.00242113 0.00174343 -0.0036079 -0.00111659 -0.00291974 0.000321064 0.000406546 0.000375001 0.00173198 0.00186165 -0.00360241 0.00598148 -0.000467769 0.00175258 0.00193769 -0.00209476 -0.000160464 0.000131544 -0.0036797 -0.000403039 -0.00422503 -0.00315318 -0.00247682 0.00142283 0.000230789 -0.00382551 -0.00371443
internal_weight=272127 181680 85491.2 96188.5 90447.7 3715.38 52894.8 43293.7 15366.5 11164.4 27927.2 27638.6 51779.1 86732.3 1276.53 2056.72 81687.1 73700.9 73287.3 51741.8 4202.09 1777.47 413.612 7986.15 1658.65 1597.39 1115.71 286.976 147.643 3804.15 7857.11 1865.26 1938.89 881.732 279.257 177.057 686.657 1057.16
internal_count=272037 172716 91520 81196 99321 1576 47526 33670 11617 8206 22053 21994 47384 97745 751 347 90995 82300 82176 47380 3411 317 124 8695 1229 1200 142 31 41 525 8672 237 288 118 30 19 259 170
is_linear=0
shrinkage=0.0440977


Tree=7
num_leaves=38
num_cat=0
split_feature=1 0 2 2 2 2 0 0 0 2 2 2 0 0 2 1 0 1 2 0 2 2 0 2 2 0 0 1 0 1 1 2 2 0 0 0 1
split_gain=665.222 85.4799 29.6472 14.0389 12.4018 10.313 10.117 8.79356 5.93391 11.8907 6.12566 4.12504 4.11335 5.61796 3.13964 2.90786 2.52371 6.72027 4.21582 1.15495 1.07411 1.05177 0.758134 0.826131 0.714984 0.698813 0.554988 0.448269 0.426836 0.373955 0.66059 0.350554 0.892797 0.299668 0.228131 0.223966 0.173548
threshold=0.03024999983608723 -1.1417810916900633 0.21825000000000003 0.030250000000000003 0.082250000000000018 0.04225000000000001 -2.023062944412231 -3.3740954399108882 -3.0737084150314327 0.03425000000000001 0.055250000000000007 6.823500000000001 -3.498293280601501 -3.3740954399108882 0.23925000000000002 0.12725000083446505 2.4886081218719487 12.7814998626709 12.771500000000001 -3.498293280601501 1.6025000000000003 8.1355000000000022 -3.263633012771606 0.038250000000000013 0.30650000000000005 -3.0737084150314327 0.1503577530384064 48.718500137329109 3.1623266935348515 0.35825000703334814 0.54550001025199901 0.5465000000000001 0.76225000000000009 -3.263633012771606 -1.012664198875427 -3.498293280601501 0.082250002771615996
decision_type=2 2 2 2 2 2 2 2 2 2 2 2 2 2 2 2 2 2 2 2 2 2 2 2 2 2 2 2 2 2 2 2 2 2 2 2 2
left_child=3 4 26 12 6 22 8 24 9 -2 -10 15 -1 -14 19 -9 17 18 -4 -7 -19 -18 23 35 36 -21 29 -28 -23 34 -31 -16 -33 -15 -3 -5 -6
right_child=1 2 16 5 7 14 -8 11 10 -11 -12 -13 13 33 31 -17 21 20 -20 25 -22 28 -24 -25 -26 -27 27 -29 -30 30 -32 32 -34 -35 -36 -37 -38
leaf_value=-0.66210933027759344 0.37047146667089376 -0.41389355906908332 0.04913024888994838 0.24674813869001891 -1.0015365508634611 -0.65905107543782049 -2.0869822174845871 0.2662495862295704 0.25146669735934052 0.97779625180457252 0.42802645355296859 19.279255981994179 0.74042464291577381 -0.53884502187963368 -0.80271418778022829 0.37544352687851318 -2.0722626709858187 -0.056934082982749427 0.46671818936713444 0.80093313426948509 1.0530226547318726 -0.12213921549203614 -0.64668761397328423 1.1203800181937118 20.958295275840278 -1.2605303714357761 -0.5028111536383626 -0.71739088070177193 -0.02010798657896605 -0.23694436482319017 -0.42569417861198827 -0.69238204195429909 -0.71409825130134208 -1.928058568614643 -0.53662193421210969 0.32338774489044231 -0.75494439224572207
leaf_weight=85455.747289896011 4611.1085529923439 185.46926033496857 72876.033317625523 1020.0146772861481 132.91115736961365 1629.8240681886673 453.29649925231934 21488.067674875259 8404.9209475517273 10772.972967684269 18817.799005806446 74.550285339355469 589.87684988975525 133.57635575532913 102.19975090026855 30598.752167880535 129.03553432226181 18.637571334838867 411.28040516376495 101.54840910434723 394.97422122955322 3900.0280808210373 61.266499042510986 146.35885953903198 65.231499671936035 46.094976782798767 1741.7618131637573 123.49811553955078 3957.0841980576515 273.47945868968964 608.25291585922241 55.912714004516602 121.14421367645264 553.08057147264481 871.69158720970154 431.01152110099792 768.86700654029846
leaf_count=96994 3458 43 82035 764 21 276 111 17975 6719 8141 15174 8 492 114 11 29479 23 2 141 31 122 4324 29 102 7 10 221 16 4348 39 79 6 13 145 127 334 103
internal_value=-0.000398624 0.00113974 0.000125134 -0.00348867 0.0020415 -0.000833969 0.00259771 0.00159066 0.00266745 0.00335985 0.00227606 0.00166792 -0.00360238 -0.00111659 -0.00291974 0.00165295 0.000302367 0.000383052 0.000351375 -0.00360241 0.00598148 -0.0004422 0.00175258 0.00193769 -0.00257421 0.000131544 -0.0036797 -0.00422503 -0.00037705 -0.00315318 -0.00247682 0.00142283 0.000230789 -0.00382551 -0.00371443 0.00161683 -0.00289677
internal_weight=272127 181680 85491.2 90447.7 96188.5 3715.38 43060.1 53128.4 42606.8 15384.1 27222.7 52161.4 86732.3 1276.53 2056.72 52086.8 81687.1 73700.9 73287.3 1777.47 413.612 7986.15 1658.65 1597.39 967.01 147.643 3804.15 1865.26 7857.11 1938.89 881.732 279.257 177.057 686.657 1057.16 1451.03 901.778
internal_count=272037 172716 91520 99321 81196 1576 33603 47593 33492 11599 21893 47462 97745 751 347 47454 90995 82300 82176 317 124 8695 1229 1200 131 41 525 237 8672 288 118 30 19 259 170 1098 124
is_linear=0
shrinkage=0.0440977


Tree=8
num_leaves=29
num_cat=0
split_feature=3 0 2 0 0 3 3 0 3 2 2 3 3 0 3 2 2 2 3 3 2 2 3 2 3 3 0 2
split_gain=669.67 65.5019 31.8514 21.3291 13.0397 12.0966 10.0342 11.5926 9.73674 8.76124 7.75156 10.4955 7.64051 10.7943 4.67599 3.82128 5.22521 2.33772 2.29956 1.71383 1.56072 1.49562 1.45902 1.12185 0.664735 1.43153 0.333205 0.110147
threshold=1.0000000180025095e-35 -1.1417810916900633 0.21825000000000003 -3.498293280601501 -3.0737084150314327 0.0037882957840338354 0.49216526746749883 2.4886081218719487 0.0647278167307377 4.331500000000001 3.2285000000000008 0.098052706569433226 0.0046808880288153895 -2.7143269777297969 0.010747369378805162 0.060250000000000005 0.030250000000000003 8.1355000000000022 0.002640118589624763 0.85696265101432811 12.771500000000001 0.082250000000000018 0.0011623817845247688 0.23925000000000002 0.035846564918756492 0.0093187596648931521 3.1623266935348515 2.6635000000000004
decision_type=2 2 2 2 2 2 2 2 2 2 2 2 2 2 2 2 2 2 2 2 2 2 2 2 2 2 2 2
left_child=-1 3 18 14 5 22 10 9 -7 -8 11 -4 21 -14 15 16 -2 -12 -3 23 -9 -6 -5 -16 25 -20 -26 -21
right_child=1 2 6 4 12 8 7 20 -10 -11 17 -13 13 -15 19 -17 -18 -19 24 27 -22 -23 -24 -25 26 -27 -28 -29
leaf_value=-0.63291182287336467 -0.033265658280587654 0.22567895913100339 0.018444750984806337 0.27321204867361859 0.23192731845589976 1.47438903589696 0.095635714706455585 -0.42384834665946275 0.13051675040508459 0.77473657763588233 -0.056798272919397971 0.43150450446729938 0.80432514585979142 0.40669970345304968 -0.63066633332937327 -0.76675171011870047 0.67684432689256313 -0.22256090067438064 -0.31931738328092152 -0.15808739122580956 0.076849674476546448 0.16654780594149615 0.49809266333243785 -1.1937086821988665 -0.82114540176412232 -0.19691541691926384 -0.81574227021948342 0.71832983797725503
leaf_weight=82885.803974807262 2828.5151458978653 23.155896663665771 46462.414236664772 2360.3786887526512 17306.152908623219 3954.7223224043846 2050.6413338780403 764.18456786870956 1090.753086566925 3622.74552744627 12467.049532055855 6247.4043462872505 5927.1687545180321 38054.457372903824 2607.5477330684662 726.71548914909363 1641.4661301970482 5278.9298431277275 1173.2320976257324 316.83871269226074 4793.7039412260056 18252.586299479008 8152.1640109419823 231.06259679794312 2326.786746263504 362.77571439743042 162.0912766456604 55.912714004516602
leaf_count=95205 2288 3 55708 2096 15830 2471 561 355 125 1837 15308 5237 3382 31504 427 95 1365 6751 152 34 5238 18709 6929 25 328 47 21 6
internal_value=-0.000452297 0.00099545 9.40017e-05 0.00174212 0.00193034 0.00309793 0.000283232 0.00150729 0.00487278 0.00290936 8.80873e-05 0.000356471 0.00170193 0.00209056 -0.000386751 0.000430749 0.000913012 -0.000709052 -0.00372368 -0.00170937 7.58269e-05 0.0012212 0.00224571 -0.00207847 -0.00380428 -0.00307819 -0.00425096 0.00109949
internal_weight=272127 189242 85735.1 103506 95098.4 15558 81687.1 11231.3 5045.48 5673.39 70455.8 52709.8 79540.4 43981.6 8408.06 5196.7 4469.98 17746 4048.04 3211.36 5557.89 35558.7 10512.5 2838.61 4024.89 1536.01 2488.88 372.751
internal_count=272037 176832 91546 85286 81046 11621 90995 7991 2596 2398 83004 60945 69425 34886 4240 3748 3653 22059 551 492 5593 34539 9025 452 548 199 349 40
is_linear=0
shrinkage=0.0440977


Tree=9
num_leaves=28
num_cat=0
split_feature=3 0 0 1 0 1 3 3 0 3 0 1 1 3 3 1 1 1 3 3 0 1 1 0 3 1 1
split_gain=650.744 58.7008 19.3972 17.6318 11.1184 10.6131 9.32968 7.29504 9.9953 6.23093 7.82273 10.3407 7.05195 7.20751 4.61418 3.48013 3.74615 2.21702 1.73607 1.71383 1.29845 1.22357 1.19839 1.15156 1.22052 1.10558 0.746629
threshold=1.0000000180025095e-35 -1.1417810916900633 -3.498293280601501 0.28024999797344213 -3.1641684770584102 0.03824999928474427 0.002640118589624763 0.0040715329814702281 -2.5737432241439815 0.49216526746749883 2.4886081218719487 6.8265001773834237 3.2209999561309819 0.0647278167307377 0.010747369378805162 0.082250002771615996 0.051249999552965171 8.1449999809265154 0.018428109586238865 0.85696265101432811 -2.3202432394027706 0.03024999983608723 48.718500137329109 -0.93840873241424549 0.073867965489625945 0.54550001025199901 0.23725000023841861
decision_type=2 2 2 2 2 2 2 2 2 2 2 2 2 2 2 2 2 2 2 2 2 2 2 2 2 2 2
left_child=-1 2 14 23 5 18 -7 20 -9 12 11 -11 13 -5 15 16 -2 -14 -4 25 -6 -21 -12 24 26 -16 -3
right_child=1 3 4 9 7 6 -8 8 -10 10 22 -13 17 -15 19 -17 -18 -19 -20 21 -22 -23 -24 -25 -26 -27 -28
leaf_value=-0.6050018587790339 0.20601982295848936 -0.11499930137119545 0.5446456665051882 0.002844254980121216 0.20434372713837776 0.45447639032102116 1.56545469388696 0.70781064477340905 0.34415145957806542 0.10121267890457632 0.14077645446348649 0.72508941138796723 -0.06150491344005328 0.23403094894790849 -0.59898615482571149 -0.73293971305167549 2.3868773736048867 -0.2193445818106565 -0.22675863267733076 -0.033522345298323868 0.1240429092612932 -0.46840453065107124 -0.17717966547688765 -0.58456364904545977 -1.3035158062253471 -0.64700147220385329 -0.69221866104684227
leaf_weight=82885.803974807262 4476.4568945169449 112.80086499452591 6794.954681456089 42539.578305840492 22653.223064005375 1828.4934029579163 2715.0948904156685 11682.807730436325 38534.112964510918 3151.4153918623924 3213.4043793678284 2901.5346351265907 12678.877375304699 11108.325621008873 2708.1473305225372 702.39553213119507 17.844338595867157 5315.1552578806877 541.59919941425323 307.51992702484131 10348.097510993481 65.231499671936035 2560.6058319211006 1925.8780761957169 148.50518667697906 130.46299934387207 79.034133970737457
leaf_count=95205 3646 25 5704 51020 20457 1600 1497 7011 33296 1046 3057 1402 15368 9978 438 91 11 6761 84 33 11397 7 2564 261 26 14 38
internal_value=-0.000499341 0.000927802 0.00163464 7.44355e-05 0.00181414 0.00307613 0.00475088 0.00163395 0.00196866 0.000178657 0.00111634 0.00222388 2.3847e-05 0.000277229 -0.000395523 0.000416558 0.000867806 -0.000731567 0.00203844 -0.00170937 0.00112458 0.00109949 -4.48891e-05 -0.00376263 -0.00139277 -0.00207847 0.000930676
internal_weight=272127 189242 103506 85735.1 95098.4 11880.1 4543.59 83218.2 50216.9 83468.9 11827 6052.95 71641.9 53647.9 8408.06 5196.7 4494.3 17994 7336.55 3211.36 33001.3 372.751 5774.01 2266.22 340.34 2838.61 191.835
internal_count=272037 176832 85286 91546 81046 8885 3097 72161 40307 91196 8069 2448 83127 60998 4240 3748 3657 22129 5788 492 31854 40 5621 350 89 452 63
is_linear=0
shrinkage=0.0440977


Tree=10
num_leaves=30
num_cat=0
split_feature=3 1 2 3 2 2 3 2 3 1 3 1 1 3 3 1 1 1 3 1 3 3 1 3 3 3 1 2 2
split_gain=613.868 39.3838 17.5934 10.7494 9.29399 8.51957 7.94754 8.07212 8.4634 7.35498 7.02164 9.70576 4.83709 4.65348 4.63333 4.3427 3.77576 2.46354 2.27365 2.22909 2.05155 2.02347 1.88869 2.3827 1.79515 1.6553 1.50059 1.0258 1.61311
threshold=1.0000000180025095e-35 0.331499993801117 0.030250000000000003 0.0040715329814702281 0.088250000000000009 0.082250000000000018 0.3488419800996781 3.2285000000000008 0.02392896264791489 0.088250000029802336 0.0647278167307377 0.088250000029802336 0.8152500092983247 0.00082657829625532042 0.1538973078131676 48.718500137329109 0.088250000029802336 0.76124998927116405 0.018428109586238865 8.1449999809265154 2.1339553594589238 2.1339553594589238 0.03024999983608723 0.0647278167307377 0.85696265101432811 0.26951168477535253 0.03024999983608723 0.082250000000000018 0.055250000000000007
decision_type=2 2 2 2 2 2 2 2 2 2 2 2 2 2 2 2 2 2 2 2 2 2 2 2 2 2 2 2 2
left_child=-1 2 13 5 12 16 7 8 -6 -7 11 -5 17 26 -12 21 -4 18 -3 -9 -17 -8 24 -24 -15 -19 -2 28 -14
right_child=1 4 3 10 6 9 15 19 -10 -11 14 -13 27 22 -16 20 -18 25 -20 -21 -22 -23 23 -25 -26 -27 -28 -29 -30
leaf_value=-0.57832266027889034 0.36760356223042728 0.03768164086221238 0.24364500645436615 0.79226338437967947 -0.038634719936392274 -0.15268300570970664 0.24691181765045461 -0.070273703779097127 0.13282605285269825 0.15264546076238147 -0.14509651598817597 0.39629531681184488 -0.66602362302846096 -0.57518562901181669 0.13374297486399658 -0.36238571969898165 1.5444001284841302 0.043903032373461714 -0.33871405334105487 -0.22936752380898354 0.065036330851426002 0.63853506419010964 0.20229034374862029 -0.60948885398870689 -0.20843494524002409 20.999541881984587 1.3702860379028807 -0.48877031486923606 -0.70546984960417169
leaf_weight=83136.921875715256 1138.5931169986725 162.0912766456604 26240.573268473148 15781.737280547619 23993.492024838924 4434.0382804274559 8556.8488267660141 11708.978547811508 27159.566343307495 12509.280296504498 2843.5043098330498 32498.472196280956 158.41935634613037 3631.79208111763 4165.8245524764061 719.18584769964218 27.975550591945648 55.630578994750977 624.6219220161438 3976.8195897340775 1756.8454119563103 2834.847796857357 1451.0959810018539 210.92876482009888 270.24478435516357 41.793467998504639 328.48778659105301 1347.8424668312073 121.14421367645264
leaf_count=95383 984 21 23559 10776 29672 1976 7042 14547 29701 13810 682 31150 17 1690 551 918 23 7 75 5130 1722 959 1048 24 29 5 282 174 13
internal_value=-0.000508734 0.000881897 0.00144754 0.00159966 0.000164571 0.00107854 0.000246794 4.74601e-05 0.000315818 0.000307533 0.00200692 0.00219627 -0.00247665 -0.000683488 0.000702549 0.00120746 0.00157581 0.000149058 -0.000673 -0.000827649 -0.000466211 0.00157125 -0.00126601 -2.10648e-05 -0.00179613 0.00672668 0.00152513 -0.00390235 -0.00146469
internal_weight=271888 188751 105533 98501.4 83218.1 43211.9 80706.6 66838.9 51153.1 16943.3 55289.5 48280.2 2511.54 7031.14 7009.33 13867.7 26268.5 884.137 786.713 15685.8 2476.03 11391.7 5564.06 1662.02 3902.04 97.424 1467.08 1627.41 279.564
internal_count=271970 176587 86584 82527 90003 39368 89691 79050 59373 15786 43159 41926 312 4057 1233 10641 23582 108 96 19677 2640 8001 2791 1072 1719 12 1266 204 30
is_linear=0
shrinkage=0.0440977


Tree=11
num_leaves=39
num_cat=0
split_feature=1 0 2 2 2 1 0 1 0 2 1 0 0 0 0 2 2 2 2 0 2 0 2 2 0 1 0 1 1 2 2 2 0 2 0 2 2 1
split_gain=572.458 56.0909 22.8572 12.8176 12.0842 6.13738 9.55044 5.99162 3.2705 4.14203 2.97364 2.94277 4.27553 2.7983 2.53267 2.49745 2.41267 3.73783 1.4625 1.42201 1.40059 1.37954 4.7114 3.28539 2.88545 2.47178 7.52851 2.2334 1.13482 1.4749 0.838597 0.800696 1.15258 0.797773 1.14922 0.937507 1.38938 0.703117
threshold=0.03024999983608723 -1.1417810916900633 0.28225000000000006 0.030250000000000003 0.055250000000000007 0.042249999940395362 -3.498293280601501 0.03824999928474427 -3.0737084150314327 0.055250000000000007 0.070250000804662718 -3.498293280601501 -3.263633012771606 -0.13438894599676129 -3.1641684770584102 0.047250000000000007 0.065250000000000016 0.051250000000000011 0.038250000000000013 -3.263633012771606 0.030250000000000003 1.1130081415176394 1.0385000000000002 1.4085000000000003 -0.3085655122995376 6.8265001773834237 2.1290646791458134 5.8815000057220468 0.055250000208616264 0.030250000000000003 0.082250000000000018 0.047250000000000007 -3.3740954399108882 0.16725000000000004 -3.263633012771606 0.81725000000000003 0.46550000000000008 0.8152500092983247
decision_type=2 2 2 2 2 2 2 2 2 2 2 2 2 2 2 2 2 2 2 2 2 2 2 2 2 2 2 2 2 2 2 2 2 2 2 2 2 2
left_child=3 5 13 11 18 7 28 16 10 -10 -8 -1 -13 30 15 -9 17 -2 -5 -18 -16 22 24 -24 -4 27 -27 -23 29 -7 -3 -20 -33 34 -6 36 -35 -32
right_child=1 2 21 4 33 6 8 14 9 -11 -12 12 -14 -15 20 -17 19 -19 31 -21 -22 25 23 -25 -26 26 -28 -29 -30 -31 37 32 -34 35 -36 -37 -38 -39
leaf_value=-0.55281995342465096 0.44549320778408713 -4.2717584183294459 0.04530094664824811 0.18619063224054763 -0.55339789163916786 -0.86311778066586209 0.62203050416010452 1.048077354477021 0.12352616447374451 0.29538961192056268 -0.46451456836692939 0.6554974777981728 -1.8726888715229635 -0.54113691677902909 3.7591038107437593 1.568680782677556 -0.98994301437474996 1.2027227754384568 0.99099060173306031 -1.72425023863788 0.56594787182969852 -0.028949412278664235 0.25535673485948779 0.06990372528090813 -0.087556638800807177 0.39959981986072335 -0.026928058595947022 -0.21926067523618992 -0.58261178926033441 0.22868367436025461 -0.14595003430173678 -0.57896108923227163 -0.68960869738114783 -0.52858551590496494 9.8126997935197124 -0.62658167867157877 -0.14771664732854697 -0.8199480592149867
leaf_weight=85603.042946577072 7197.5022358894348 227.05178499221802 23574.718129873276 1517.5688961744308 1546.3373486399651 63.848023593425751 4097.4577991962433 2482.22189193964 8277.0621045827866 70629.795688092709 414.50422024726868 651.86717677116394 529.32967567443848 2211.2299218177795 24.063093602657318 250.14650440216064 186.10244154930115 121.89323824644089 206.60671907663345 88.263062119483948 1140.4631013870239 10083.310426294804 7508.3697236180305 12046.428483188152 10322.085342347622 2979.5301357507706 12310.752775073051 2303.4614078402519 1173.8982731103897 65.149536669254303 1378.5976907610893 60.12312787771225 28.441918969154358 159.53591108322144 44.013079404830933 139.7817850112915 93.187856674194336 149.85431909561157
leaf_count=97155 5821 27 27159 1140 228 25 3016 1932 6507 62610 66 595 144 280 14 108 29 56 126 16 752 11753 8121 12701 12260 2995 12976 2674 163 30 381 27 13 18 8 15 10 19
internal_value=-0.000547779 0.000882435 5.76931e-05 -0.00341052 -0.000901919 0.00161187 0.00148213 0.00256826 0.00154065 0.00147459 0.0026954 -0.00352023 -0.00133272 -0.00321035 0.0039739 0.00470798 0.0018465 0.00199874 0.00169995 -0.00220742 0.00224896 0.00021752 0.000348368 0.000893433 3.39075e-05 -3.51866e-05 0.000339891 -0.000498174 -0.00226299 0.0016528 -0.0018942 0.00453512 0.00101204 -0.00328022 -0.00371972 -0.00149455 0.0001115 -0.00152076
internal_weight=271888 181308 85095.4 90579.8 3795.6 96212.4 84721.7 11490.7 83418.8 78906.9 4511.96 86784.2 1181.2 3966.73 3896.89 2732.37 7593.76 7319.4 1812.74 274.366 1164.53 81128.7 53451.6 19554.8 33896.8 27677.1 15290.3 12386.8 1302.9 128.998 1755.5 295.172 88.565 1982.86 1590.35 392.506 252.724 1528.45
internal_count=271970 172491 91346 99479 1585 81145 72417 8728 72199 69117 3082 97894 739 707 2806 2040 5922 5877 1306 45 766 90639 60241 20822 39419 30398 15971 14427 218 55 427 166 40 279 236 43 28 400
is_linear=0
shrinkage=0.0440977


Tree=12
num_leaves=39
num_cat=0
split_feature=1 0 2 2 2 1 0 1 0 0 0 0 2 2 0 2 2 2 2 2 0 0 1 0 0 1 0 0 1 2 2 2 0 2 2 1 0 0
split_gain=555.601 50.2052 22.7909 12.3083 11.7226 5.04401 9.16472 5.87716 3.27127 3.80565 3.24851 2.7983 2.41554 2.33227 2.28043 2.37905 2.21368 3.91408 1.54469 1.42902 1.42201 1.32575 4.3985 4.06508 2.71285 2.21478 6.83239 1.98794 1.13482 1.4749 0.838597 0.797773 1.14922 0.937507 1.38938 0.703117 0.4576 0.787572
threshold=0.03024999983608723 -1.1417810916900633 0.28225000000000006 0.030250000000000003 0.055250000000000007 0.042249999940395362 -3.498293280601501 0.03824999928474427 -3.498293280601501 -3.263633012771606 -3.1641684770584102 -0.13438894599676129 0.28225000000000006 0.30650000000000005 -3.1641684770584102 0.16725000000000004 0.065250000000000016 0.051250000000000011 0.03425000000000001 0.030250000000000003 -3.263633012771606 1.1130081415176394 1.0374999642372134 0.1503577530384064 -0.3085655122995376 6.8265001773834237 2.1290646791458134 1.845142185688019 0.055250000208616264 0.030250000000000003 0.082250000000000018 0.16725000000000004 -3.263633012771606 0.81725000000000003 0.46550000000000008 0.8152500092983247 -2.9141628742218013 -3.1641684770584102
decision_type=2 2 2 2 2 2 2 2 2 2 2 2 2 2 2 2 2 2 2 2 2 2 2 2 2 2 2 2 2 2 2 2 2 2 2 2 2 2
left_child=3 5 11 8 18 7 28 16 -1 -10 13 30 -12 -8 15 -9 17 -2 -5 -16 -18 22 24 -24 -4 27 -27 -23 29 -7 -3 32 -6 34 -33 -32 37 -20
right_child=1 2 21 4 31 6 10 14 9 -11 12 -13 -14 -15 19 -17 20 -19 36 -21 -22 25 23 -25 -26 26 -28 -29 -30 -31 35 33 -34 -35 -36 -37 -38 -39
leaf_value=-0.5284418576250427 0.42584797604062852 -4.083383640411788 0.0438203155634296 0.16053212835602368 -0.52899431008588438 -0.82505626025027234 0.77569810329745648 1.0370437483952708 0.62659153796880762 -1.7901075746105868 0.25887151247633217 -0.51727401617961732 0.46371592237295639 19.93826221926598 3.5933359287212552 1.5199276015833747 -0.94628879116684994 1.1496854513361427 0.59902547268062245 0.54099086484834802 -1.6482147459976149 -0.035009959451074261 0.28342652320243111 0.099762801977289095 -0.084972032492913574 0.38197838157919312 -0.02574059278889217 -0.31114642415229904 -0.55691994162606573 0.21859924725731616 -0.13951397153641398 -0.50527610338251527 9.379982171557419 -0.59895085946125681 -0.14120268096849753 -0.78379022479816096 -0.033723713440237904 5.8270853778689027
leaf_weight=85603.042946577072 7197.5022358894348 227.05178499221802 23616.435859799385 1204.0214792490005 1546.3373486399651 63.848023593425751 1767.4081134200096 2683.7111660838127 651.86717677116394 529.32967567443848 76270.363137841225 2211.2299218177795 5334.4546325206757 46.593928337097168 24.063093602657318 48.657230257987976 186.10244154930115 121.89323824644089 574.60648429393768 1140.4631013870239 88.263062119483948 11019.408478677273 3011.3390778303146 16424.675705492496 10399.151035904884 2979.5301357507706 12310.752775073051 1367.3633554577827 1173.8982731103897 65.149536669254303 1378.5976907610893 159.53591108322144 44.013079404830933 139.7817850112915 93.187856674194336 149.85431909561157 14.411994457244871 19.700704097747803
leaf_count=97155 5821 27 27169 932 228 25 1067 2033 595 144 66552 280 4575 5 14 7 29 56 358 752 16 13038 3377 17466 12229 2995 12976 1389 163 30 381 18 8 15 10 19 5 11
internal_value=-0.000575778 0.000833222 5.29494e-05 -0.00339606 -0.00093778 0.00152333 0.00140571 0.00239036 -0.00350356 -0.00119747 0.00146303 -0.00321035 0.00142197 0.00330853 0.00378248 0.00447904 0.00167557 0.0018214 0.00162489 0.00214567 -0.00220742 0.000212544 0.000340816 0.000870002 3.84305e-05 -3.51866e-05 0.000319858 -0.000473445 -0.00226299 0.0016528 -0.0018942 -0.00328022 -0.00371972 -0.00149455 0.0001115 -0.00152076 0.00343347 0.00362335
internal_weight=271888 181308 85095.4 90579.8 3795.6 96212.4 84721.7 11490.7 86784.2 1181.2 83418.8 3966.73 81604.8 1814 3896.89 2732.37 7593.76 7319.4 1812.74 1164.53 274.366 81128.7 53451.6 19436 34015.6 27677.1 15290.3 12386.8 1302.9 128.998 1755.5 1982.86 1590.35 392.506 252.724 1528.45 608.719 594.307
internal_count=271970 172491 91346 99479 1585 81145 72417 8728 97894 739 72199 707 71127 1072 2806 2040 5922 5877 1306 766 45 90639 60241 20843 39398 30398 15971 14427 218 55 427 279 236 43 28 400 374 369
is_linear=0
shrinkage=0.0440977


Tree=13
num_leaves=31
num_cat=0
split_feature=3 1 2 3 2 3 2 3 1 2 1 3 3 3 1 1 2 1 2 2 3 3 2 3 3 1 3 3 3 1
split_gain=577.104 28.7371 12.3469 10.2926 9.2782 8.71799 9.68537 7.2011 7.26087 6.25333 5.32627 5.29812 5.19886 4.85264 4.28195 4.15142 3.0547 2.91863 2.30973 2.01571 1.97095 1.9391 1.90464 1.34388 1.15682 1.02296 1.41408 0.769291 0.609618 0.128619
threshold=1.0000000180025095e-35 0.331499993801117 0.030250000000000003 0.00437593529932201 0.088250000000000009 0.0647278167307377 0.076250000000000012 0.3488419800996781 5.8815000057220468 0.082250000000000018 0.088250000029802336 0.00573678594082594 0.016966353170573715 0.02392896264791489 0.051249999552965171 48.718500137329109 0.082250000000000018 0.8152500092983247 0.055250000000000007 0.076250000000000012 2.1339553594589238 0.85696265101432811 48.801500000000011 0.084958255290985121 0.014442826621234419 0.03024999983608723 0.00082657829625532042 0.0050071375444531449 0.18138061463832858 0.8152500092983247
decision_type=2 2 2 2 2 2 2 2 2 2 2 2 2 2 2 2 2 2 2 2 2 2 2 2 2 2 2 2 2 2
left_child=-1 2 11 9 12 6 -5 8 13 19 -11 25 17 -6 -7 22 18 24 -14 -4 -17 23 -9 -13 -3 27 -27 -2 -10 -18
right_child=1 4 3 5 7 14 -8 15 28 10 -12 21 16 -15 -16 20 29 -19 -20 -21 -22 -23 -24 -25 -26 26 -28 -29 -30 -31
leaf_value=-0.50513878010423086 -0.01560717722019999 0.0019014305553947005 0.18207292066149258 0.77524644823332667 -0.042182676924345471 -0.35699224563505788 0.38569401191907399 0.28262605855359568 -0.22120089038520721 -0.14136187689594745 0.12444543877702971 -0.50214008474251182 -0.47945210851305509 0.077690058185480873 0.11941610124817571 -0.34408277104879942 -0.38009240052509852 -0.33831170941757482 0.31054758316025033 0.32950448678669159 0.064490944468413608 -0.1515622674676215 1.7061257644992136 -0.50927656569793722 0.1695539968306902 1.2714354034065023 0.27668088397522311 1.1178816669133629 -0.11399154266306787 -0.49281381488326331
leaf_weight=83136.921875715256 2574.9467314481735 154.37264442443848 25178.44262689352 11416.086503207684 24060.100464642048 1846.1786535978317 34207.018325209618 11296.449016988277 3661.4321321845055 4594.568569123745 13911.515885531902 1686.0934764146805 419.34535503387451 35291.941193878651 5163.1502087116241 719.18584769964218 345.894455909729 69.467689990997314 205.49519920349121 2184.4449628591537 1756.8454119563103 270.24478435516357 95.247606635093689 1189.4609937667847 38.593161106109619 328.48778659105301 957.54050678014755 24.368235528469086 3825.3827149868011 1278.37477684021
leaf_count=95383 2225 20 22711 7491 29758 208 31796 7929 4731 2092 15357 498 45 39738 1025 918 45 9 23 1847 1722 29 72 130 5 282 866 27 4823 165
internal_value=-0.000601361 0.000746986 0.00123016 0.0013576 0.000134242 0.00177841 0.00200087 0.000216395 2.66533e-05 0.000874706 0.000248597 -0.000555069 -0.00250473 0.0001899 0.000330415 0.00113083 -0.00319016 0.00335938 -0.000568725 0.00129813 -0.000505547 -0.00190006 0.00148652 -0.00223571 0.00614185 0.000534123 0.00155087 3.06798e-05 -0.00126734 -0.00419763
internal_weight=271888 188751 105533 98501.4 83218.1 52632.4 45623.1 80706.6 66838.9 45869 18506.1 7031.14 2511.54 59352 7009.33 13867.7 2249.11 262.433 624.841 27362.9 2476.03 3145.8 11391.7 2875.55 192.966 3885.34 1286.03 2599.31 7486.81 1624.27
internal_count=271970 176587 86584 82527 90003 40520 39287 89691 79050 42007 17449 4057 312 69496 1233 10641 278 34 68 24558 2640 657 8001 628 25 3400 1148 2252 9554 210
is_linear=0
shrinkage=0.0440977


Tree=14
num_leaves=29
num_cat=0
split_feature=3 0 2 0 3 0 2 3 0 2 2 3 3 2 3 2 0 3 0 2 0 3 3 3 3 3 0 2
split_gain=564.436 36.599 22.548 11.3495 9.95643 14.9577 7.66182 6.89773 6.82337 6.6676 6.53455 5.97901 5.46465 5.14956 4.27693 3.71391 2.97372 2.21218 3.445 1.80586 1.65072 1.65758 1.62819 3.1619 1.58576 1.0409 0.37865 0.228808
threshold=1.0000000180025095e-35 -1.1417810916900633 0.28225000000000006 -3.498293280601501 0.00437593529932201 -2.7143269777297969 0.051250000000000011 0.3488419800996781 2.4886081218719487 0.03425000000000001 3.2285000000000008 0.02392896264791489 0.0099848099052906054 0.082250000000000018 0.0035615330561995511 0.03425000000000001 -0.79352030158042897 0.0647278167307377 -0.13438894599676129 8.1355000000000022 -3.0737084150314327 0.0022293995134532456 0.032071718946099288 0.0647278167307377 2.1339553594589238 0.002640118589624763 3.1623266935348515 0.030250000000000003
decision_type=2 2 2 2 2 2 2 2 2 2 2 2 2 2 2 2 2 2 2 2 2 2 2 2 2 2 2 2
left_child=-1 3 14 12 20 9 -7 10 16 -6 11 -4 13 15 -3 -2 -9 18 -16 -12 25 -22 27 -24 -10 -5 -19 -14
right_child=1 2 7 4 5 6 -8 8 24 -11 19 -13 22 -15 17 -17 -18 26 -20 -21 21 -23 23 -25 -26 -27 -28 -29
leaf_value=-0.48286331501439006 0.10577777275071477 0.22644439490434043 -0.035377658968895019 0.21803109289956515 -0.095011829893456259 -1.8231739419232418 0.33647987017554626 -0.02048874711949214 -0.10776236223180101 0.89378472362873784 -0.06637272751661917 0.11049816359836349 -0.47999685526093544 -0.6374012972750509 -0.030479673657619999 0.51621741435315338 0.38160236037646389 -0.84762882492514868 -0.35438074762599264 -0.21065442878702542 0.039028005436394536 0.17429988299767471 0.96824480049900818 -0.46725204096019979 0.18895214055036885 0.57515574015511184 -0.98147607201734699 -0.87166903826370346
leaf_weight=83136.921875715256 3842.8590941429138 46.311793327331543 24865.20061814785 8047.9240338206291 980.14335250854492 802.1922145485878 39381.710431396961 174.31183338165283 3518.2940646409988 9951.1052102446556 11702.941816568375 26857.678567171097 384.3430569767952 694.67689990997314 881.64732396602631 548.84975510835648 7218.1342479586601 2269.9222057461739 887.64270544052124 3982.856320977211 11832.294812977314 21319.148685395718 493.94520246982574 2060.3205878734589 2809.2389551401138 2800.1753633618355 132.81690120697021 263.98986709117889
leaf_count=95383 3202 6 30710 7175 488 246 33233 25 4331 5329 14540 29629 103 90 238 396 3972 358 115 5137 11947 20334 87 227 2295 2267 17 90
internal_value=-0.000635144 0.000698323 2.24242e-05 0.00125619 0.00139257 0.00181117 0.00141766 0.000185881 0.00108713 0.00325746 2.43252e-06 0.000241533 -0.000308762 0.000589671 -0.00312054 0.00114784 0.00199687 -0.00326936 -0.00208414 -0.000785952 0.000906249 0.000751698 -0.0017354 -0.00123355 2.41359e-05 0.00137844 -0.00414088 -0.00370761
internal_weight=271888 188751 85347 103404 95114.7 51115.2 40183.9 81128.7 13720 10931.2 67408.7 51722.9 8288.98 5086.39 4218.34 4391.71 7392.45 4172.03 1769.29 15685.8 43999.5 33151.4 3202.6 2554.27 6327.53 10848.1 2402.74 648.333
internal_count=271970 176587 91373 85214 81019 39296 33479 90639 10623 5817 80016 60339 4195 3688 734 3598 3997 728 353 19677 41723 32281 507 314 6626 9442 375 193
is_linear=0
shrinkage=0.0440977


Tree=15
num_leaves=33
num_cat=0
split_feature=3 0 2 3 3 3 0 2 2 2 3 3 0 0 3 0 0 3 3 2 2 0 2 3 0 2 2 0 3 2 0 0
split_gain=557.654 31.7862 20.9195 12.0502 8.36724 7.60553 10.1881 10.7251 6.06403 5.99139 5.70334 5.5633 5.49261 5.92678 5.13907 4.95662 4.48851 3.69711 3.27233 2.91831 2.56839 4.71495 4.60294 2.06842 1.64184 1.45973 1.38071 0.957772 0.813519 0.435994 0.250479 0.229979
threshold=1.0000000180025095e-35 -1.1417810916900633 0.28225000000000006 0.084958255290985121 0.85696265101432811 0.0037882957840338354 -2.3832566738128658 0.030250000000000003 0.095250000000000015 4.9125000000000005 0.13121456652879718 0.010747369378805162 2.4886081218719487 1.5786693692207339 0.016966353170573715 0.1503577530384064 -1.2828360795974729 0.1538973078131676 0.1538973078131676 0.11825000000000001 0.082250000000000018 -2.5737432241439815 0.076250000000000012 0.0070525221526622781 -1.2828360795974729 12.771500000000001 12.771500000000001 -1.012664198875427 0.098052706569433226 0.088250000000000009 3.1623266935348515 1.5786693692207339
decision_type=2 2 2 2 2 2 2 2 2 2 2 2 2 2 2 2 2 2 2 2 2 2 2 2 2 2 2 2 2 2 2 2
left_child=-1 3 14 5 9 20 7 -7 18 10 -4 -8 13 -6 15 23 19 -18 28 -10 22 -22 -2 -3 -20 -11 -14 29 -5 -16 -29 -17
right_child=1 2 4 8 12 6 11 -9 16 25 -12 -13 26 -15 27 31 17 -19 24 -21 21 -23 -24 -25 -26 -27 -28 30 -30 -31 -32 -33
leaf_value=-0.46157014699718019 0.17459794371603723 0.030920564256713516 0.01199274830441943 -0.24090251670840146 0.018754753997875212 -0.43840587298052391 0.14844319028658401 0.62303710699179871 0.32972331575492025 -0.068635954830918069 0.22830752139092333 0.47507109172176559 -0.30665830531037119 0.89432984913497016 -2.6498085098873099 -0.38822121378765873 -0.23156303842011833 1.6373253800650558 -0.05830047060996129 -0.035328706804379252 -0.4083137166033069 0.11509155962295867 0.38916532915837554 0.046122430350471741 20.915093467508235 -0.21761803547421935 0.16779422227000232 -0.5938540250097416 -0.46621388719529744 -0.29558753912279556 -0.62901978073474096 -0.86435168919692373
leaf_weight=83061.009046196938 26603.081262409687 532.58562326431274 51804.500987291336 213.45020943880081 1254.7230749130249 1849.7190592885017 19041.299322962761 18546.91580504179 263.68177151679993 10126.615256845951 7631.9579291939735 13360.200381159782 700.1335055232048 2500.3501811623573 81.311116695404053 393.65024328231812 129.09652835130692 249.18283295631409 2899.6688780784607 2644.3527402877808 1234.8702970743179 13170.974112689495 1786.9113993644714 155.91637086868286 63.3492112159729 3081.8610638976097 3782.0867298841476 2681.2165137529373 1221.6436419487 245.05250149965286 177.52854108810425 254.71486330032349
leaf_count=95562 24111 69 62354 33 264 741 20353 12890 42 12370 6416 10519 252 909 10 51 44 54 318 463 167 13780 1578 22 8 3961 3949 410 150 147 23 33
internal_value=-0.000662935 0.000662481 3.30676e-05 0.00118296 0.000196271 0.00131801 0.00167214 0.00244421 -0.000497024 4.52295e-05 0.000234021 0.00118606 0.00152814 0.002772 -0.00288546 -0.000590245 0.000935891 0.0054479 -0.00156768 0.000347295 0.000881082 0.000401466 0.00112443 0.0020141 -0.000730091 -0.000804262 0.000485687 -0.00384833 -0.00329533 -0.00157874 -0.00410679 -0.00335465
internal_weight=271744 188683 85404.2 103278 80882.2 95594 52798.1 20396.6 7684.43 72644.9 59436.5 32401.5 8237.29 3755.07 4521.98 1336.87 3286.31 378.279 4398.11 2908.03 42795.8 14405.8 28390 688.502 2963.02 13208.5 4482.22 3185.11 1435.09 326.364 2858.75 648.365
internal_count=272053 176491 91240 85251 90475 84139 44503 13631 1112 85101 68770 30872 5374 1173 765 175 603 98 509 505 39636 13947 25689 91 326 16331 4201 590 183 157 433 84
is_linear=0
shrinkage=0.0440977


end of trees

feature_importances:
price_lag_3d=154
price_log=140
price_std_7d=124
price_lag_1d=96

parameters:
[boosting: gbdt]
[objective: quantile]
[metric: quantile]
[tree_learner: serial]
[device_type: cpu]
[data_sample_strategy: bagging]
[data: ]
[valid: ]
[num_iterations: 1000]
[learning_rate: 0.0440977]
[num_leaves: 39]
[num_threads: -1]
[seed: 73]
[deterministic: 0]
[force_col_wise: 0]
[force_row_wise: 0]
[histogram_pool_size: -1]
[max_depth: 6]
[min_data_in_leaf: 5]
[min_sum_hessian_in_leaf: 0.001]
[bagging_fraction: 0.7]
[pos_bagging_fraction: 1]
[neg_bagging_fraction: 1]
[bagging_freq: 5]
[bagging_seed: 5921]
[bagging_by_query: 0]
[feature_fraction: 0.65]
[feature_fraction_bynode: 1]
[feature_fraction_seed: 22355]
[extra_trees: 0]
[extra_seed: 3536]
[early_stopping_round: 0]
[early_stopping_min_delta: 0]
[first_metric_only: 0]
[max_delta_step: 0]
[lambda_l1: 0]
[lambda_l2: 1]
[linear_lambda: 0]
[min_gain_to_split: 0.1]
[drop_rate: 0.1]
[max_drop: 50]
[skip_drop: 0.5]
[xgboost_dart_mode: 0]
[uniform_drop: 0]
[drop_seed: 14602]
[top_rate: 0.2]
[other_rate: 0.1]
[min_data_per_group: 100]
[max_cat_threshold: 32]
[cat_l2: 10]
[cat_smooth: 10]
[max_cat_to_onehot: 4]
[top_k: 20]
[monotone_constraints: ]
[monotone_constraints_method: basic]
[monotone_penalty: 0]
[feature_contri: ]
[forcedsplits_filename: ]
[refit_decay_rate: 0.9]
[cegb_tradeoff: 1]
[cegb_penalty_split: 0]
[cegb_penalty_feature_lazy: ]
[cegb_penalty_feature_coupled: ]
[path_smooth: 0]
[interaction_constraints: ]
[verbosity: -1]
[saved_feature_importance_type: 0]
[use_quantized_grad: 0]
[num_grad_quant_bins: 4]
[quant_train_renew_leaf: 0]
[stochastic_rounding: 1]
[linear_tree: 0]
[max_bin: 63]
[max_bin_by_feature: ]
[min_data_in_bin: 3]
[bin_construct_sample_cnt: 200000]
[data_random_seed: 277]
[is_enable_sparse: 1]
[enable_bundle: 1]
[use_missing: 1]
[zero_as_missing: 0]
[feature_pre_filter: 0]
[pre_partition: 0]
[two_round: 0]
[header: 0]
[label_column: ]
[weight_column: ]
[group_column: ]
[ignore_column: ]
[categorical_feature: ]
[forcedbins_filename: ]
[precise_float_parser: 0]
[parser_config_file: ]
[objective_seed: 8155]
[num_class: 1]
[is_unbalance: 0]
[scale_pos_weight: 1]
[sigmoid: 1]
[boost_from_average: 1]
[reg_sqrt: 0]
[alpha: 0.9]
[fair_c: 1]
[poisson_max_delta_step: 0.7]
[tweedie_variance_power: 1.5]
[lambdarank_truncation_level: 30]
[lambdarank_norm: 1]
[label_gain: ]
[lambdarank_position_bias_regularization: 0]
[eval_at: ]
[multi_error_top_k: 1]
[auc_mu_weights: ]
[num_machines: 1]
[local_listen_port: 12400]
[time_out: 120]
[machine_list_filename: ]
[machines: ]
[gpu_platform_id: -1]
[gpu_device_id: -1]
[gpu_use_dp: 0]
[num_gpu: 1]

end of parameters

pandas_categorical:[]
