tree
version=v4
num_class=1
num_tree_per_iteration=1
label_index=0
max_feature_idx=19
objective=quantile
feature_names=event_decay_major event_density_30d_major event_density_90d_major event_decay_operation event_density_30d_operation event_density_90d_operation event_decay_case_drop event_density_30d_case_drop event_density_90d_case_drop event_decay_update event_density_30d_update event_density_90d_update event_decay_game_update event_density_30d_game_update event_density_90d_game_update event_decay_major_weighted event_decay_operation_weighted event_decay_case_drop_weighted event_decay_update_weighted event_decay_game_update_weighted
feature_infos=[0.031220927834510803:0.98347145318984985] [0:2] [0:3] [1.5229979055675358e-08:0.95349693298339844] [0:1] [0:1] [0:0.93106275796890259] [0:1] [0:3] none none none [0:0.86687791347503662] [0:2] [0:3] [0:0.98347145318984985] [0:0.95349693298339844] [0:0.93106275796890259] none [0:0.26006338000297546]
tree_sizes=5674 5696 5606

Tree=0
num_leaves=55
num_cat=0
split_feature=16 6 0 19 3 0 16 0 0 0 0 3 8 19 0 16 0 0 12 12 0 6 3 14 3 3 3 6 0 0 0 6 0 6 12 19 19 6 0 3 12 3 12 3 16 0 3 12 0 0 12 0 3 16
split_gain=3758.23 87.153 96.7118 84.1893 118.619 128.749 83.9247 217.108 112.932 81.1271 67.2441 53.3527 50.2032 50.0514 47.4046 52.7136 98.9253 44.5859 43.1211 102.091 40.6038 32.6759 52.5129 32.0892 27.3218 43.353 26.7475 25.2655 21.7613 18.7856 17.201 15.8993 13.7835 13.2483 12.4685 16.1 11.9335 11.6809 9.58393 9.18456 9.07623 7.56769 18.0397 6.35648 5.20102 4.42763 3.9681 3.95626 5.42295 7.01475 3.77257 3.51203 3.43788 2.71909
threshold=2.3222270328915332e-08 0.40974530577659612 0.059310715645551688 0.010477063711732628 0.0096328733488917368 0.088481191545724883 5.4557829571422196e-05 0.097786840051412596 0.52643263339996349 0.16948933899402621 0.65379247069358837 0.094717219471931471 1.5000000000000002 1.3373437024455372e-08 0.059310715645551688 1.0000000180025095e-35 0.7723645567893983 0.54427608847618114 0.00098189854179509006 1.0000000180025095e-35 0.11746299266815187 2.7039660608352283e-06 0.00028404347540345048 2.5000000000000004 0.0044963988475501546 0.0065812794491648683 0.036543922498822219 0.038798937574028976 0.039757162332534797 0.065548479557037367 0.50917410850524913 7.4751966394615021e-07 0.68731313943862926 1.0000000180025095e-35 0.00017683237820165235 0.00022136233747005465 1.3373437024455372e-08 0.83699783682823192 0.82561069726943981 0.0035437360638752584 1.3978428370364784e-07 5.1154045650037012e-05 3.7361638760557985e-06 0.024967188946902755 0.00025040277978405362 0.048559507355093963 1.3946797139396952e-07 0.012847654521465303 0.72255244851112377 0.065548479557037367 0.040286580100655563 0.048559507355093963 3.3323743991786621e-05 0.00012856107787229123
decision_type=2 2 2 2 2 2 2 2 2 2 2 2 2 2 2 2 2 2 2 2 2 2 2 2 2 2 2 2 2 2 2 2 2 2 2 2 2 2 2 2 2 2 2 2 2 2 2 2 2 2 2 2 2 2
left_child=14 2 18 6 5 46 8 39 13 -9 -10 26 -7 -4 33 20 47 43 19 28 23 41 -23 29 37 32 -6 -13 53 -16 -24 -31 -26 45 51 -36 -27 -19 -18 -8 -38 52 -43 50 -30 -1 -5 48 49 -17 -3 -21 -22 -2
right_child=1 17 3 4 11 12 7 9 10 -11 -12 27 -14 -15 15 16 38 24 -20 34 21 22 30 -25 25 36 -28 -29 44 31 -32 -33 -34 -35 35 -37 40 -39 -40 -41 -42 42 -44 -45 -46 -47 -48 -49 -50 -51 -52 -53 -54 -55
leaf_value=0 -0.050624274481535128 0 0 -0.33907715175044201 -0.082997200820715128 0 0.30101747167818715 -0.021137278082931386 -0.24704193023183735 0 0 0 0 0 0 -0.12568111187677308 0 -0.21445968794768 -0.46920946068780722 0 0 0 0 0 0 0.067968111971586143 -0.12127323150343572 0.057409888420364347 -0.37501621001450774 0 0 0 0.19110415504848385 0 0.15801653663042983 -0.023367844949668721 -0.15973973587109028 0 0.031053095039362915 0.15246560349556706 -0.060002592271888054 0 0 0.034192654051195356 -0.17672973356750524 0 -0.17012931038515416 -0.094348157444306302 -0.032100323350429415 -0.29063756497863219 0 0.067394218528440811 0 0.06794814438680348
leaf_weight=4463.1835108399391 1434.8008704185486 875.40107244253159 30786.5263209939 866.19136154651642 6861.3293781876564 12767.748946964741 2345.7150110602379 3929.6606648564339 3561.8811429142952 49845.905955076218 2606.2227811813354 1640.7561186552048 3100.0462883114815 10672.42235660553 1848.2737663388252 1035.7863455414772 528.67162436246872 1647.0999712347984 782.60953968763351 653.6045737862587 16834.95104688406 13152.862268388271 7176.5227683782578 2830.3333356380463 933.75938087701797 106.59935438632965 5171.5774848461151 1258.1019212603569 1617.1553300023079 8480.4630189538002 46347.557494699955 1629.9647162556648 383.28118979930878 144.33847653865814 1151.4347650408745 222.12044501304626 316.06177109479904 231.96596330404282 1365.5591083168983 445.21183693408966 5951.7660257220268 10047.22286272049 3027.9143922328949 936.13147723674774 483.21293544769287 2689.2133116722107 373.89474636316299 372.07920271158218 502.83166283369064 1375.1603370904922 859.14913815259933 164.47739380598068 774.45759856700897 36.305577218532562
leaf_count=4708 1465 822 25726 917 5493 11149 2556 3318 3369 43264 2677 1500 2753 10782 1834 864 377 1457 717 592 17531 15137 8451 3574 808 138 4595 1064 1865 9706 54280 1858 333 148 1023 206 342 209 999 484 5494 12494 3752 931 573 2998 398 383 362 1015 728 178 947 47
internal_value=-0.00860449 -0.00377007 -0.003446 -0.00317963 -0.00526699 -0.00261553 -0.00253685 -0.00132336 -0.00397611 -0.00198119 -0.00985349 -0.00829844 -0.00148109 -0.00309935 -0.0146171 -0.014387 -0.00974456 -0.00754208 -0.00897495 -0.00755625 -0.0146006 -0.01495 -0.0143594 -0.0122933 -0.0090277 -0.00777164 -0.00966562 -0.00259066 -0.0124048 -0.0112149 -0.0150127 -0.0120153 -1.98984e-05 -0.0183027 0.000303445 0.00304937 -0.00935853 -0.0141161 -0.0012265 0.0113164 -0.00962656 -0.0162302 -0.0153015 -0.00218279 -0.0154905 -0.0185877 -0.01705 -0.0146258 -0.0152606 -0.0162513 -0.00385889 -0.00419237 -0.0169141 -0.00793217
internal_weight=279647 155020 142779 136233 32039.6 17107.9 104194 56566.5 47627.1 53775.6 6168.1 14931.8 15867.8 41458.9 124627 117331 5180.09 12241.2 6545.72 5763.11 112151 97361.5 66676.9 14789 9570.53 7691.47 12032.9 2898.86 3571.47 11958.7 53524.1 10110.4 1317.04 7296.74 2191.64 1373.56 6374.43 1879.07 1894.23 2790.93 6267.83 30684.5 13075.1 2670.68 2100.37 7152.4 1240.09 3285.86 2913.78 2410.95 1734.55 818.082 17609.4 1471.11
internal_count=279391 137973 126711 120045 27869 15217 92176 49622 42554 46582 6046 12652 13902 36508 141418 133564 4000 11262 6666 5949 129564 112592 77868 16972 8781 7115 10088 2564 3950 13398 62731 11564 1141 7854 1999 1229 5974 1666 1376 3040 5836 34724 16246 2481 2438 7706 1315 2624 2241 1879 1550 770 18478 1512
is_linear=0
shrinkage=0.046502


Tree=1
num_leaves=55
num_cat=0
split_feature=16 15 16 15 2 3 3 3 3 19 19 19 16 15 17 19 3 17 14 17 3 3 15 14 19 19 15 15 17 3 3 17 3 3 3 15 3 3 3 3 3 3 2 3 15 3 3 19 3 3 19 1 15 14
split_gain=4650.06 686.465 94.4928 65.4859 51.7775 56.1371 76.4891 140.017 120.894 95.4654 50.8221 62.8069 51.8633 46.0386 41.8598 50.0453 40.5291 34.9513 30.9965 29.897 25.3942 21.6598 27.4278 34.0912 21.0541 34.9943 20.6456 20.5585 20.285 18.8535 30.0104 22.1326 13.5851 13.401 13.3382 13.2112 15.6842 11.727 10.4422 9.89225 20.911 8.56649 8.03228 7.92014 16.5285 7.40762 14.2085 7.35348 6.96529 6.96304 6.8955 5.42024 4.45338 4.06818
threshold=1.0000000180025095e-35 0.05249301344156266 1.7159065635041773e-07 0.49803984165191656 1.0000000180025095e-35 0.76980245113372814 0.0010775665869005027 4.300155296732556e-06 0.0035437360638752584 2.7783073619502834e-09 5.1752252656911421e-12 0.021401781588792804 8.8097582562340917e-08 1.0000000180025095e-35 0.048566129058599479 0.11883784458041192 2.14092125361276e-07 0.012500685639679434 1.5000000000000002 0.001365468720905483 0.00043602463847491896 9.2124505499668902e-06 0.11112770810723306 2.5000000000000004 2.4911049785469877e-11 0.0021765910787507896 1.0000000180025095e-35 0.3229013085365296 0.086000658571720137 1.3946797139396952e-07 2.14092125361276e-07 1.0000000180025095e-35 0.024967188946902755 8.1219440062341174e-07 0.078289981931447997 0.060988180339336402 0.0010775665869005027 0.014099423773586752 1.3946797139396952e-07 5.1154045650037012e-05 0.00028404347540345048 4.1699451003296422e-07 2.5000000000000004 1.5819387044757607e-06 0.19383913278579715 0.030205942690372471 5.1154045650037012e-05 0.13708717375993731 0.0044963988475501546 2.14092125361276e-07 0.00029456955962814396 1.0000000180025095e-35 0.74704343080520641 1.0000000180025095e-35
decision_type=2 2 2 2 2 2 2 2 2 2 2 2 2 2 2 2 2 2 2 2 2 2 2 2 2 2 2 2 2 2 2 2 2 2 2 2 2 2 2 2 2 2 2 2 2 2 2 2 2 2 2 2 2 2
left_child=1 26 10 21 5 6 7 9 -8 -4 12 24 29 14 17 28 38 19 -19 -6 -9 22 23 33 -12 -26 -1 35 -16 -2 -31 -32 39 -3 52 36 -23 -37 -13 -5 -41 -18 -17 -24 -45 46 -29 -43 -42 -27 -10 -47 -34 -36
right_child=2 3 4 32 13 -7 8 20 50 -11 11 16 -14 -15 15 42 41 18 -20 -21 -22 27 43 -25 25 49 -28 45 -30 30 31 -33 34 -35 53 37 -38 -39 -40 40 48 47 -44 44 -46 51 -48 -49 -50 -51 -52 -53 -54 -55
leaf_value=0 -0.0014440313483664766 0 0 0 0 -0.53029497992195807 0.28701955408065555 -0.075945494700555435 0.00098292592516790209 0.1567279483355121 -0.075818493765694051 -0.3424355791743619 -0.097898972757100286 0.048657146702640708 0 0.092650326825586396 0.070995435085222561 -0.16908182162636751 0 0 -0.36429389427367881 -0.53115398650361889 0 0 -0.3827473129297238 -0.1527475264598338 0 0 0 0.13286289001507276 -0.051101112823521443 0.040524629076776578 0 0 0 0 0.033697109264220405 0 -0.093071296364767603 0 0 -0.016202791465252778 0.0038595366954520282 0 0 0 0 0.074233065577535368 0 0.070360674323667008 -0.26730317357415273 0 0 0
leaf_weight=41095.240250647068 5925.7233104109764 4928.4427581429482 9640.8050231337547 1974.8894730210304 43475.500679671764 546.30615872144699 2345.7150110602379 3953.3165990710258 8529.1626124978065 4023.3632499575615 2094.4664897322655 372.53603285551071 1488.1705698370934 1833.8178775310516 6888.093042075634 1499.2504503726959 1237.5820109248161 2854.780816257 16299.149808347225 13465.842844843864 1678.4722190499306 306.84040462970734 3432.4423001408577 2006.4296252727509 1517.5363917946815 1604.7288218736649 3568.8500609993935 2400.6001138687134 23757.810489237309 1547.4807195067406 815.5003417134285 874.61190789937973 2988.0967961549759 732.52116250991821 1837.2786954045296 4056.4204997420311 101.49676811695099 1975.6928940415382 881.93702703714371 3555.9165192842484 9730.9885348677635 507.17386209964752 820.0104393362999 2465.2966724038124 4845.1503324508667 3313.7167038917542 3307.4854449629784 204.38275200128555 8761.7169519662857 92.161776065826416 219.30928099155426 405.74009847640991 2390.6431911587715 8470.8810713291168
leaf_count=50183 4433 5005 8861 2190 37508 495 2556 4130 7115 3867 1778 405 1344 2257 6028 1412 1277 1954 13867 11558 1955 315 4100 2533 1315 1613 3554 2791 21338 1453 639 954 3532 821 2226 4582 101 2471 913 4016 9987 499 646 2675 4346 3998 3825 205 10153 98 200 509 2849 9956
internal_value=-0.00781015 -0.0147952 -0.00266154 -0.0120436 -0.00224633 -0.000560332 -0.000291497 -0.00206322 0.0027816 0.000473496 -0.00572948 -0.00841629 -0.0035732 -0.00271583 -0.00283923 -0.00145015 -0.00323318 -0.00343976 -0.00516415 -0.00285803 -0.00823394 -0.0105411 -0.0116466 -0.00947708 -0.0115259 -0.0139277 -0.0193512 -0.00925238 -0.00195081 -0.00225261 0.000576113 -0.00367505 -0.0133381 -0.00759581 -0.0144455 -0.00718145 -0.0154464 -0.00660531 -0.00975759 -0.0126108 -0.0123086 0.000919674 0.00512434 -0.0131858 -0.0122495 -0.0106568 -0.00952928 -0.00307767 -0.0129483 -0.00922816 0.000256895 -0.0123607 -0.0164049 -0.0134133
internal_weight=279647 118653 160995 73988.7 141831 30936.5 30390.1 19296 11094.2 13664.2 19164 8512.51 10651.5 110894 109060 32965.2 3203.61 76095.3 19153.9 56941.3 5631.79 34278.3 18410.3 7667.39 5308.89 3214.43 44664.1 15868 30645.9 9163.32 3237.59 1690.11 39710.4 5660.96 15686.9 6440.45 408.337 6032.11 1254.47 24023.5 22048.6 1949.14 2319.26 10742.9 7310.45 9427.54 5708.09 711.557 18492.7 1696.89 8748.47 3719.46 5378.74 10308.2
internal_count=279391 136718 142673 82981 125747 29179 28684 18813 9871 12728 16926 8103 8823 96568 94311 29424 3299 64887 15821 49066 6085 38072 19480 8359 4804 3026 53737 18592 27366 7479 3046 1593 44909 5826 18563 7469 416 7053 1318 26346 24156 1981 2058 11121 7021 11123 6616 704 20140 1711 7315 4507 6381 12182
is_linear=0
shrinkage=0.046502


Tree=2
num_leaves=55
num_cat=0
split_feature=16 14 0 3 3 3 0 17 3 12 13 3 3 3 12 12 3 17 17 3 19 17 3 3 3 17 0 0 3 12 0 12 19 13 0 3 3 0 3 3 16 0 0 3 3 0 0 3 0 0 0 12 3 3
split_gain=4994.21 73.2652 104.005 107.936 104.998 91.9109 63.9439 55.6335 55.225 54.7148 53.35 36.6696 32.0712 26.9761 33.061 51.1279 31.524 26.6052 37.0648 30.4399 22.6898 22.2454 67.1453 134.841 42.2917 60.9303 28.0411 17.6021 16.2673 16.0759 13.4236 11.5583 20.1131 10.8543 9.45102 9.35046 8.65008 8.6322 16.4119 10.2521 8.2777 8.17888 8.09913 7.95888 7.18426 8.49102 6.21628 5.41419 17.1283 16.0997 4.68389 4.319 8.02978 5.49608
threshold=1.0000000180025095e-35 2.5000000000000004 0.32466374337673193 0.0010775665869005027 0.00028404347540345048 0.0035437360638752584 0.27482193708419805 0.04210090450942517 1.3946797139396952e-07 0.29767979681491857 1.0000000180025095e-35 0.76980245113372814 2.9878962948259874e-07 0.024967188946902755 1.0000000180025095e-35 0.00055449589854106318 0.0010775665869005027 0.086000658571720137 0.18868316709995273 0.16772477328777316 0.00022136233747005465 1.7498413399152927e-05 0.52593708038330089 0.16772477328777316 5.1154045650037012e-05 0.0053049516864120969 0.62190663814544689 0.72255244851112377 2.14092125361276e-07 0.040286580100655563 0.065548479557037367 0.046473188325762756 0.0038542964030057196 1.5000000000000002 0.58179801702499401 0.00043602463847491896 0.0065812794491648683 0.67595285177230846 7.8760091781759924e-08 4.4477250327190638e-08 0.00025040277978405362 0.64298623800277721 0.10807117074728013 3.3323743991786621e-05 0.0027929162606596951 0.065548479557037367 0.097786840051412596 1.1335085901009736e-06 0.097786840051412596 0.14109827578067782 0.54427608847618114 0.009654720779508354 0.00084926004637964081 0.0054398581851273784
decision_type=2 2 2 2 2 2 2 2 2 2 2 2 2 2 2 2 2 2 2 2 2 2 2 2 2 2 2 2 2 2 2 2 2 2 2 2 2 2 2 2 2 2 2 2 2 2 2 2 2 2 2 2 2 2
left_child=13 2 3 4 10 -5 42 21 31 17 12 20 -2 14 16 30 37 19 -19 -9 27 22 23 -4 43 -26 -24 -10 -17 -15 -16 32 -3 -22 -11 -6 44 38 41 -39 -37 -1 -7 -23 45 -18 -46 48 -32 -49 -40 52 -30 -53
right_child=1 8 7 5 35 6 -8 9 11 34 -12 -13 -14 29 15 28 36 18 -20 -21 33 24 26 -25 25 -27 -28 -29 51 -31 47 -33 -34 -35 -36 40 -38 39 50 -41 -42 -43 -44 -45 46 -47 -48 49 -50 -51 -52 53 -54 -55
leaf_value=0 6.7150360774726993e-05 -0.28041076247264923 0 0.27367256779277482 -0.12903586034207193 -4.5708031591226925e-05 0.24801072950639494 0 0.24550749728685128 -0.0062343211049222845 0.07298657624600105 -0.50563519725237238 0 0 0 0 0 0.026284046402905142 -0.0035023176938973632 -0.15000648622319177 0 0 0.1738392898551607 -0.095222537406443652 0 -0.0012295613213067261 0 0 0 0 0 -0.34593480783303548 -0.086525137547375702 0.0043280023911777083 0.07735611047701467 -0.3935531874429537 0 0 0 0 -0.15921051653014187 0 0.00093721789357667517 -0.03514005829702762 0 0 0 0 0 0 0 0 0 0
leaf_weight=847.65936225652695 6066.5146553516388 1250.6817781329155 14532.96345937252 2345.7150110602379 784.39043080806732 2257.6273992657661 1257.8680232167244 7824.1988719701767 632.39760190248489 323.28988444805145 3498.7997733950615 546.30615872144699 29660.779659092426 25802.724651932716 1010.0083795785904 2912.9256482720375 454.95608401298523 10693.574089765549 13378.951609492302 819.53144294023514 3177.0680275559425 1164.0990906953812 1362.5674264431 3821.6254255175591 17784.048559010029 21215.464406192303 256.79449331760406 227.52660977840424 2404.3514907360077 9167.9526413083076 3379.1098375320435 687.74437385797501 892.02683818340302 1075.8743901252747 3123.1171934008598 1205.3012517690659 1924.7998076081276 1520.7250193357468 17568.910257995129 2188.0512007474899 473.17096728086472 215.48962241411209 7210.8706486821175 1443.8090651631355 727.29642975330353 1087.1099509596825 566.35106468200684 1769.8308984041214 997.76227277517319 9794.3766697049141 1117.919561445713 14491.744065582752 10311.434392392635 8391.2880140542984
leaf_count=763 5279 1146 13062 2556 887 2180 941 6558 581 349 3472 495 25298 31461 1040 3680 508 9412 12377 841 2737 1115 1018 3453 16396 17887 195 178 2808 11130 3485 737 911 1118 2724 1395 2441 1741 17687 2620 560 255 5389 1426 882 1226 706 1986 1139 11182 1371 16771 11864 9972
internal_value=-0.00752412 -0.00218845 -0.0019535 -0.000329146 -0.00148675 0.00335545 0.00152179 -0.00286259 -0.00639765 -0.00141068 -0.000899329 -0.00372051 -0.001438 -0.014763 -0.014298 -0.0136248 -0.0156173 -0.00199969 -0.00119961 -0.00421692 -0.0024744 -0.00371367 -0.00499695 -0.00579988 -0.00309534 -0.00270844 0.00404542 0.00436231 -0.0145708 -0.015873 -0.0114698 -0.0117158 -0.00992328 -0.00387897 0.00415321 -0.0108028 -0.012088 -0.0163293 -0.0167431 -0.0140987 -0.0128191 -0.0108674 0.000202902 -0.00884385 -0.0103359 -0.0125768 -0.00758898 -0.0118057 -0.0102778 -0.0123755 -0.0170721 -0.0142841 -0.0134992 -0.0147158
internal_weight=279647 160995 152505 54761 41689 13072.1 10726.4 97744 8489.63 36162.7 39226.1 5659.17 35727.3 118653 83682.1 55462.8 28219.3 32716.3 24072.5 8643.73 5112.87 61581.4 19974 18354.6 41607.4 38999.5 1619.36 859.924 38511.7 34970.7 16951.1 2830.45 2142.71 4252.94 3446.41 2462.86 4760.51 23458.8 19750 3708.78 1678.47 1063.15 9468.5 2607.91 2835.71 1542.07 1293.65 15941.1 4376.87 11564.2 18686.8 35598.8 12715.8 22883
internal_count=279391 142673 134770 47957 36891 11066 8510 86813 7903 32261 34049 5109 30577 136718 94127 63927 30200 29188 21789 7399 4614 54552 17728 16515 36824 34283 1213 759 45095 42591 18832 2794 2057 3855 3073 2842 5763 24437 20076 4361 1955 1018 7569 2541 3322 1734 1588 17792 4624 13168 19058 41415 14672 26743
is_linear=0
shrinkage=0.046502


end of trees

feature_importances:
event_decay_operation=56
event_decay_major=33
event_decay_game_update_weighted=14
event_decay_game_update=13
event_decay_operation_weighted=10
event_decay_case_drop_weighted=10
event_decay_major_weighted=9
event_decay_case_drop=6
event_density_90d_game_update=5
event_density_90d_major=2
event_density_30d_game_update=2
event_density_30d_major=1
event_density_90d_case_drop=1

parameters:
[boosting: gbdt]
[objective: quantile]
[metric: quantile]
[tree_learner: serial]
[device_type: cpu]
[data_sample_strategy: bagging]
[data: ]
[valid: ]
[num_iterations: 1000]
[learning_rate: 0.046502]
[num_leaves: 55]
[num_threads: -1]
[seed: 13]
[deterministic: 0]
[force_col_wise: 0]
[force_row_wise: 0]
[histogram_pool_size: -1]
[max_depth: 7]
[min_data_in_leaf: 15]
[min_sum_hessian_in_leaf: 0.001]
[bagging_fraction: 0.7]
[pos_bagging_fraction: 1]
[neg_bagging_fraction: 1]
[bagging_freq: 5]
[bagging_seed: 16376]
[bagging_by_query: 0]
[feature_fraction: 0.75]
[feature_fraction_bynode: 1]
[feature_fraction_seed: 20348]
[extra_trees: 0]
[extra_seed: 30076]
[early_stopping_round: 0]
[early_stopping_min_delta: 0]
[first_metric_only: 0]
[max_delta_step: 0]
[lambda_l1: 2]
[lambda_l2: 0.5]
[linear_lambda: 0]
[min_gain_to_split: 0.1]
[drop_rate: 0.1]
[max_drop: 50]
[skip_drop: 0.5]
[xgboost_dart_mode: 0]
[uniform_drop: 0]
[drop_seed: 24096]
[top_rate: 0.2]
[other_rate: 0.1]
[min_data_per_group: 100]
[max_cat_threshold: 32]
[cat_l2: 10]
[cat_smooth: 10]
[max_cat_to_onehot: 4]
[top_k: 20]
[monotone_constraints: ]
[monotone_constraints_method: basic]
[monotone_penalty: 0]
[feature_contri: ]
[forcedsplits_filename: ]
[refit_decay_rate: 0.9]
[cegb_tradeoff: 1]
[cegb_penalty_split: 0]
[cegb_penalty_feature_lazy: ]
[cegb_penalty_feature_coupled: ]
[path_smooth: 0]
[interaction_constraints: ]
[verbosity: -1]
[saved_feature_importance_type: 0]
[use_quantized_grad: 0]
[num_grad_quant_bins: 4]
[quant_train_renew_leaf: 0]
[stochastic_rounding: 1]
[linear_tree: 0]
[max_bin: 63]
[max_bin_by_feature: ]
[min_data_in_bin: 3]
[bin_construct_sample_cnt: 200000]
[data_random_seed: 81]
[is_enable_sparse: 1]
[enable_bundle: 1]
[use_missing: 1]
[zero_as_missing: 0]
[feature_pre_filter: 0]
[pre_partition: 0]
[two_round: 0]
[header: 0]
[label_column: ]
[weight_column: ]
[group_column: ]
[ignore_column: ]
[categorical_feature: ]
[forcedbins_filename: ]
[precise_float_parser: 0]
[parser_config_file: ]
[objective_seed: 11872]
[num_class: 1]
[is_unbalance: 0]
[scale_pos_weight: 1]
[sigmoid: 1]
[boost_from_average: 1]
[reg_sqrt: 0]
[alpha: 0.5]
[fair_c: 1]
[poisson_max_delta_step: 0.7]
[tweedie_variance_power: 1.5]
[lambdarank_truncation_level: 30]
[lambdarank_norm: 1]
[label_gain: ]
[lambdarank_position_bias_regularization: 0]
[eval_at: ]
[multi_error_top_k: 1]
[auc_mu_weights: ]
[num_machines: 1]
[local_listen_port: 12400]
[time_out: 120]
[machine_list_filename: ]
[machines: ]
[gpu_platform_id: -1]
[gpu_device_id: -1]
[gpu_use_dp: 0]
[num_gpu: 1]

end of parameters

pandas_categorical:[]
