tree
version=v4
num_class=1
num_tree_per_iteration=1
label_index=0
max_feature_idx=54
objective=quantile
feature_names=price_lag_1d return_1d return_3d return_7d return_14d return_30d return_60d price_std_7d price_std_14d price_std_20d price_std_30d price_std_60d price_zscore_30d vol_regime_60_30 trend_divergence_30_60 price_accel_7d price_log price_tier log_return_1d log_return_7d autocorr_1d autocorr_7d bb_pct_b bb_width rsi_14 macd_line macd_signal macd_histogram distance_to_support distance_to_resistance volume_missing volume_lag_1d volume_lag_7d volume_mean_30d volume_std_30d volume_std_60d volume_log_change_1d volume_log_change_7d volume_zscore_30d volume_price_conf_7d volume_price_conf_1d rsi_missing macd_missing dow_sin dow_cos events_next_30d_major events_next_30d_operation events_next_30d_case_drop events_next_30d_update events_next_30d_game_update item_type_graffiti item_type_skin item_type_sticker item_type_unknown item_volume_vs_market_30d
feature_infos=[0.029999999329447746:960.7130126953125] [-99.536705017089844:500] [-99.492156982421875:500] [-99.509979248046875:500] [-99.901214599609375:500] [-99.499412536621094:500] [-99.499412536621094:500] [0:167.40560913085938] [0:119.09705352783203] [0:135.57257080078125] [0:112.72939300537109] [0:97.889312744140625] [-4.8795590400695801:5.2946515083312988] [0.70205938816070557:761.94976806640625] [-112984214994944:140802198077440] [-599.50994873046875:534.69384765625] [-3.5065579414367676:6.86767578125] [0:4] [-5.3745660781860352:6.8952875137329102] [-5.3184762001037598:6.9452981948852539] [-49768.35546875:222115.390625] [-49754.98828125:50974.09765625] [-0.51409953832626343:1.5621322393417358] [0.0062784175388514996:17.437114715576172] [0:99.844482421875] [-24.237356185913086:40.936752319335938] [-16.600063323974609:26.537761688232422] [-17.223386764526367:29.474584579467773] [1.9274705665090278e-14:106457.8984375] [0.010915839113295078:106457.8984375] none [1:197735] [1:197735] [1:125869.734375] [0:64217.12890625] [0:67507.5625] [-6.4329400062561035:6.5171170234680176] [-6.0185933113098145:7.2102642059326172] [-4.1069283485412598:5.2931628227233887] [-99.499412536621094:500] [-99.341239929199219:500] [0:1] [0:1] [-0.97492790222167969:0.97492790222167969] [-0.90096884965896606:1] [0:1] [0:1] [0:1] none [0:2] [0:1] [0:1] [0:1] none [0.00099037075415253639:352.26205444335938]
tree_sizes=5736 5725 5742

Tree=0
num_leaves=55
num_cat=0
split_feature=16 18 49 24 22 4 29 6 3 38 4 11 11 49 22 25 6 6 6 23 11 6 13 5 11 22 11 34 27 11 7 11 52 36 18 11 32 6 18 6 3 22 3 11 3 52 39 25 6 25 11 22 15 11
split_gain=4297.48 319.171 187.006 149.228 137.974 117.373 68.4748 64.3076 59.892 43.1266 30.7495 24.889 21.9719 18.9655 18.7614 18.2001 15.8723 14.1395 14.0563 13.9472 13.5404 13.2955 11.0055 10.8459 11.2116 10.8225 10.6821 10.6008 9.8544 9.70874 9.44808 8.06623 7.60802 7.09206 7.04059 6.8066 6.34004 6.29255 4.7103 4.66491 5.46627 4.52172 4.40123 4.37619 4.367 4.30544 4.19207 4.13827 4.11502 3.41352 3.33901 3.28843 3.15191 2.88382
threshold=-3.498293280601501 0.096068084239959731 1.5000000000000002 24.784466743469242 0.3669689148664475 19.890544891357425 11.112301826477053 48.891017913818366 37.850957870483406 -0.43234731256961817 -7.5307505130767813 0.017541010864079002 1.0000000180025095e-35 1.5000000000000002 0.21211816370487216 0.0051236494909971961 1.04231333732605 -3.9470664262771602 21.623483657836918 0.41653417050838476 0.27233758568763738 -1.0000000180025095e-35 1.0176872014999392 -11.900208473205565 0.080504763871431365 0.83920517563819896 0.01159889902919531 575.77584838867199 0.00010187335283262656 0.55641335248947155 0.0058620038907974967 0.022051250562071804 1.0000000180025095e-35 -0.12575811147689817 -0.017014374025166031 0.003894567373208702 59.500000000000007 1.04231333732605 -0.050002301111817353 21.623483657836918 11.628427028656008 0.41318061947822576 15.221152305603029 0.013725080061703922 15.221152305603029 1.0000000180025095e-35 -4.4768528938293448 -0.0012045900220982728 -43.427698135375969 0.019128621555864814 0.0061324695125222215 0.31805740296840673 9.2384924888610858 0.0061324695125222215
decision_type=2 2 2 2 2 2 2 2 2 2 2 2 2 2 2 2 2 2 2 2 2 2 2 2 2 2 2 2 2 2 2 2 2 2 2 2 2 2 2 2 2 2 2 2 2 2 2 2 2 2 2 2 2 2
left_child=4 2 3 6 17 7 22 9 11 -5 18 25 -6 35 -12 -9 27 36 -8 20 -7 23 33 24 -13 39 -21 48 47 46 31 34 37 -2 51 41 53 -23 -37 40 -3 -14 -25 50 -34 -10 -18 -15 -4 -48 -38 -19 -33 -1
right_child=1 8 16 5 12 19 10 15 45 -11 14 21 13 28 -16 -17 29 30 -20 26 -22 32 -24 42 -26 -27 -28 -29 -30 -31 -32 52 44 -35 -36 38 43 -39 -40 -41 -42 -43 -44 -45 -46 -47 49 -49 -50 -51 -52 -53 -54 -55
leaf_value=0.15689737249327021 0.06369240334082224 0.19653029347304557 0.23982467186223302 -0.0031391033649717853 0 -0.27916888398998202 -0.34896111810729019 -0.74005581196318204 -3.5159655360886313 0.10134159192622601 -0.50653833357331624 -0.51189284399324064 0 0.10753673628087261 -2.1399965726614272 -0.26204039129739409 0 0.55028482697245262 -1.128789426338852 -0.28035457998869973 0.52189098090420216 -1.5255108379102302 -0.39178854239033312 -0.40773896723434189 -0.26411099877252586 -0.5442377478821071 -0.87592972524490265 -0.16461511592787414 0 -0.67906455221409079 0 0.36685654256842665 -1.6992907035404967 0.29745126420555895 0 0 0 -0.69782971529573878 0 -0.50407285935120294 -0.4168824407003997 0 -1.0515135030160916 0 0.34896111810729019 -1.5629391411101021 0.56151512420870164 0 1.0966530225126956 0.061095936458094538 0.55028482697245262 0 0 0.91714134330125396
leaf_weight=43.125552117824554 137.35843992233276 524.53663438558578 43.127548038959503 20256.654797196388 24852.5642619133 802.69108241796494 2950.1683527231216 757.54032975435257 1195.7886955142021 31305.489717006683 244.84422987699509 74.184664964675903 260.71414768695831 71.538667678833008 710.64874279499054 838.94639879465103 30.29643988609314 79.101700067520142 388.2252978682518 381.21390819549561 146.87595123052597 720.1127405166626 81.697115361690521 206.99294143915176 67.56719982624054 445.77425801753998 2251.0160016417503 41.380136907100677 55.120173215866089 30.687965989112854 151.75943660736084 52.985899150371552 223.60276383161545 317.72810816764832 263.36837446689606 223.62390464544296 123.74844163656235 774.98239415884018 4612.6918034553528 128.60563319921494 134.44692397117615 1946.2954617142677 116.67984569072723 67.497474193572998 86.812017381191254 226.1104708313942 270.62375718355179 66.770610213279724 1032.9922861456871 81.682834982872009 34.024448573589325 41.302122712135315 44.143829226493835 75.065148532390594
leaf_count=44 27 406 38 20048 32291 898 3163 529 371 30933 90 51 328 18 172 707 31 61 252 395 128 228 114 138 24 491 1318 47 46 26 67 25 116 71 240 60 175 465 1675 116 123 2406 56 45 73 158 315 70 1284 105 27 39 42 41
internal_value=-0.00915547 -0.00124368 -0.000188664 -0.00066288 -0.0254292 0.00012574 -0.0099468 0.00077739 -0.0147328 0.00111618 -0.0122736 -0.0108058 -0.0260499 -0.0232519 -0.0210763 -0.0100894 0.0188013 -0.0049031 -0.00971569 -0.00951242 -0.0036198 -0.0142447 0.00844991 -0.0055713 0.00660988 -0.00437829 -0.0115942 0.0222805 -0.005464 0.00909692 -0.00982754 -0.00571345 -0.0164152 0.0118953 -0.00942824 -0.0237239 0.00385052 -0.0181057 -0.0250126 -0.000351773 0.0013775 -0.0208401 -0.0112489 -0.00112925 -0.00788776 -0.0243192 0.0116769 0.00168053 0.0233454 0.0134681 0.00334995 0.000750482 0.00778911 0.0141951
internal_weight=101094 68028.1 63101.9 61571.1 33065.4 56740.4 4830.67 53158.6 4926.2 51562.1 4293.89 3504.3 32089.3 7236.75 955.493 1596.49 1530.79 976.122 3338.39 3581.8 949.567 2270.93 536.784 465.425 141.752 1233.36 2632.23 1117.5 193.429 413.291 632.661 480.902 1805.51 455.087 383.772 7043.33 343.461 1495.1 4836.32 787.589 658.984 2207.01 323.673 225.27 310.415 1421.9 382.603 138.309 1076.12 352.307 157.773 120.404 97.1297 118.191
internal_count=101207 63507 60691 58845 37700 54956 3889 52217 2816 50981 3677 2287 36894 4603 262 1236 1846 806 3415 2739 1026 1151 212 269 75 1136 1713 1369 134 477 474 407 882 98 340 4469 332 693 1735 645 529 2734 194 247 189 529 451 88 1322 420 202 100 67 85
is_linear=0
shrinkage=0.0550285


Tree=1
num_leaves=55
num_cat=0
split_feature=16 1 49 22 6 4 34 29 11 45 7 11 5 49 34 16 34 51 49 6 13 13 31 27 7 6 3 50 12 27 11 31 6 6 33 27 11 25 34 45 34 25 27 25 11 4 25 13 25 33 25 15 11 1
split_gain=4442.12 309.386 174.679 137.974 116.074 67.9136 61.8592 61.0729 47.1306 41.424 23.2538 21.9719 19.1101 18.9655 17.999 19.9246 17.8863 14.1608 13.6933 21.1493 15.8781 12.9621 10.2492 9.8544 9.79423 9.47111 8.42022 6.97108 6.96112 5.95333 6.27277 5.82836 5.5889 4.98221 4.92654 9.01224 4.77677 4.7316 4.69828 4.61181 5.07977 4.38246 4.29705 4.13827 3.5044 3.50148 2.81084 2.58952 2.44456 2.25944 1.85477 1.82714 1.19589 1.12308
threshold=-3.498293280601501 20.574491500854496 1.5000000000000002 0.3669689148664475 48.891017913818366 16.778962135314945 66.747200012207045 22.22355937957764 0.025261835195124153 1.0000000180025095e-35 0.0287621608003974 1.0000000180025095e-35 -2.489898562431335 1.5000000000000002 119.03050231933595 1.3662191629409792 201.13568878173831 1.0000000180025095e-35 1.0000000180025095e-35 1.0000000180025095e-35 4.3391880989074716 1.2572569847106936 4.5000000000000009 0.00010187335283262656 0.013562026899307968 -3.9470664262771602 15.221152305603029 1.0000000180025095e-35 -0.39232787489891047 0.0018686209223233166 0.010684153065085413 38.500000000000007 -15.531624794006346 -43.427698135375969 103.87083435058595 -4.6635750550194637e-05 0.003894567373208702 0.019128621555864814 421.39991760253912 1.0000000180025095e-35 59.753629684448249 -0.0053111254237592212 0.00030797571525909012 -0.0012045900220982728 0.0061324695125222215 6.0146543979644784 0.00016265972953988242 1.5702389478683474 0.00016265972953988242 174.78333282470706 -0.00246070884168148 -9.3156652450561506 0.0083731366321444529 -1.0000000180025095e-35
decision_type=2 2 2 2 2 2 2 2 2 2 2 2 2 2 2 2 2 2 2 2 2 2 2 2 2 2 2 2 2 2 2 2 2 2 2 2 2 2 2 2 2 2 2 2 2 2 2 2 2 2 2 2 2 2
left_child=3 2 4 17 5 6 8 -8 -2 16 22 -5 39 28 15 -14 26 25 19 -7 -20 -16 45 43 31 41 33 -27 29 30 -13 52 -24 -4 -33 -36 53 -38 51 40 -6 -1 46 -15 -43 -3 -18 -11 -44 -45 -12 -34 -19 -30
right_child=1 10 9 11 12 18 7 -9 -10 47 50 13 14 23 21 -17 42 24 20 -21 -22 -23 32 -25 -26 27 -28 -29 36 -31 -32 34 38 -35 35 -37 37 -39 -40 -41 -42 44 48 49 -46 -47 -48 -49 -50 -51 -52 -53 -54 -55
leaf_value=0 0.14889837219798369 0.26171652054445693 0.64714460456099976 0 -1.0995939706488909 -0.9223434598771818 -0.0055766740378236186 -0.39246757133470983 0.00017274009520421428 -0.023835362686661497 -1.2147156522477065 0 -0.80586786883127659 0.10161915284912236 -0.67937636999616025 -0.066273735997067221 0.21822698476849339 -0.46877649164649993 -0.22599784450410204 -0.25978017338397436 0.37744361608781996 0.51612273799750585 -0.2961758439728317 0 0 0 0.15404953191455539 0.18342827128421332 0 -0.011529039565011284 0 0 -1.2353320047357323 1.0330023018119971 0 0.36685654256842665 0 0 -0.94884091153264472 -2.8026229424393563 -0.47719100443368212 0 -0.43775396557385776 0.18342827128421332 0.664876341454119 -0.68232167760130447 -0.051922622973229964 -0.40922683494477524 0.10393521278071166 0 -3.3324505670040692 -1.453632946490818 0.36774012134337447 0
leaf_weight=36.374437749385834 14280.278048574924 59.651051104068756 35.425388038158417 24852.5642619133 131.97531723976135 1426.9064145088196 8891.1456769108772 5005.5914540886879 28969.98746740818 66.781369626522064 176.51439201831818 260.11223411560059 1439.8945151567459 71.538667678833008 343.16070580482483 340.18404829502106 58.603841781616211 51.102042078971863 819.27756279706955 1554.8450608253479 174.07367295026779 265.57718580961227 55.274149656295776 55.120173215866089 39.839235067367554 299.0824179649353 60.916016161441803 44.78859955072403 54.911283910274506 48.597766876220703 318.29486471414566 88.092709064483643 106.23514419794083 1176.4299178719521 111.3282675743103 143.293321788311 4228.2032054662704 166.16235059499741 55.989576101303101 384.49385750293732 101.14017379283905 55.204506874084473 31.461222529411316 27.091202557086945 38.060447037220001 67.483534932136536 25.543335616588593 80.613930642604828 33.598935842514038 39.67940765619278 1279.502956867218 529.53070116043091 68.956442534923553 1967.0436118245125
leaf_count=25 14512 34 33 32291 101 914 10332 4465 25931 76 64 305 1191 18 267 270 60 41 692 1531 37 220 41 46 9 228 68 63 78 29 156 49 60 1457 134 124 1425 40 24 154 78 78 36 34 24 46 33 75 45 36 346 314 31 2436
internal_value=-0.00888393 -0.000840164 -0.000139434 -0.0254292 -0.000585109 -6.399e-05 0.000418018 -0.00277311 0.00144595 0.0179907 -0.020541 -0.0260499 -0.0111396 -0.0232519 -0.00881886 -0.0116139 0.0208923 -0.0049031 -0.00701949 -0.0088898 -0.0012914 -0.000459476 -0.0131508 -0.005464 0.00133599 -0.0117464 0.0230142 -0.0165228 -0.0237239 -0.0174631 -0.0190172 0.0038143 -0.0156138 0.0240255 0 0.00402906 -0.0243157 -0.0255045 -0.0169609 -0.019909 -0.0126467 0.000109966 0.00202644 0.00168053 0.00723965 0.000471192 0.0107472 -0.00921322 -0.00757866 -0.00714685 -0.0248903 -0.0183114 0.014196 -0.0216666
internal_weight=101094 68028.1 65697.9 33065.4 64128.5 61122.1 57147 13896.7 43250.3 1569.37 2330.18 32089.3 3006.43 7236.75 2388.82 1780.08 1421.98 976.122 3975.1 2981.75 993.351 608.738 874.164 193.429 502.612 473.51 1272.77 343.871 7043.33 627.005 578.407 462.773 747.03 1211.86 342.714 254.622 6416.32 4394.37 691.755 617.609 233.115 129.639 149.207 138.309 93.265 127.135 84.1472 147.395 65.0602 66.7706 1456.02 635.766 120.058 2021.95
internal_count=101207 63507 62578 37700 60695 58414 55240 14797 40443 1883 929 36894 2281 4603 1948 1461 1732 806 3174 2445 729 487 519 134 388 418 1558 291 4469 490 461 379 439 1490 307 258 3979 1465 398 333 179 127 174 88 102 80 93 151 81 70 410 374 72 2514
is_linear=0
shrinkage=0.0550285


Tree=2
num_leaves=55
num_cat=0
split_feature=16 2 49 22 6 35 28 26 8 2 16 25 11 8 49 51 33 26 35 25 31 6 8 22 11 6 27 8 6 6 3 35 11 22 27 27 11 4 35 5 3 4 33 16 25 35 36 33 1 25 11 11 31 36
split_gain=4420.54 371.46 165.189 152.169 90.9083 66.7196 56.0073 43.9091 60.0676 40.8638 40.5519 24.97 24.4057 21.1056 18.5668 16.4215 14.8058 13.9113 13.7895 13.185 13.124 12.9822 12.0192 11.0198 10.4398 10.2504 9.8544 9.68145 8.01336 16.9983 9.51505 7.91574 7.02331 6.40347 7.6458 5.80866 5.72431 5.16331 5.13544 4.83977 4.7507 4.23065 4.22466 4.16706 4.13827 4.11131 3.66542 3.38884 3.36497 3.24309 4.15987 2.78482 2.71181 2.8595
threshold=-3.498293280601501 14.263868331909181 1.5000000000000002 0.3669689148664475 48.891017913818366 48.362033843994148 17.849355697631839 0.00013516211038222539 0.021330021321773533 29.893645286560062 -0.59874689579009999 -0.0083232121542096121 1.0000000180025095e-35 0.011658251751214268 1.5000000000000002 1.0000000180025095e-35 85.535896301269545 0.0042015546932816514 125.51826095581056 -0.018971597775816914 38.500000000000007 -1.0528625249862669 0.021330021321773533 0.24032820016145709 0.37903770804405218 -43.427698135375969 0.00010187335283262656 0.40730327367782598 -1.0000000180025095e-35 1.0000000180025095e-35 8.4685006141662615 29.043992996215824 0.045303115621209152 0.41318061947822576 0.0018686209223233166 -1.0000000180025095e-35 0.010684153065085413 -6.0602989196777335 4.676769733428956 -17.740363121032711 3.3329128026962285 16.778962135314945 103.87083435058595 0.52443259954452526 -0.0012045900220982728 398.78746032714849 0.64056271314620983 85.535896301269545 8.3370246887207049 0.019128621555864814 0.003894567373208702 0.013725080061703922 830.50000000000011 0.82426327466964733
decision_type=2 2 2 2 2 2 2 2 2 2 2 2 2 2 2 2 2 2 2 2 2 2 2 2 2 2 2 2 2 2 2 2 2 2 2 2 2 2 2 2 2 2 2 2 2 2 2 2 2 2 2 2 2 2
left_child=3 2 4 13 5 6 10 8 -7 28 -2 -8 -5 15 33 23 -9 32 19 -19 -17 25 52 -1 -23 -4 44 -20 30 39 47 40 38 34 36 51 -14 -34 -6 -30 -31 -32 -37 -33 -16 -27 -41 -3 -24 50 -35 -22 53 -11
right_child=1 9 21 12 17 7 11 16 -10 22 -12 -13 14 -15 26 20 -18 18 27 -21 35 24 48 -25 -26 45 -28 -29 29 31 41 43 37 49 -36 42 -38 -39 -40 46 -42 -43 -44 -45 -46 -47 -48 -49 -50 -51 -52 -53 -54 -55
leaf_value=0.55028482697245262 0.17088901712908211 0.40712744056617584 -0.12561555159046459 0 -0.32928656526252265 -0.069921837956838512 -0.43965240616841283 -0.32845736952326077 -0.4141024138278937 -1.3752324514251288 0.016285236822539177 -0.053126985201176091 0 0 0.096027205054855735 0.38401877728038225 0.078150011732666891 0.19067336895414796 0.17584342901834324 -0.64479513072786676 0 0.4075124696869713 -1.6296159920602882 0 -0.61917752844625806 1.0113416264301327 0 -0.85960335903556806 -0.4560620626450349 -0.23719040753500775 -0.28291805372484702 -0.2926651882565553 -2.7889153078478994 0 0 0 0 -0.51242220947497741 -0.78380093662413131 -1.3347794540731492 -0.71596092003930711 -1.0061274775813991 0.6832441871521453 0.46306732851895666 0 0.12847802893006915 -1.1639735340660737 -0.26677483946175401 -3.2916247086715011 0 0 0 -0.12458511620411714 -0.56705256381739266
leaf_weight=87.251141667366028 16275.273641109467 142.20866310596466 53.808446824550629 24852.5642619133 32.536896944046021 10082.968244493008 1225.472424864769 432.08688747882843 4475.7932652235031 505.01580780744553 14337.297891020775 6038.454366505146 339.24016392230988 164.57897299528122 71.538667678833008 117.09750443696976 6241.4230591058731 43.62813413143158 456.46325916051865 1158.768434882164 134.56744349002838 404.02859032154083 348.73007476329803 291.19141817092896 37.625260591506958 997.5944412946701 55.120173215866089 62.715691685676575 66.936691224575043 130.71898001432419 190.01812541484833 464.24087005853653 267.88440251350403 1946.2954617142677 70.173997819423676 44.664523422718048 349.59835243225098 165.1171560883522 379.15690195560455 550.11021018028259 605.58529978990555 142.21783339977264 108.19585901498795 112.73148655891418 66.770610213279724 40.389800727367401 91.465333998203278 50.277734816074371 1291.3272061944008 166.16235059499741 4171.8549910187721 28.575564086437225 48.314615607261658 79.700495958328247
leaf_count=83 12667 101 50 32291 10 10837 540 449 3903 335 15898 5192 406 66 18 70 7423 17 364 995 163 476 130 287 36 1229 46 27 54 99 160 503 83 2406 18 25 115 79 358 255 457 93 95 76 70 49 33 59 372 40 1484 17 37 61
internal_value=-0.00885323 -0.000829026 0.000292207 -0.0253582 -0.00014974 0.000288736 0.00167457 -0.00217826 -0.00387456 -0.0155537 0.00270712 -0.00266152 -0.0260099 -0.00381757 -0.0230743 -2.8239e-05 0.00150589 -0.0102882 -0.00732505 -0.0105596 0.00714437 0.0181275 -0.0209683 -0.00852403 0.00966947 0.0214363 -0.005464 0 -0.010671 -0.0122744 -0.00427185 -0.00840745 -0.0161814 -0.0235414 -0.0180919 0.00092601 -0.0198538 -0.0213388 -0.0104519 -0.019265 -0.0122448 -0.0100154 0.00889821 -0.00330727 0.00168053 0.0226536 -0.0207752 0.00507339 -0.0235636 -0.0241791 -0.0244192 -0.00588192 -0.0140442 -0.0150841
internal_weight=101094 68028.1 63208.5 33065.4 61675 59108.8 37876.5 21232.3 14558.8 4819.6 30612.6 7263.93 32089.3 976.122 7236.75 811.543 6673.51 2566.27 1721.58 1202.4 433.101 1533.45 2273.09 378.443 441.654 1091.79 193.429 519.179 2546.51 2021.79 524.722 1313.28 844.695 7043.33 759.013 316.003 688.839 433.002 411.694 708.512 736.304 332.236 152.86 576.972 138.309 1037.98 641.576 192.486 1640.06 6284.31 6118.15 163.143 633.031 584.716
internal_count=101207 63507 60682 37700 58842 56909 34297 22612 14740 2825 28565 5732 36894 806 4603 740 7872 1933 1403 1012 370 1840 935 370 512 1328 134 391 1890 1477 413 1135 530 4469 539 300 521 162 368 342 556 253 120 579 88 1278 288 160 502 3930 3890 180 433 396
is_linear=0
shrinkage=0.0550285


end of trees

feature_importances:
price_std_60d=23
return_60d=18
macd_line=13
bb_pct_b=9
macd_histogram=8
return_7d=7
events_next_30d_game_update=7
return_14d=6
price_log=6
volume_std_30d=6
volume_mean_30d=5
volume_std_60d=5
price_std_14d=4
vol_regime_60_30=4
volume_lag_1d=4
return_1d=3
return_30d=3
price_std_7d=3
log_return_1d=3
volume_log_change_1d=3
return_3d=2
price_accel_7d=2
macd_signal=2
distance_to_resistance=2
events_next_30d_major=2
item_type_skin=2
item_type_sticker=2
price_zscore_30d=1
bb_width=1
rsi_14=1
distance_to_support=1
volume_lag_7d=1
volume_zscore_30d=1
volume_price_conf_7d=1
item_type_graffiti=1

parameters:
[boosting: gbdt]
[objective: quantile]
[metric: quantile]
[tree_learner: serial]
[device_type: cpu]
[data_sample_strategy: bagging]
[data: ]
[valid: ]
[num_iterations: 1000]
[learning_rate: 0.0550285]
[num_leaves: 55]
[num_threads: -1]
[seed: 42]
[deterministic: 0]
[force_col_wise: 0]
[force_row_wise: 0]
[histogram_pool_size: -1]
[max_depth: 7]
[min_data_in_leaf: 30]
[min_sum_hessian_in_leaf: 0.001]
[bagging_fraction: 0.7]
[pos_bagging_fraction: 1]
[neg_bagging_fraction: 1]
[bagging_freq: 5]
[bagging_seed: 400]
[bagging_by_query: 0]
[feature_fraction: 0.6]
[feature_fraction_bynode: 1]
[feature_fraction_seed: 30056]
[extra_trees: 0]
[extra_seed: 12879]
[early_stopping_round: 0]
[early_stopping_min_delta: 0]
[first_metric_only: 0]
[max_delta_step: 0]
[lambda_l1: 2]
[lambda_l2: 1]
[linear_lambda: 0]
[min_gain_to_split: 0.1]
[drop_rate: 0.1]
[max_drop: 50]
[skip_drop: 0.5]
[xgboost_dart_mode: 0]
[uniform_drop: 0]
[drop_seed: 17869]
[top_rate: 0.2]
[other_rate: 0.1]
[min_data_per_group: 100]
[max_cat_threshold: 32]
[cat_l2: 10]
[cat_smooth: 10]
[max_cat_to_onehot: 4]
[top_k: 20]
[monotone_constraints: ]
[monotone_constraints_method: basic]
[monotone_penalty: 0]
[feature_contri: ]
[forcedsplits_filename: ]
[refit_decay_rate: 0.9]
[cegb_tradeoff: 1]
[cegb_penalty_split: 0]
[cegb_penalty_feature_lazy: ]
[cegb_penalty_feature_coupled: ]
[path_smooth: 0]
[interaction_constraints: ]
[verbosity: -1]
[saved_feature_importance_type: 0]
[use_quantized_grad: 0]
[num_grad_quant_bins: 4]
[quant_train_renew_leaf: 0]
[stochastic_rounding: 1]
[linear_tree: 0]
[max_bin: 63]
[max_bin_by_feature: ]
[min_data_in_bin: 3]
[bin_construct_sample_cnt: 200000]
[data_random_seed: 175]
[is_enable_sparse: 1]
[enable_bundle: 1]
[use_missing: 1]
[zero_as_missing: 0]
[feature_pre_filter: 0]
[pre_partition: 0]
[two_round: 0]
[header: 0]
[label_column: ]
[weight_column: ]
[group_column: ]
[ignore_column: ]
[categorical_feature: ]
[forcedbins_filename: ]
[precise_float_parser: 0]
[parser_config_file: ]
[objective_seed: 16083]
[num_class: 1]
[is_unbalance: 0]
[scale_pos_weight: 1]
[sigmoid: 1]
[boost_from_average: 1]
[reg_sqrt: 0]
[alpha: 0.5]
[fair_c: 1]
[poisson_max_delta_step: 0.7]
[tweedie_variance_power: 1.5]
[lambdarank_truncation_level: 30]
[lambdarank_norm: 1]
[label_gain: ]
[lambdarank_position_bias_regularization: 0]
[eval_at: ]
[multi_error_top_k: 1]
[auc_mu_weights: ]
[num_machines: 1]
[local_listen_port: 12400]
[time_out: 120]
[machine_list_filename: ]
[machines: ]
[gpu_platform_id: -1]
[gpu_device_id: -1]
[gpu_use_dp: 0]
[num_gpu: 1]

end of parameters

pandas_categorical:[]
