tree
version=v4
num_class=1
num_tree_per_iteration=1
label_index=0
max_feature_idx=55
objective=quantile
feature_names=price_lag_1d return_1d return_3d return_7d return_14d return_30d return_60d price_std_7d price_std_14d price_max_14d price_std_20d price_std_30d price_std_60d price_max_60d price_zscore_30d vol_regime_60_30 trend_divergence_30_60 price_accel_7d price_log price_tier log_return_1d log_return_7d autocorr_1d autocorr_7d bb_lower bb_pct_b bb_width rsi_14 macd_line macd_signal macd_histogram volume_missing volume_lag_1d volume_lag_7d volume_std_30d volume_std_60d volume_log_change_1d volume_log_change_7d volume_zscore_30d volume_price_conf_7d volume_price_conf_1d rsi_missing macd_missing market_return_1d market_return_7d market_return_14d market_return_30d market_volatility_30d market_volume_mean_30d market_regime_crash market_regime_bear market_regime_range market_regime_bull market_regime_mania market_regime_duration_days market_return_30d_percentile
feature_infos=[0.029999999329447746:1063.197998046875] [-99.939308166503906:500] [-99.979118347167969:500] [-99.964942932128906:500] [-99.956832885742188:500] [-99.987953186035156:500] [-99.987953186035156:500] [0:348.81967163085938] [0:308.44210815429688] [0.029999999329447746:1241.4320068359375] [0:308.44210815429688] [0:308.44210815429688] [0:308.44210815429688] [0.029999999329447746:1241.4320068359375] [-4.96368408203125:5.2946515083312988] [0.70131605863571167:12714.2763671875] [-305185108787200:1784251284455424] [-599.9649658203125:599.04315185546875] [-3.5065579414367676:7.0257081985473633] [0:4] [-7.4071354866027832:6.3817596435546875] [-7.9560341835021973:6.3817596435546875] [-49969.65625:250000] [-49982.47265625:250000] [-100.32864379882812:503.13418579101562] [-0.54432862997055054:1.5621323585510254] [0.0052860737778246403:17.794893264770508] [0:99.986900329589844] [-46.650047302246094:40.569301605224609] [-44.387897491455078:30.516359329223633] [-12.661114692687988:31.298982620239258] none [1:436437] [1:436437] [0:112122.078125] [0:112122.078125] [-6.6437897682189941:8.7018451690673828] [-7.8009819984436035:7.2534704208374023] [-4.7446150779724121:5.2937369346618652] [-99.964942932128906:500] [-99.892494201660156:500] [0:1] [0:1] [-6.2696447372436523:11.567429542541504] [-10.341885566711426:18.729671478271484] [-15.97234058380127:29.384040832519531] [-19.656915664672852:44.672813415527344] [0.044484592974185944:1.3409422636032104] [351.5101318359375:2391.521484375] [0:1] [0:1] [0:1] [0:1] [0:1] [1:35] [0.0036496350076049566:1]
tree_sizes=4910 5159 5127 5178 5134 5170 5152 5180 5127 5176 5157 5151 5205 5109 5194 5155 5172 5173

Tree=0
num_leaves=55
num_cat=0
split_feature=26 20 7 20 2 14 33 26 7 37 2 20 26 20 2 20 2 25 37 28 45 3 24 45 22 22 24 37 44 22 12 45 3 19 2 24 22 44 2 44 5 3 45 14 37 44 15 26 2 5 32 44 34 2
split_gain=1353.73 415.876 346.661 137.844 91.3772 71.9387 54.9911 41.082 39.5532 27.7212 27.3393 21.0882 21.0799 19.5433 18.3899 17.8175 16.5256 14.8831 14.8546 14.7455 15.8579 14.0249 10.4003 10.2329 9.55799 9.96427 8.2934 8.29271 8.03708 7.56986 7.25533 6.93405 5.98005 5.85514 5.84558 5.84024 5.79626 5.19537 5.00708 8.69126 4.90418 4.84358 4.58141 4.24178 4.2257 4.01575 3.83734 4.09346 3.71093 3.16223 3.16007 3.13259 2.89224 3.79637
threshold=0.22305540740489962 -0.054921273142099374 1.0000000180025095e-35 -0.044712161645293229 -8.3885383605957013 -0.2784609049558639 39.500000000000007 0.12068347632884981 1.0000000180025095e-35 0.40063250064849859 -5.8076162338256827 -0.080013852566480623 0.41184656322002416 -0.095269631594419465 43.350503921508796 -0.15983255952596662 -7.5882830619812003 0.26935419440269476 0.25140218436717993 0.0018167204689234497 -4.4628438949584952 -5.7188560962676993 0.26362155377864843 -6.445070505142211 33.977012634277351 -12.978978157043455 0.4003529697656632 -0.64346793293952931 2.6326118707656865 -930.51425170898426 1.0000000180025095e-35 -3.2217694520950313 -0.77506598830223072 1.0000000180025095e-35 -1.2248545885086057 0.083992246538400664 81.095695495605483 -1.2914614677429197 -7.5882830619812003 -1.2914614677429197 -1.0000000180025095e-35 -7.3168175220489493 -6.445070505142211 -1.4091545939445493 -0.51722854375839222 2.6326118707656865 0.84744364023208629 0.28652788698673254 -10.589309215545653 -3.7033165693283077 106.50000000000001 1.6361131668090823 7.2122581005096444 -0.33104021847248072
decision_type=2 2 2 2 2 2 2 2 2 2 2 2 2 2 2 2 2 2 2 2 2 2 2 2 2 2 2 2 2 2 2 2 2 2 2 2 2 2 2 2 2 2 2 2 2 2 2 2 2 2 2 2 2 2
left_child=2 5 30 11 19 6 10 26 50 12 15 21 28 17 -14 40 31 23 22 20 43 27 -18 -8 25 -22 -5 -4 -10 32 -1 -9 -7 41 -23 52 -17 -20 39 -13 -2 -12 -15 -3 -44 -37 -11 -48 -29 -21 -6 -51 53 -31
right_child=1 4 3 7 8 29 13 16 9 46 33 38 14 42 -16 36 18 -19 37 49 24 34 -24 -25 -26 -27 -28 48 -30 35 -32 -33 -34 -35 -36 45 -38 -39 -40 -41 -42 -43 44 -45 -46 -47 47 -49 -50 51 -52 -53 -54 -55
leaf_value=6.2697467136595746 8.6162928652996129 6.5202158829972721 6.9848952557294544 6.4582761809166653 6.2697467136595746 7.814039381298123 6.7828028515775003 6.4705711127855503 6.5289056428585202 6.6827490613021885 8.1843215364968032 6.5237158550652001 6.6961624063071854 6.5883231110300313 6.2697467136595746 7.0737899764666379 6.5025777746038962 7.1567308067918489 6.462104430574227 7.2377787658795931 7.357237821250413 6.6644423834311572 6.4568565415035124 7.2518278466228834 7.7693492320983246 6.8802581586346996 6.4125908021845301 6.8864533473126013 6.5809325017766271 7.6442246548513086 6.2697467136595746 6.6003354327590031 6.793243999327065 6.7551825222756872 6.5905091968253329 6.7108770161683111 7.9926965580750196 6.5454337707778256 6.5651095347414623 6.7011624479169054 8.4630064748287559 7.2282088536166631 7.0502951512471723 6.8431160323590703 6.7376307297263036 6.8246181216437538 6.6143366825426639 6.7945301540380179 6.6770009152633563 6.6564703192131907 6.2697467136595746 6.809645838135947 6.9842265212471508 6.9678522203472708
leaf_weight=80201 895 565 106 11045 1978 224 217 415 20245 2586 609 321 20236 373 1670 1131 15636 1325 1545 366 1333 689 25073 1424 419 3482 19838 234 10860 137 13111 1938 798 298 509 1872 255 8750 4615 639 318 761 388 363 1855 1272 2444 6820 557 1475 1940 1225 2513 135
leaf_count=80201 895 565 106 11045 1978 224 217 415 20245 2586 609 321 20236 373 1670 1131 15636 1325 1545 366 1333 689 25073 1424 419 3482 19838 234 10860 137 13111 1938 798 298 509 1872 255 8750 4615 639 318 761 388 363 1855 1272 2444 6820 557 1475 1940 1225 2513 135
internal_value=6.4935 6.49685 6.49178 6.49328 6.49579 6.50176 6.50366 6.49288 6.49535 6.49556 6.50662 6.49771 6.49522 6.50139 6.49604 6.50886 6.49346 6.50332 6.49333 6.49901 6.49999 6.50067 6.49303 6.50555 6.50072 6.50027 6.49188 6.50396 6.49464 6.49907 6.4903 6.49628 6.49626 6.50311 6.49817 6.49954 6.50609 6.4945 6.49659 6.49889 6.51198 6.50409 6.49919 6.49578 6.49978 6.49849 6.49707 6.4974 6.50264 6.49703 6.492 6.49659 6.50072 6.50434
internal_weight=280029 94807 185222 91910 78007 16800 9849 84240 68779 64861 4267 7670 53011 5582 21906 2599 53357 2966 51004 9228 6162 2095 40709 1641 5234 4815 30883 897 31105 6951 93312 2353 1022 1668 1198 5929 1386 10295 5575 960 1213 1370 2616 928 2243 3144 11850 9264 791 3066 3918 2700 2785 272
internal_count=280029 94807 185222 91910 78007 16800 9849 84240 68779 64861 4267 7670 53011 5582 21906 2599 53357 2966 51004 9228 6162 2095 40709 1641 5234 4815 30883 897 31105 6951 93312 2353 1022 1668 1198 5929 1386 10295 5575 960 1213 1370 2616 928 2243 3144 11850 9264 791 3066 3918 2700 2785 272
is_linear=0
shrinkage=1


Tree=1
num_leaves=55
num_cat=0
split_feature=26 1 9 1 2 2 26 0 5 26 1 38 1 4 38 32 2 32 15 24 2 37 18 0 32 4 39 6 45 28 18 4 18 18 9 32 45 27 38 37 34 27 45 27 5 8 34 12 0 27 18 48 0 2
split_gain=1240.23 355.959 344.276 126.508 76.5301 61.5259 40.4012 34.6348 34.2163 30.2445 24.579 19.9124 19.112 15.5293 15.0132 14.9985 13.9678 12.7141 12.6121 11.9611 11.4912 11.2034 10.3251 10.0475 9.91541 9.19063 9.10045 8.53997 8.20763 9.88221 9.24146 7.82972 7.81032 7.78197 7.34732 7.22112 6.95719 6.95272 6.50081 6.39113 6.28705 6.44755 5.78744 5.28985 4.97261 4.92717 4.9682 4.90365 4.87755 4.35145 4.24921 4.22583 4.13046 5.64773
threshold=0.22305540740489962 -5.34403371810913 0.03024999983608723 -4.3727307319641104 -8.3885383605957013 -12.175039291381834 0.12068347632884981 0.03024999983608723 -1.0000000180025095e-35 0.41184656322002416 -11.226280212402342 0.22146294265985492 -7.6896440982818595 -2.6914453506469722 0.77922353148460399 54.500000000000007 -5.8076162338256827 15.500000000000002 0.97569262981414806 0.091769527643919005 -1.2248545885086057 -1.4450328946113584 -3.498293280601501 0.38125000894069677 90.500000000000014 -3.505528330802917 6.9431416988372812 -2.010237336158752 -4.4628438949584952 0.0018167204689234497 -3.498293280601501 -5.4295403957366934 -1.1449183821678159 -0.35489088296890253 0.33325000107288366 27.500000000000004 -6.445070505142211 49.999910354614265 -0.3237373530864715 0.36507783830165869 111.90991973876955 49.732824325561531 -2.8675495386123653 55.385150909423835 -1.0000000180025095e-35 0.017846799455583099 14.238465785980226 1.0000000180025095e-35 0.17125000059604648 1.0000000180025095e-35 -1.9932655096054075 1341.9995727539065 0.25625000894069677 -4.1126365661621085
decision_type=2 2 2 2 2 2 2 2 2 2 2 2 2 2 2 2 2 2 2 2 2 2 2 2 2 2 2 2 2 2 2 2 2 2 2 2 2 2 2 2 2 2 2 2 2 2 2 2 2 2 2 2 2 2
left_child=2 5 47 12 17 8 34 24 10 11 40 32 20 15 16 19 42 25 31 44 21 -4 -15 -18 37 -3 -16 -10 -19 30 -30 -11 -9 43 -5 -12 -17 49 -20 -13 41 -2 -8 -24 -7 -29 -47 -1 -38 -6 -28 -23 53 -14
right_child=1 4 3 6 7 13 14 9 27 18 35 39 52 22 26 36 23 28 38 -21 -22 51 33 -25 -26 -27 50 45 29 -31 -32 -33 -34 -35 -36 -37 48 -39 -40 -41 -42 -43 -44 -45 -46 46 -48 -49 -50 -51 -52 -53 -54 -55
leaf_value=-0.21604918249648017 1.5847123378828902 1.1460749542623558 0.48155952702167942 -0.035361125093073154 -0.21604918249648017 1.2488619755697894 -0.036070663546699681 0.074703876808280043 1.3391950262642864 0.22094117856673959 1.0068098580184852 0.081144609086693284 0.15707327176477232 0.32523976650188458 0.022063382410954131 0.074932180297660161 0.0013601791274119887 0.10350082079271658 0.21829764410369823 0.37781400611073301 0.11748763297731363 0.22329280083209732 0.58445951872760227 -0.041395706678227978 -0.21604918249648017 0.6484465217015315 0.060659899211675736 0.77149259471201725 0.43983787861452306 0.23596444822425311 0.46786326009181517 0.11700814771351181 0.012026380680108488 0.18074794290687912 -0.075807327577315217 0.42059000818202336 0.41070140030563795 -0.05795275904054914 0.32434520940724793 0.17883842637867806 0.78113851897973641 1.5401362914493135 0.074838757580179452 0.32693006427228816 1.1219143730359262 1.4821223188277832 0.44195032392535682 -0.21604918249648017 0.1982944381698325 0.67594467332197583 0.19382390083042048 0.083613524988181101 0.055070842070384166 0.069135732052824472
leaf_weight=80195 1052 727 73 9841 182 939 703 11226 345 3632 292 7835 1075 669 8692 364 19311 984 5751 1478 578 1303 2529 20458 3435 918 555 531 535 2458 3606 8381 12726 1460 22247 795 1303 3404 6936 4327 219 282 2970 1755 485 261 1142 11294 899 944 1286 141 3054 1446
leaf_count=80195 1052 727 73 9841 182 939 703 11226 345 3632 292 7835 1075 669 8692 364 19311 984 5751 1478 578 1303 2529 20458 3435 918 555 531 535 2458 3606 8381 12726 1460 22247 795 1303 3404 6936 4327 219 282 2970 1755 485 261 1142 11294 899 944 1286 141 3054 1446
internal_value=-8.69882e-05 0.00311824 -0.0017278 -0.000259655 0.0021377 0.00766872 -0.000637939 0.00174154 0.0109197 0.00202147 0.0136088 0.00138408 0.00398001 0.00631903 -6.16077e-05 0.00768192 -0.000345202 0.00508615 0.00295191 0.00939877 0.00679809 0.00838321 0.00515058 -0.000533652 -0.000391482 0.00786109 0.00110469 0.00778501 0.00447867 0.00491876 0.00595586 0.00214458 0.000805332 0.0056238 -0.00160628 0.00954273 0.00572392 0.000661648 0.00371341 0.00252089 0.0164246 0.0173611 0.00168543 0.00637391 0.0116943 0.00684906 0.00571126 -0.00323155 0.00645696 0.00300866 0.00330933 0.00766921 0.00291381 0.00396101
internal_weight=280029 94807 185222 93733 78007 16800 86063 68779 4919 60814 2640 36114 7670 11881 53975 5468 43442 9228 24700 2902 2095 1517 6413 39769 7965 1645 10533 2279 7583 6599 4141 12013 23952 5744 32088 1087 2566 4530 12687 12162 1553 1334 3673 4284 1424 1934 1403 91489 2202 1126 1841 1444 5575 2521
internal_count=280029 94807 185222 93733 78007 16800 86063 68779 4919 60814 2640 36114 7670 11881 53975 5468 43442 9228 24700 2902 2095 1517 6413 39769 7965 1645 10533 2279 7583 6599 4141 12013 23952 5744 32088 1087 2566 4530 12687 12162 1553 1334 3673 4284 1424 1934 1403 91489 2202 1126 1841 1444 5575 2521
is_linear=0
shrinkage=0.034459


Tree=2
num_leaves=55
num_cat=0
split_feature=26 9 1 1 2 14 26 1 0 37 26 33 1 3 38 18 33 1 14 2 2 3 22 3 45 32 33 37 26 0 33 26 29 9 14 38 22 45 2 18 45 0 37 13 1 0 18 1 24 2 44 8 22 26
split_gain=1152.58 343.084 302.812 113.499 75.3412 57.2179 38.6986 36.9365 32.4652 27.0266 21.2784 17.1897 14.8672 14.6634 14.3984 13.9654 13.3321 12.8858 12.5898 12.5733 12.2373 11.2176 10.3524 10.201 9.56439 9.55186 9.38522 8.59183 8.43089 8.41685 8.1034 8.23172 7.97018 7.40764 7.29656 6.26316 6.09917 5.94945 5.66661 5.58862 5.34784 5.08234 4.89783 4.81997 4.68703 4.68094 4.44418 4.41662 4.26005 4.03875 6.90338 4.03296 3.67371 3.63401
threshold=0.22305540740489962 0.03024999983608723 -6.6663868427276602 -4.3727307319641104 -6.8891987800598136 -0.3881868422031402 0.12068347632884981 -14.77135133743286 0.03024999983608723 0.40063250064849859 0.46099971234798437 48.500000000000007 -7.6896440982818595 -10.325829982757567 0.22146294265985492 -3.498293280601501 39.500000000000007 -3.6264486312866206 -0.26040655374526972 43.350503921508796 -5.8076162338256827 -5.7188560962676993 49.234102249145515 10.345728397369387 -3.933623075485229 119.50000000000001 593.50000000000011 -2.0612913370132442 0.56962847709655773 0.38125000894069677 27.500000000000004 0.43609882891178137 0.0020700563909485941 0.33325000107288366 -0.42200689017772669 1.9695937037467959 25.003085136413578 4.264836549758912 -1.2248545885086057 -2.9327684640884395 -2.8675495386123653 0.15725000202655795 -1.4450328946113584 0.03024999983608723 -2.1589194536209102 0.03024999983608723 -1.1449183821678159 -11.226280212402342 0.083992246538400664 -7.5882830619812003 -1.2914614677429197 0.030857746489346031 -15.075653553009031 0.28652788698673254
decision_type=2 2 2 2 2 2 2 2 2 2 2 2 2 2 2 2 2 2 2 2 2 2 2 2 2 2 2 2 2 2 2 2 2 2 2 2 2 2 2 2 2 2 2 2 2 2 2 2 2 2 2 2 2 2
left_child=1 43 5 12 11 7 33 13 25 10 17 18 21 26 20 -7 22 -10 28 -12 40 27 -9 44 -13 34 42 -3 51 -22 31 -17 36 -5 -6 53 -26 48 -23 52 -8 -32 -2 -1 -16 -30 -33 -29 -15 50 -14 -4 -18 -11
right_child=2 3 4 6 8 15 14 16 9 35 19 24 49 37 23 30 39 -19 -20 -21 29 38 -24 -25 32 -27 -28 47 45 -31 41 46 -34 -35 -36 -37 -38 -39 -40 -41 -42 -43 -44 -45 -46 -47 -48 -49 -50 -51 -52 -53 -54 -55
leaf_value=-0.2086043443891123 2.3652701802099245 0.5611677908699525 0.36072318097599776 -0.034142616193523857 0.40457561640744316 0.31028720958217376 -0.043773647800926033 0.48074870622793836 0.15179347337832877 0.08896706450499009 0.21505141499355307 0.066935336449345406 0.027270724263612808 1.4882742459743781 0.051088638474577154 0.21631519405583713 0.39927993274526336 0.044738361739020363 0.38268455280762015 -0.12431952164837154 -0.0041681270989995254 0.15735122448955946 1.1974302437929794 0.15913948315024304 0.28906339204831794 -0.2086043443891123 0.18297713717637057 0.3419522148891726 1.4664269528490406 -0.047222155929189782 0.41241774335064219 1.7237440537043947 0.1871397194921057 -0.073195083112217521 -0.046573765436419397 0.37657976310795921 0.58259352110853835 1.7181413969978767 0.089611641280802262 0.26630161229215354 0.077649817809700317 0.30526726402073678 1.6585909165060404 -0.2086043443891123 0.0083485468663647266 1.3080489048437227 0.74443998254416199 0.20188694426547729 0.61920924646140252 0.066496508773021643 0.19508781093353103 0.21974684147464274 0.567636571781856 0.23155586648682544
leaf_weight=80273 155 42 983 9841 915 672 586 1244 3077 2081 14861 1443 321 510 2479 471 348 30425 1889 1322 15629 689 355 1562 3232 3051 68 239 280 16170 1724 965 2611 22247 3976 1961 502 236 509 2055 2368 2257 1341 11216 15181 1105 527 616 390 4615 639 806 354 6615
leaf_count=80273 155 42 983 9841 915 672 586 1244 3077 2081 14861 1443 321 510 2479 471 348 30425 1889 1322 15629 689 355 1562 3232 3051 68 239 280 16170 1724 965 2611 22247 3976 1961 502 236 509 2055 2368 2257 1341 11216 15181 1105 527 616 390 4615 639 806 354 6615
internal_value=-0.000148639 -0.0017304 0.00294123 -0.000264801 0.00214116 0.00768617 -0.000623125 0.00985087 0.00168477 0.00195745 0.00161836 0.00456316 0.00375091 0.0130385 -5.90541e-05 0.00537117 0.00786459 0.0011209 0.0061358 0.00264596 -0.000478207 0.00623912 0.0104045 0.000696959 0.00353571 -0.000382638 0.01525 0.00918267 0.00747353 -0.000676069 0.00590411 0.00774976 0.00411325 -0.00157084 0.000555767 0.00353481 0.0051444 0.0099528 0.00400058 0.00637579 0.00163957 0.00498366 0.0158231 -0.00323155 0.000458516 0.00953465 0.00901981 0.00835309 0.00856694 0.00280875 0.00487661 0.00585418 0.00910737 0.00312774
internal_weight=280029 185222 94807 93733 81135 13672 86063 7056 68284 60342 49685 12851 7670 2700 53975 6616 4356 33502 5063 16183 34753 2095 1599 19222 7788 7942 1564 897 3174 31799 5944 1963 6345 32088 4891 10657 3734 1136 1198 2757 2954 3981 1496 91489 17660 1385 1492 855 900 5575 960 1789 702 8696
internal_count=280029 185222 94807 93733 81135 13672 86063 7056 68284 60342 49685 12851 7670 2700 53975 6616 4356 33502 5063 16183 34753 2095 1599 19222 7788 7942 1564 897 3174 31799 5944 1963 6345 32088 4891 10657 3734 1136 1198 2757 2954 3981 1496 91489 17660 1385 1492 855 900 5575 960 1789 702 8696
is_linear=0
shrinkage=0.034459


Tree=3
num_leaves=55
num_cat=0
split_feature=7 20 26 2 2 26 20 4 38 38 11 14 20 18 0 9 27 37 18 3 18 48 20 3 20 32 20 27 32 26 20 18 5 37 47 32 32 38 55 3 27 20 39 3 26 14 27 38 14 26 37 15 26 32
split_gain=1074.52 475.402 243.516 72.1743 51.4473 42.6102 28.2075 26.3904 22.4866 16.2755 15.8201 15.8021 15.5243 14.2282 12.462 12.2607 11.8244 10.8469 10.0243 9.96757 8.73607 8.55981 7.89883 7.8029 7.34848 6.75902 6.46186 6.43861 6.1246 5.88867 5.73227 5.35637 5.26801 5.06643 4.98244 4.90789 4.81973 4.47738 4.37362 4.22621 3.99737 3.91617 3.87709 3.83644 3.79199 3.58162 6.01692 3.51743 3.50648 3.45536 3.43689 3.15838 2.93059 2.76233
threshold=1.0000000180025095e-35 -0.054921273142099374 0.23800963163375857 -10.589309215545653 -10.589309215545653 0.13030979782342914 -0.15983255952596662 -1.4561725854873655 -0.07808391377329825 0.22146294265985492 1.0000000180025095e-35 -0.2784609049558639 -0.095269631594419465 -1.1449183821678159 0.3067499995231629 0.41825000941753393 49.999910354614265 0.65937238931655895 -2.2803375720977779 -5.7188560962676993 -3.498293280601501 882.37402343750011 -0.023865371942520138 9.4400377273559588 0.021497378125786785 30.500000000000004 -0.036938384175300591 22.889347076416019 143.50000000000003 0.56962847709655773 -0.018039190210402008 -0.28568428754806513 -6.831932306289672 -0.51722854375839222 0.48028323054313665 60.500000000000007 51.500000000000007 1.9695937037467959 0.91508141160011303 -1.3973076343536375 38.650409698486335 -0.026078404858708378 5.2948431968688974 -1.0863009095191953 0.17275116592645648 -0.66005724668502797 33.786556243896491 0.32210367918014532 -0.42200689017772669 0.49089157581329351 -1.145099341869354 0.81155872344970714 0.26543918251991278 106.50000000000001
decision_type=2 2 2 2 2 2 2 2 2 2 2 2 2 2 2 2 2 2 2 2 2 2 2 2 2 2 2 2 2 2 2 2 2 2 2 2 2 2 2 2 2 2 2 2 2 2 2 2 2 2 2 2 2 2
left_child=10 3 5 6 16 15 7 27 13 14 -1 12 19 26 22 47 24 21 45 33 -13 -10 -7 30 36 38 -6 49 -16 -15 -11 44 -29 -5 -26 52 -4 -19 -20 -18 -37 -17 -43 -9 -22 46 -8 -3 -21 -2 -27 -41 -14 -12
right_child=1 2 4 11 8 9 18 43 17 23 53 20 35 29 28 41 39 37 25 48 31 -23 -24 -25 34 50 -28 32 -30 -31 -32 -33 -34 -35 -36 40 -38 -39 -40 51 -42 42 -44 -45 -46 -47 -48 -49 -50 -51 -52 -53 -54 -55
leaf_value=-0.20141604793492016 1.2986979336064179 -0.034486389139720984 0.65766331303869086 1.2737971657921279 0.19365603327106401 0.075074848302331285 0.39771065314371606 1.337089142677208 0.18161994919179597 0.063049945983366718 -0.20141604793492016 -0.0045121287080575048 0.116542350082042 0.011551343063006855 -0.016686803619201919 -0.011685489689568066 0.49513236613622585 0.2501471989894023 0.63000429138956671 0.48482108008448238 0.03842123286731354 0.1007328584574347 0.0038987230145573217 0.14018819654785766 0.88251334244874946 0.89804867396619292 0.12848598741129125 1.6705820790011086 -0.059311912910900572 0.14309389922670959 0.013287545778658986 0.10947392636721737 1.3407268091607685 0.61204362878510599 1.6963554644954222 0.07260243527624953 0.29046485009334083 0.5028864140528162 0.073000338914963422 0.035290748658920096 0.12860760803686022 -0.077088032783238877 0.0088702990218548234 0.70074590401887316 0.31875859547942004 0.5291764835870334 0.71728426997942241 0.0095759508276230844 0.35538108908253918 0.25587265240360552 0.25987575138248392 0.35540264223898982 0.44291138652650469 -0.20141604793492016
leaf_weight=86629 32 9242 1069 388 1508 2809 237 425 8024 3658 6161 609 1098 12207 12225 2172 1060 3891 589 1314 404 13503 12663 2235 862 93 17570 853 7729 3804 13464 1518 473 1468 157 1157 1645 1583 86 607 1809 20632 963 379 4430 574 679 4356 525 85 1713 1167 1056 4440
leaf_count=86629 32 9242 1069 388 1508 2809 237 425 8024 3658 6161 609 1098 12207 12225 2172 1060 3891 589 1314 404 13503 12663 2235 862 93 17570 853 7729 3804 13464 1518 473 1468 157 1157 1645 1583 86 607 1809 20632 963 379 4430 574 679 4356 525 85 1713 1167 1056 4440
internal_value=-0.00020992 0.00134671 0.000696546 0.00609843 0.00225014 -0.000460631 0.00924891 0.0123596 0.00194241 0.00015077 -0.00313683 0.00485401 0.00582981 0.0013651 -0.000287524 -0.00135794 0.00515363 0.0026913 0.00747739 0.00754723 0.0036127 0.00233904 0.000444962 0.000954662 0.00643868 0.00609349 0.00200154 0.0151701 -0.000857202 0.000604517 0.000701938 0.00399102 0.0158766 0.00935978 0.00898974 0.00458242 0.00546521 0.00406962 0.00909901 0.00344711 0.00363985 -0.00183067 -0.00197139 0.00725993 0.00455842 0.00975298 0.0111757 -0.000529087 0.0056951 0.00680419 0.00494669 0.0023801 0.00586203 -0.00187246
internal_weight=280029 182799 160805 21994 68657 92148 6218 2247 62090 54783 97230 15776 8815 35089 35426 37365 6567 27001 3971 3695 6961 21527 15472 19357 3733 2481 19078 1443 19954 16011 17122 6352 1326 1856 1019 5120 2714 5474 675 2834 2966 23767 21595 804 4834 1490 916 13598 1839 117 1806 1774 2154 10601
internal_count=280029 182799 160805 21994 68657 92148 6218 2247 62090 54783 97230 15776 8815 35089 35426 37365 6567 27001 3971 3695 6961 21527 15472 19357 3733 2481 19078 1443 19954 16011 17122 6352 1326 1856 1019 5120 2714 5474 675 2834 2966 23767 21595 804 4834 1490 916 13598 1839 117 1806 1774 2154 10601
is_linear=0
shrinkage=0.034459


Tree=4
num_leaves=55
num_cat=0
split_feature=7 1 26 2 2 26 33 37 2 14 1 46 44 37 12 6 36 27 4 44 24 3 33 44 28 12 2 26 45 34 47 14 45 22 27 46 3 22 4 22 24 14 44 44 23 45 33 27 14 39 1 24 2 1
split_gain=1032.12 418.595 221.415 65.6561 44.8153 40.9091 32.6176 18.8258 15.6926 15.4709 17.8689 15.317 14.8179 14.0101 13.9169 12.8689 11.6154 11.1785 9.86799 9.83632 8.67315 8.48566 8.07076 7.9584 7.07409 8.1413 7.01718 6.76327 6.73863 6.14455 6.1251 4.97238 4.79244 4.79067 4.36297 4.28955 4.28099 4.13298 4.08545 4.06276 4.27089 3.89354 3.54408 3.51973 3.30696 3.30159 3.29112 3.28067 3.13447 2.9809 2.92708 2.82246 2.44749 2.42969
threshold=1.0000000180025095e-35 -5.34403371810913 0.23800963163375857 -12.175039291381834 -10.589309215545653 0.12068347632884981 36.500000000000007 0.40063250064849859 -5.8076162338256827 -0.2784609049558639 -9.0872225761413556 11.891403675079347 2.6326118707656865 0.33320663869380956 1.0000000180025095e-35 -10.525321483612059 -1.3578538894653318 49.999910354614265 -20.737012863159176 -1.764030873775482 0.4003529697656632 -7.3168175220489493 112.50000000000001 0.11949547380208971 -0.044383093714714043 0.018341659568250183 -19.224610328674313 0.17781294137239459 4.0695350170135507 7.2122581005096444 0.57464936375617992 -0.3881868422031402 -2.3440705537796016 19.525568008422855 25.930253028869632 6.5971083641052255 -1.3973076343536375 -104.34057617187499 -11.42670965194702 -930.51425170898426 0.50981462001800548 0.27272397279739385 0.23040226846933368 0.23040226846933368 -2.2404718399047847 14.508174419403078 18.500000000000004 36.497564315795906 -0.18257800489664075 3.4884817600250249 -2.5741299390792842 0.13164688646793368 4.5733590126037607 33.343101501464851
decision_type=2 2 2 2 2 2 2 2 2 2 2 2 2 2 2 2 2 2 2 2 2 2 2 2 2 2 2 2 2 2 2 2 2 2 2 2 2 2 2 2 2 2 2 2 2 2 2 2 2 2 2 2 2 2
left_child=14 3 5 6 17 20 15 12 19 10 21 13 22 -10 -1 38 41 26 -14 -7 45 29 -6 46 35 -26 30 -11 -13 -5 -4 34 -28 -25 -17 -18 51 -23 43 44 -41 -8 -9 -2 -29 -3 -12 -21 -16 50 -22 -19 -51 -44
right_child=1 2 4 9 7 8 16 42 11 27 23 28 18 -15 48 31 24 36 -20 47 49 37 -24 33 25 -27 32 39 -30 -31 -32 -33 -34 -35 -36 -37 -38 -39 -40 40 -42 -43 53 -45 -46 -47 -48 -49 -50 52 -52 -53 -54 -55
leaf_value=-0.19447545296587526 1.7951906048148374 -0.029958075994042644 0.85153699889157364 2.3674072003327846 0.11197193117856065 -0.019681639756635845 1.2822592446714316 0.16830076457501808 -0.020668685306215143 0.021196285650936373 0.31831382625751092 0.21596068426200851 0.49905290572741506 0.046163540892400511 -0.19447545296587526 0.27969481394785811 0.42823937071231744 0.6857339283737931 0.1151651726984828 0.026033320213932745 -0.018680798082067962 0.40441359559305545 0.027182202399690512 0.1585305603620093 0.46794232419176623 0.34342938392457462 0.12728077351408609 1.1567091297109573 0.067993946531355459 0.48770474321521934 2.0257374798252772 0.99809607894702457 0.44384602536449141 0.39962217913607817 1.3121169123075853 1.425680049355122 0.27870848037542001 0.49290008580216549 1.2586653480715042 0.30119836936164573 0.12236280359355763 0.10176472559972685 0.25070223008842768 1.9019940529229489 0.0077030279145002926 0.15132815685861783 0.078728050548679596 0.095241966039611145 -0.19447545296587526 -0.04603598745398467 -0.07820105670650758 0.17702049000173761 0.11556949390444879 0.17064257262247601
leaf_weight=80201 260 11211 1253 343 17558 1431 119 3887 43990 797 275 173 1218 7796 6032 54 219 617 17237 846 1679 1124 14533 2631 854 1829 789 324 3009 1536 145 464 1546 407 684 60 1774 1067 319 4229 1269 15.999999999999998 7117 317 587 94 2210 3466 10997 1149 16939 443 365 540
leaf_count=80201 260 11211 1253 343 17558 1431 119 3887 43990 797 275 173 1218 7796 6032 54 219 617 17237 846 1679 1124 14533 2631 854 1829 789 324 3009 1536 145 464 1546 407 684 60 1774 1067 319 4229 1269 16 7117 317 587 94 2210 3466 10997 1149 16939 443 365 540
internal_value=-0.000268248 0.00125736 0.00064726 0.00571617 0.00212868 -0.000456143 0.00910882 0.00184141 6.57819e-05 0.00466448 0.00557687 -0.000112714 0.00155323 -0.000255913 -0.00313683 0.0124473 0.00683285 0.00483884 0.00233293 0.00177994 -0.00146515 0.0073218 0.00110371 0.00428367 0.00635916 0.00578639 0.006088 0.00344446 0.00220633 0.00905648 0.00805932 0.0100197 0.00489005 0.00547897 0.0118531 0.0117038 0.00317971 0.00581495 0.0156506 0.00381737 0.00417468 0.0168494 0.00309997 0.0175455 0.00162093 -0.000696435 0.0028069 0.002603 -0.00223569 -0.00189505 -0.00201509 0.00493663 -0.000395768 0.00353814
internal_weight=280029 182799 160805 21994 68657 92148 5195 62090 60711 16799 9593 54968 50546 51786 97230 2098 3097 6567 18455 5743 31437 4070 32091 5523 2962 2683 3733 7206 3182 1879 1398 1202 2335 3038 738 279 2834 2191 896 6409 5498 135 11544 577 911 11305 2485 4312 17029 20132 18618 1060 1514 7657
internal_count=280029 182799 160805 21994 68657 92148 5195 62090 60711 16799 9593 54968 50546 51786 97230 2098 3097 6567 18455 5743 31437 4070 32091 5523 2962 2683 3733 7206 3182 1879 1398 1202 2335 3038 738 279 2834 2191 896 6409 5498 135 11544 577 911 11305 2485 4312 17029 20132 18618 1060 1514 7657
is_linear=0
shrinkage=0.034459


Tree=5
num_leaves=55
num_cat=0
split_feature=7 20 26 2 26 2 20 28 38 24 38 20 4 24 2 28 20 26 22 4 24 46 2 37 18 44 26 24 34 36 18 55 22 22 44 3 18 38 42 36 22 36 44 0 22 39 44 46 15 23 18 46 28 38
split_gain=1003.44 364.027 201.572 51.2431 46.0638 40.5586 23.3932 18.5123 17.5531 17.2646 15.9854 14.047 12.9724 12.8226 12.1814 11.9966 11.0623 10.0041 9.86888 8.31752 8.13327 8.03692 7.90408 7.84999 7.69414 7.23743 6.9867 6.90226 6.2691 5.9974 5.86475 5.63533 5.6152 5.60147 5.26464 4.60824 4.3389 4.17215 3.96862 3.70527 3.66441 3.63944 3.53601 3.47712 3.2091 3.18795 3.15474 2.97459 2.97265 2.92835 3.59341 3.3448 2.72779 2.70111
threshold=1.0000000180025095e-35 -0.068989872932434068 0.23800963163375857 -10.589309215545653 0.13030979782342914 -9.2934045791625959 -0.033571559935808175 -0.00038291752571240062 0.22146294265985492 0.1094057857990265 1.0000000180025095e-35 -0.11907952651381491 -5.9698791503906241 0.038080798462033279 43.350503921508796 0.0030290294671431188 -0.026078404858708378 0.61664772033691417 49.234102249145515 -1.0000000180025095e-35 0.083992246538400664 11.891403675079347 -19.224610328674313 0.73583698272705089 -0.95646211504936207 -5.7720861434936515 0.49089157581329351 0.26362155377864843 15.1999888420105 -1.3578538894653318 -3.498293280601501 0.21848502010107043 81.095695495605483 12.760028362274172 -1.0589397549629209 -9.4128098487853986 -3.0108587741851802 2.3586157560348515 1.0000000180025095e-35 -0.32155115902423853 7.4961321353912362 -0.2231158837676048 1.8488891720771792 1.8262500166893008 19.525568008422855 4.8220691680908212 -1.2914614677429197 -3.8132661581039424 0.74371629953384411 -13.008601188659666 -2.2803375720977779 -4.2108628749847403 -1.4471071896338115e-08 2.3586157560348515
decision_type=2 2 2 2 2 2 2 2 2 2 2 2 2 2 2 2 2 2 2 2 2 2 2 2 2 2 2 2 2 2 2 2 2 2 2 2 2 2 2 2 2 2 2 2 2 2 2 2 2 2 2 2 2 2
left_child=13 3 4 7 16 15 33 11 9 14 27 25 20 48 -7 18 40 -11 26 22 28 -12 38 31 53 -2 -4 -8 35 -22 -14 -10 39 46 -35 -5 -32 -25 -9 -13 -3 -38 -30 -27 -31 -26 -6 -20 -1 50 -21 -51 -15 -18
right_child=1 2 5 12 6 8 10 19 23 17 21 32 30 52 -16 -17 24 -19 47 49 29 -23 -24 37 45 43 -28 -29 42 44 36 -33 -34 34 -36 -37 41 -39 -40 -41 -42 -43 -44 -45 -46 -47 -48 -49 -50 51 -52 -53 -54 -55
leaf_value=-0.18777402393727172 0.064291799603183833 -0.00081708048683406869 0.18790325290988988 3.1764577021090714 0.004204674143683136 0.18152443514129288 0.0038691106222214946 1.4575480068867457 0.047344261798478393 0.026760912424027838 0.018797522772444914 0.46508084841630309 0.18841520376177798 -0.18777402393727172 -0.29607233378153519 0.20570396665981147 -0.032972319456286731 0.21145399359181102 2.0937303315434908 0.78782477837924958 0.34977523460578241 0.097224909630531445 0.37816361771317553 0.23934398629906209 -0.072381059797495803 1.3273098373029764 0.67300821184354687 -0.040321959527796832 0.31093379037838714 0.17878169532923727 0.48519208539564446 0.14162386724616416 0.89357537764774364 0.031544868642348969 0.20657491084338439 0.95941164802215229 0.34580999360327142 0.6437230910535775 0.49248566943055316 0.2661761491176603 0.058257841636316886 0.18267214867333981 0.58720034215360828 0.91143238616417666 0.2908987476511552 -0.0042048931007258872 0.065416052404258365 0.71659869365596296 -0.18777402393727172 1.2975189881028639 0.45330818400911382 0.30103988452967601 -0.18777402393727172 0.08031820390095909
leaf_weight=3535 54 4082 2667 249 1122 16379 11422 533 2525 21648 20416 215 818 19595 1261 2618 11072 3620 105 347 101 1637 777 3031 20707 1115 2945 16544 834 1900 983 13374 141 327 622 315 1660 1188 107 670 494 3674 471 183 248 1145 4728 309 3745 110 478 794 70279 365
leaf_count=3535 54 4082 2667 249 1122 16379 11422 533 2525 21648 20416 215 818 19595 1261 2618 11072 3620 105 347 101 1637 777 3031 20707 1115 2945 16544 834 1900 983 13374 141 327 622 315 1660 1188 107 670 494 3674 471 183 248 1145 4728 309 3745 110 478 794 70279 365
internal_value=-0.000317119 0.0011845 0.00069635 0.00602242 -0.000346942 0.00207511 0.000273032 0.00874791 0.00177054 0.00137502 1.45351e-05 0.0110692 0.00468078 -0.00314793 0.00220337 0.00429133 -0.00127813 0.000795301 0.00514226 0.0069794 0.00623424 0.000708898 0.00897441 0.0026123 -0.00149667 0.0134169 0.00475047 -0.000531788 0.007944 0.00479516 0.00377861 0.0022563 0.00793194 0.0021694 0.00464652 0.0110757 0.00413584 0.00394482 0.0118806 0.00682568 0.00030416 0.00373074 0.00655671 0.0139322 0.00438073 -0.00187677 0.00176094 0.010346 -0.00174638 0.00532023 0.0068626 0.00386855 -0.00326106 -0.00076733
internal_weight=280284 183130 166353 16777 94683 71670 56818 5524 63026 42908 50019 2378 11253 97154 17640 8644 37865 25268 6026 3146 4118 22053 1417 20118 33289 1352 5612 27966 1869 2249 7135 15899 1026 6799 949 564 6317 4219 640 885 4576 5334 1305 1298 2148 21852 5850 414 7280 1729 825 904 89874 11437
internal_count=280284 183130 166353 16777 94683 71670 56818 5524 63026 42908 50019 2378 11253 97154 17640 8644 37865 25268 6026 3146 4118 22053 1417 20118 33289 1352 5612 27966 1869 2249 7135 15899 1026 6799 949 564 6317 4219 640 885 4576 5334 1305 1298 2148 21852 5850 414 7280 1729 825 904 89874 11437
is_linear=0
shrinkage=0.034459


Tree=6
num_leaves=55
num_cat=0
split_feature=8 26 2 26 2 14 0 24 25 34 32 45 26 5 38 44 36 24 3 2 47 32 37 2 0 22 4 30 0 33 13 33 26 44 13 22 44 38 6 12 22 38 25 38 25 26 35 33 35 25 22 43 45 44
split_gain=957.389 294.257 129.618 62.5071 38.7157 27.5036 26.4103 32.6964 32.3808 19.5437 19.066 18.8939 15.4665 15.3505 14.8844 12.8802 8.8035 8.51651 8.43739 8.34828 8.15932 8.10819 7.14148 7.1122 6.63056 6.57002 6.28711 5.63702 5.53311 5.05619 4.79746 4.70633 4.39291 4.24109 4.09463 3.46997 3.24549 3.12259 3.12017 2.82505 2.80765 2.6393 2.58087 2.54974 2.26845 2.21895 2.17145 2.00181 1.83506 1.82059 1.76715 2.70157 2.41628 1.61981
threshold=1.0000000180025095e-35 0.25585527718067175 -10.589309215545653 0.13030979782342914 -5.8076162338256827 -0.21870207041501996 0.03024999983608723 0.047106862068176276 0.42191350460052496 33.842107772827156 39.500000000000007 -5.0932459831237784 0.52691149711608898 -17.573360443115231 0.27120798826217657 -1.2914614677429197 -1.9202228784561155 0.4003529697656632 10.345728397369387 -3.1742272377014156 0.48028323054313665 126.50000000000001 -1.4450328946113584 -19.224610328674313 0.40625000000000006 12.760028362274172 -10.509678840637205 0.011538720224052669 0.034250000491738326 94.500000000000014 0.093250002712011351 90.500000000000014 0.081152591854333891 1.8488891720771792 0.03024999983608723 7.4961321353912362 0.79673248529434215 3.072026371955872 -9.3881878852844221 0.0027733345050364737 7.4961321353912362 2.3586157560348515 0.37527485191822058 0.4343793541193009 0.3635306209325791 0.61664772033691417 138.43792724609378 6.5000000000000009 474.85717773437506 0.4060997366905213 188.94480895996097 1.3389043807983401 -0.4180274605751037 -4.4682428836822501
decision_type=2 2 2 2 2 2 2 2 2 2 2 2 2 2 2 2 2 2 2 2 2 2 2 2 2 2 2 2 2 2 2 2 2 2 2 2 2 2 2 2 2 2 2 2 2 2 2 2 2 2 2 2 2 2
left_child=34 3 5 17 15 10 21 8 9 -8 13 45 -13 23 19 31 38 40 33 29 -18 26 44 -3 -21 -24 36 -10 -15 -6 39 47 -19 -16 -1 41 -4 -20 -12 -7 43 -34 -28 -2 -17 -9 -41 -5 -45 -23 52 -52 -32 -33
right_child=1 2 6 4 14 30 7 11 27 -11 16 12 -14 28 18 22 20 32 37 24 -22 49 25 -25 -26 -27 42 -29 -30 -31 50 53 35 -35 -36 -37 -38 -39 -40 46 -42 -43 -44 48 -46 -47 -48 -49 -50 -51 51 -53 -54 -55
leaf_value=-0.18130351943071202 -0.038310145898594203 2.199530253216909 0.25560795054579893 0.28470529346600409 0.076442464685287329 -0.066967010344664957 1.2218076722984215 -0.030848531109644573 0.26551608294872792 0.32317477069330447 1.0533699034871986 0.085503964310331554 0.24324988795632288 0.61937543065897316 0.0075419327967996396 0.32273304445290701 0.35785477719435266 -0.086229407196855623 0.12099945750411646 0.0018757335074774258 0.70530477575187511 -0.028175851286989087 0.09547223378719101 0.66131736031429345 -0.03923526069656906 0.18612319459175067 0.44032088496465471 -0.003461690115711426 0.98999105959469558 0.0056812028301461495 0.044887869163497726 -0.096258066269751988 -0.051478821452635333 0.045295266682872086 -0.18130351943071202 0.02279276587205898 1.4582835635786964 0.72302577053093176 1.1007194103412121 0.74218848090658507 0.046340910296792825 0.042385930001147105 -0.021042062602069249 -0.0054497414392519778 0.14066047995174535 0.17831147401041808 0.23220797341204702 0.078127909786148947 0.11251536819272914 -0.18130351943071202 0.7609345671010862 3.0943909967296821 0.26134288235647291 0.0072420148978534788
leaf_weight=79952 11128 721 363 40 2463 77 1956 3867 9098 2670 69 31895 11675 405 9666 130 4022 7675 1918 17441 648 683 4836 587 15955 875 291 891 1902 3161 510 469 14953 7716 12659 669 457 139 76 477 712 379 3090 3876 58 531 155 1028 236 1663 72 55 2187 1057
leaf_count=79952 11128 721 363 40 2463 77 1956 3867 9098 2670 69 31895 11675 405 9666 130 4022 7675 1918 17441 648 683 4836 587 15955 875 291 891 1902 3161 510 469 14953 7716 12659 669 457 139 76 477 712 379 3090 3876 58 531 155 1028 236 1663 72 55 2187 1057
internal_value=-0.000368263 0.00104634 0.00261062 -0.000143552 0.000498101 0.00592376 0.0020367 0.00225456 0.00368378 0.00607259 0.00699725 0.00181831 0.0020357 0.0089054 0.000181607 0.00267226 0.00555594 -0.00122849 0.000960916 -0.00020576 0.00528209 -4.05222e-05 0.00356329 0.0119303 -0.00041334 0.0033355 0.000860244 0.00257356 0.00717099 0.0010206 0.00335132 0.000632079 -0.001644 0.000711262 -0.00323527 -0.0013138 0.00356762 0.00305242 0.0140432 0.00592598 -0.000609562 -0.00142079 0.00019257 -0.000709936 0.0102465 -0.000327436 0.00668494 0.00239182 1.50797e-05 -0.00166789 0.00269085 0.00681104 0.00248161 -0.000577702
internal_weight=280284 187673 81093 106580 66952 11963 69130 62583 14615 4626 8430 47968 43570 3615 58459 8493 4815 39628 19439 39020 4670 6547 5899 1308 33396 5711 4201 9989 2307 5624 3533 2594 23676 17382 92611 16001 820 2057 145 709 15952 15332 3381 15240 188 4398 632 1068 4112 2346 2824 127 2697 1526
internal_count=280284 187673 81093 106580 66952 11963 69130 62583 14615 4626 8430 47968 43570 3615 58459 8493 4815 39628 19439 39020 4670 6547 5899 1308 33396 5711 4201 9989 2307 5624 3533 2594 23676 17382 92611 16001 820 2057 145 709 15952 15332 3381 15240 188 4398 632 1068 4112 2346 2824 127 2697 1526
is_linear=0
shrinkage=0.034459


Tree=7
num_leaves=55
num_cat=0
split_feature=7 1 26 1 30 26 26 25 22 46 10 45 22 22 14 37 37 15 5 37 1 9 22 25 48 3 34 33 0 0 45 35 34 26 25 0 3 48 12 23 1 10 15 1 22 14 37 44 37 12 46 33 14 5
split_gain=933.165 291.771 160.057 43.6014 38.568 35.4751 25.1762 27.2229 18.5773 12.9239 12.7914 12.0907 11.963 14.0465 11.6906 12.3714 11.6523 11.3653 10.9589 10.4342 10.4602 8.16887 7.08169 6.97584 6.6562 5.69414 5.48643 5.09439 5.80457 4.90392 4.89102 4.56676 4.5314 4.34153 3.92138 3.867 3.84668 3.80594 3.79752 3.19041 3.09867 3.02839 2.9454 2.87953 4.05855 2.82367 2.68299 2.62691 2.5914 2.55786 2.42588 2.3801 2.35568 2.29962
threshold=1.0000000180025095e-35 -4.8377854824066153 0.23800963163375857 -11.226280212402342 -8.0031324614537866e-05 0.13030979782342914 0.49089157581329351 0.42191350460052496 25.003085136413578 -1.2054493427276609 1.0000000180025095e-35 -5.0932459831237784 -15.075653553009031 8.9115753173828143 -0.98491838574409474 -0.82527485489845265 0.1312731206417084 0.76812380552291881 -12.648811817169188 0.25140218436717993 -1.9718083739280698 0.33325000107288366 -930.51425170898426 1.2159317135810854 914.20870971679699 7.8443846702575692 13.257333755493166 174.50000000000003 0.3067499995231629 1.6532499790191653 2.2005841732025151 8.3062753677368182 9.362864017486574 0.081152591854333891 0.42927677929401403 0.055250000208616264 -1.0000000180025095e-35 1113.267761230469 0.0021638725884258751 -63.146404266357415 -2.5741299390792842 0.0012588719255290928 0.72284105420112621 -1.1388903856277464 8.9115753173828143 -0.21870207041501996 -1.4450328946113584 6.6103975772857675 -0.82527485489845265 1.0000000180025095e-35 -0.64449283480644215 30.500000000000004 -0.53686672449111927 104.55699157714845
decision_type=2 2 2 2 2 2 2 2 2 2 2 2 2 2 2 2 2 2 2 2 2 2 2 2 2 2 2 2 2 2 2 2 2 2 2 2 2 2 2 2 2 2 2 2 2 2 2 2 2 2 2 2 2 2
left_child=10 3 5 4 14 21 11 12 27 43 49 37 31 -14 15 -2 24 53 30 20 -11 -3 39 -19 -13 -18 -10 28 41 -17 51 -8 34 -23 -16 36 -28 50 -24 -20 -35 -5 -12 44 -7 -32 -37 -21 -29 -1 -4 -6 -30 -9
right_child=1 2 6 8 18 9 7 17 26 19 42 16 13 -15 32 29 25 23 22 47 -22 33 38 -25 -26 -27 35 48 52 -31 45 -33 -34 40 -36 46 -38 -39 -40 -41 -42 -43 -44 -45 -46 -47 -48 -49 -50 -51 -52 -53 -54 -55
leaf_value=-0.17505598201880965 1.3099477919798814 -0.016671768089202291 0.085951067877735279 -0.01258579321928837 1.6096843720783722 -0.017343636237913417 2.8676650669993853 0.053513929437649765 0.74044974930508567 0.050842872069968868 -0.17505598201880965 0.092864447289159255 0.24802807054057649 0.54045571883844878 2.6764915041684767 0.64980276270835846 0.091488093807977969 0.24905177454017596 1.2578798482354663 0.051114378574458046 -0.0071612814022555833 -0.082678046393549517 -0.0099592360746464919 -0.26230124903198532 0.022610494329203049 0.20911652324100116 0.60853143892895534 0.23420952828984792 0.10896654632011735 0.86246136318067745 1.3843917204764382 0.5635118298658286 0.78372245130680518 0.00049251252454464022 1.3804966519710062 0.36067588105480197 0.54662808840834953 -0.062266871561249257 0.49545542475044119 0.092813569166301138 -0.052387843588915385 0.21499622333143753 -0.17505598201880965 -0.049984880268915288 0.082553029330833708 0.53527910473606799 0.24317732238389703 0.1334288787531088 0.056063626282195918 -0.17505598201880965 -0.078259000336913367 0.23958071471368281 0.084324499562169475 -0.42791981863693218
leaf_weight=79958 271 11017 658 148 260 3442 329 3585 591 5740 3137 11257 5763 1649 430 1011 9338 11487 289 8324 26549 8259 177 664 13257 3897 344 367 2349 213 370 1626 1191 1843 105 98 149 2701 2680 866 15837 4791 4156 8880 470 72 1644 611 3659 9903 438 281 2556 597
leaf_count=79958 271 11017 658 148 260 3442 329 3585 591 5740 3137 11257 5763 1649 430 1011 9338 11487 289 8324 26549 8259 177 664 13257 3897 344 367 2349 213 370 1626 1191 1843 105 98 149 2701 2680 866 15837 4791 4156 8880 470 72 1644 611 3659 9903 438 281 2556 597
internal_value=-0.000418055 0.00103002 0.000483979 0.00449642 0.00655631 -0.000458025 0.00175884 0.00260779 0.00348036 0.000104237 -0.00314793 0.00123282 0.00409145 0.00344822 0.0095067 0.0117819 0.00141953 0.00175459 0.00464534 0.000401721 0.000112159 -0.00128076 0.00382801 0.0022881 0.000972132 0.00224546 0.00603855 0.00295625 0.00338325 0.010228 0.00793888 0.00650951 0.00751034 -0.00161522 0.0102541 0.00521662 0.0080009 -0.000614238 0.00475409 0.00150534 -0.00130578 0.00422785 -0.00174941 -0.000851712 -6.34061e-05 0.0107188 0.00440474 0.00144415 0.00190307 -0.00326103 0.00108057 0.00558846 0.00252507 0.00019606
internal_weight=280284 183130 158218 24912 8216 90972 67246 25700 16696 54016 97154 41546 9367 7412 3221 1495 37749 16333 4995 41224 32289 36956 4012 12151 24514 13235 2826 13870 9844 1224 983 1955 1726 25939 535 2235 493 3797 2857 1155 17680 4939 7293 12792 3912 442 1742 8935 4026 89861 1096 541 4905 4182
internal_count=280284 183130 158218 24912 8216 90972 67246 25700 16696 54016 97154 41546 9367 7412 3221 1495 37749 16333 4995 41224 32289 36956 4012 12151 24514 13235 2826 13870 9844 1224 983 1955 1726 25939 535 2235 493 3797 2857 1155 17680 4939 7293 12792 3912 442 1742 8935 4026 89861 1096 541 4905 4182
is_linear=0
shrinkage=0.034459


Tree=8
num_leaves=55
num_cat=0
split_feature=7 20 24 21 33 21 4 20 20 7 11 20 45 4 23 21 4 45 20 5 25 33 4 47 36 33 33 48 0 33 25 24 27 5 25 18 44 25 6 7 20 36 36 18 45 5 24 33 28 0 35 35 25 48
split_gain=901.714 258.108 84.1834 31.9529 30.065 29.6123 29.1903 22.4581 19.6039 18.989 14.1359 13.0632 11.0913 10.2578 9.3443 8.56409 8.43546 8.39176 8.26052 7.34787 6.90794 6.73476 6.43911 6.38572 5.93946 5.83275 5.31797 6.44157 5.15328 4.81127 4.69148 4.63185 4.61004 4.39701 4.2822 4.15578 4.12169 4.11613 4.01381 3.4449 3.39821 3.21 3.13016 5.21919 2.96818 2.89077 2.6941 2.47916 2.8105 2.4501 2.37951 2.26144 2.22554 2.53006
threshold=1.0000000180025095e-35 -0.068989872932434068 0.2636194527149201 -0.13526811450719831 80.500000000000014 0.082320448011159911 -8.3026957511901838 -0.11907952651381491 -0.021825650706887242 0.0049904671031981715 1.0000000180025095e-35 -0.033571559935808175 -3.933623075485229 -29.452609062194821 -54.378610610961907 -0.2129665985703468 -29.452609062194821 14.508174419403078 0.040280187502503402 47.43847846984864 0.39746129512786871 112.50000000000001 -5.9698791503906241 0.48028323054313665 -0.58872762322425831 21.500000000000004 33.500000000000007 873.09552001953136 0.061250001192092902 27.500000000000004 0.37527485191822058 1.1664362549781802 30.490538597106937 -8.3019628524780256 0.44391885399818426 -3.498293280601501 2.7840254306793217 0.42191350460052496 -10.525321483612059 0.062927681952714934 -0.11907952651381491 -1.9202228784561155 -0.29297827184200281 -2.4389817714691158 -6.445070505142211 -11.740317821502684 0.047106862068176276 85.500000000000014 -0.0010847430676221845 0.18625000119209292 200.85801696777347 44.251665115356452 0.37527485191822058 896.16674804687511
decision_type=2 2 2 2 2 2 2 2 2 2 2 2 2 2 2 2 2 2 2 2 2 2 2 2 2 2 2 2 2 2 2 2 2 2 2 2 2 2 2 2 2 2 2 2 2 2 2 2 2 2 2 2 2 2
left_child=10 6 3 12 11 13 7 15 21 17 -1 52 46 23 33 24 -11 -10 -15 20 -7 34 29 -6 45 38 37 -28 -23 -13 42 -24 -26 40 -5 -32 -17 -14 -9 -21 -8 -35 -16 -44 -27 -2 -3 48 -12 -46 -43 -38 53 -4
right_child=1 2 4 8 5 19 14 25 9 16 47 22 26 18 30 36 -18 -19 -20 39 -22 28 31 -25 32 44 27 -29 -30 -31 35 -33 -34 41 -36 -37 51 -39 -40 -41 -42 50 43 -45 49 -47 -48 -49 -50 -51 -52 -53 -54 -55
leaf_value=-0.16902372847914363 2.1421607237857838 0.32329581959928932 0.12201506449371369 0.18787454218211455 0.13449811465168704 0.60487753319311954 1.5331247605836436 0.64104998808611469 0.010598291992309081 1.0212551788461124 -0.029553971831446198 0.12993609860117863 0.86296804781638881 -0.044761741116225919 0.34394111366614472 0.54926289084982816 0.10524747901834414 0.29977430909961333 0.044339989345858061 0.52086780392250631 0.043730808945859463 0.1013412781726582 0.028324276101427081 0.83192119155825928 0.56904033495860717 0.056887842845502953 0.38413266059779622 0.18394132375279004 0.037466254651558326 0.02512361236897229 0.074797005555447604 -0.013648141959167092 1.488978330624023 1.601882808668754 0.1260067582474281 0.22791142048816074 1.5564910231732458 0.65193280808173548 0.38522931919884246 0.25532452169668796 0.39836038667661861 0.39043574410352294 0.36691947438900224 0.13513983468671448 0.25120253832833883 1.0076467689450817 -0.023814684219181589 -0.16902372847914363 -0.16902372847914363 0.161751162621911 0.084078661151880091 0.46150995806617512 0.064986814826882774 0.070846813623524865
leaf_weight=86557 174 483 1368 3520 338 83 490 249 30596 727 1238 2368 1175 43822 557 1458 23694 360 2519 268 5180 2535 11032 74 233 309 1579 2415 5104 5016 742 14324 677 73 2458 4023 347 559 313 497 450 2162 459 1259 1201 95 917 4889 4470 1079 281 146 2068 1274
leaf_count=86557 174 483 1368 3520 338 83 490 249 30596 727 1238 2368 1175 43822 557 1458 23694 360 2519 268 5180 2535 11032 74 233 309 1579 2415 5104 5016 742 14324 677 73 2458 4023 347 559 313 497 450 2162 459 1259 1201 95 917 4889 4470 1079 281 146 2068 1274
internal_value=-0.000462683 0.000960774 0.000549693 0.0013937 -0.000161962 -0.000692092 0.00503453 0.00690003 0.001166 0.000876937 -0.00314616 0.000584268 0.00359236 -0.000985628 0.00391435 0.00898069 0.00159568 0.00030878 -0.0010344 0.00157863 0.00111088 0.00233885 0.000338895 0.00440541 0.0113627 0.0048201 0.00426572 0.00355027 0.00165123 0.00123464 0.00318113 7.66442e-05 0.00991027 0.00539662 0.00321133 0.00254863 0.00751849 0.0058908 0.00806695 0.00474598 0.00747039 0.00460548 0.00448906 0.00371251 0.00409916 0.0160936 0.000811667 -0.0019499 -0.00144741 0.00453209 0.00436659 0.0103726 0.00228215 0.00295698
internal_weight=280284 183130 166353 76122 90231 52781 16777 6281 68994 55377 97154 37450 7128 46753 10496 3130 24421 30956 46341 6028 5263 13617 32740 412 1179 3151 5728 3994 7639 7384 7040 25356 910 3456 5978 4765 1951 1734 562 765 940 2516 2275 1718 2589 269 1400 10597 5708 2280 2443 493 4710 2642
internal_count=280284 183130 166353 76122 90231 52781 16777 6281 68994 55377 97154 37450 7128 46753 10496 3130 24421 30956 46341 6028 5263 13617 32740 412 1179 3151 5728 3994 7639 7384 7040 25356 910 3456 5978 4765 1951 1734 562 765 940 2516 2275 1718 2589 269 1400 10597 5708 2280 2443 493 4710 2642
is_linear=0
shrinkage=0.034459


Tree=9
num_leaves=55
num_cat=0
split_feature=7 1 18 1 22 4 33 33 3 3 3 22 13 10 38 4 55 17 22 55 38 45 3 33 3 22 5 48 25 47 47 33 18 27 33 25 48 48 55 33 33 38 7 15 22 43 16 29 15 25 29 47 48 10
split_gain=873.192 224.337 54.7455 32.7861 32.4708 29.2499 26.745 25.7649 18.9046 17.4703 15.7623 15.1841 12.8858 12.8463 11.7533 9.03796 8.83594 8.80858 8.62124 8.30582 7.73099 6.82657 6.70238 6.47543 6.36376 5.80924 5.67175 5.62245 5.56845 5.45094 4.59685 4.15077 4.89243 4.02309 3.99985 3.96448 4.92885 3.85051 3.80648 3.75542 3.52839 3.39632 3.3635 3.34951 3.17584 3.78629 3.18749 3.01916 2.90005 2.81349 2.77934 2.76195 3.08414 2.5565
threshold=1.0000000180025095e-35 -4.8377854824066153 -1.1449183821678159 -11.226280212402342 6.2793035507202157 -8.3026957511901838 112.50000000000001 94.500000000000014 -7.9605479240417472 8.5803699493408221 9.4400377273559588 33.977012634277351 0.040249999612569816 1.0000000180025095e-35 -0.040177611634135239 -16.383215904235836 0.38908122479915624 -9.4688467979431135 -9.8516550064086896 0.35624311864376074 0.17372055351734164 -0.4180274605751037 -12.651831626892088 33.500000000000007 -19.1816873550415 -104.34057617187499 -7.5447261333465567 896.16674804687511 0.68391358852386486 0.29267974197864538 0.57464936375617992 174.50000000000003 -1.2404642701148985 51.327817916870124 24.500000000000004 0.45550310611724859 1150.2442016601565 1401.9204711914065 0.35624311864376074 12.500000000000002 18.500000000000004 -0.23980178683996198 0.096055664122104659 0.71323537826538097 25.003085136413578 3.0864106416702275 0.98547282814979564 -0.031128002330660817 0.74371629953384411 0.42927677929401403 -8.4735429339843891e-08 0.91880869865417492 914.20870971679699 0.0012588719255290928
decision_type=2 2 2 2 2 2 2 2 2 2 2 2 2 2 2 2 2 2 2 2 2 2 2 2 2 2 2 2 2 2 2 2 2 2 2 2 2 2 2 2 2 2 2 2 2 2 2 2 2 2 2 2 2 2
left_child=13 3 6 5 7 21 8 14 16 18 19 31 -10 50 28 -14 40 26 -9 27 35 39 -21 -16 41 43 -7 -8 -4 -11 -27 32 53 34 49 36 -6 47 -39 -2 -3 -23 -18 -19 45 -22 -46 -12 -15 -13 -1 52 -33 -5
right_child=1 2 4 11 20 17 10 9 12 29 37 33 15 48 23 -17 42 25 -20 22 44 24 -24 -25 -26 30 -28 -29 -30 -31 -32 51 -34 -35 -36 -37 -38 38 -40 -41 -42 -43 -44 -45 46 -47 -48 -49 -50 -51 -52 -53 -54 -55
leaf_value=-0.16319934034543046 1.5788116836433157 0.54397913246446661 0.0027424517659730844 -0.018901074635352299 0.12578348973560532 1.4975678771878227 0.042966996948115448 0.03303027351653097 -0.1172564451362226 -0.0040092416791907021 0.58793275512628429 0.9539910206822898 0.44620181176057155 -0.16319934034543046 0.092766292387413879 0.10087288078493734 0.32826176301957805 -0.20075470114932639 -0.053904087697067511 0.22648118814556334 0.068680391607992802 1.7301451702528012 0.016145005765167333 0.018059353343662068 0.68453169932451674 0.40109988710968181 0.50455959849271215 -0.042564734855561184 -0.057355486018620359 0.11826282250593434 2.042578343287488 0.11414216490440152 0.091687959698154728 0.23802782180922505 0.31449457316140628 0.011940453479439081 -0.028819009924122233 -0.081279947052292453 0.33284698626375536 0.5284367050838451 0.088043452135265307 1.33693968330975 5.9862198769680814 0.31644375643857514 0.32187686483387201 0.2126990269632473 0.1795275908982055 0.09921731978868728 -0.16319934034543046 -0.023959827385423463 -0.16319934034543046 0.22768100451003737 0.033322885437076746 0.20643403789748363
leaf_weight=18359 324 528 13496 150 1710 521 2478 2420 2305 2152 53 387 1592 3535 5592 23244 3248 277 33689 1574 2832 362 20635 10278 1144 873 1252 8260 5541 2043 170 1736 5049 548 1259 4575 718 122 803 982 1851 318 157 1993 986 334 431 4571 3758 32 71502 48 2444 5043
leaf_count=18359 324 528 13496 150 1710 521 2478 2420 2305 2152 53 387 1592 3535 5592 23244 3248 277 33689 1574 2832 362 20635 10278 1144 873 1252 8260 5541 2043 170 1736 5049 548 1259 4575 718 122 803 982 1851 318 157 1993 986 334 431 4571 3758 32 71502 48 2444 5043
internal_value=-0.000505467 0.000895292 0.000416463 0.00393485 -0.000164638 0.00572178 0.00112314 -0.000426592 0.00184456 -0.00102031 0.000505198 0.00305316 0.00146116 -0.00314616 0.000257938 0.00169041 0.00363711 0.00409416 -0.00126528 0.000217852 0.00153277 0.00835336 0.000599036 0.000950982 0.00975426 0.0030227 0.00607403 -0.000567312 -0.00031802 0.00107992 0.00517215 0.0026408 0.00302033 0.00571583 0.00657163 0.000805387 0.0019322 0.00220475 0.00426086 0.0063645 0.00199949 0.0124983 0.00477023 0.00201807 0.00263629 0.00200639 0.00401698 0.00178516 -0.00174468 0.0096075 -0.0032595 0.00171276 0.00160715 0.00377297
internal_weight=280284 183130 158218 24912 86797 8216 71421 75211 32925 40304 38496 16696 27141 97154 34907 24836 5784 5086 36109 32947 11586 3130 22209 15870 1824 3313 1773 10738 19037 4195 1043 14470 10242 2226 1678 7003 2428 5549 925 1306 2379 680 3405 2270 4583 3166 1417 4624 7293 419 89861 4228 4180 5193
internal_count=280284 183130 158218 24912 86797 8216 71421 75211 32925 40304 38496 16696 27141 97154 34907 24836 5784 5086 36109 32947 11586 3130 22209 15870 1824 3313 1773 10738 19037 4195 1043 14470 10242 2226 1678 7003 2428 5549 925 1306 2379 680 3405 2270 4583 3166 1417 4624 7293 419 89861 4228 4180 5193
is_linear=0
shrinkage=0.034459


Tree=10
num_leaves=55
num_cat=0
split_feature=9 1 24 1 33 3 17 3 44 22 32 46 33 8 33 3 36 11 32 22 36 36 46 45 14 37 36 22 18 24 11 1 37 37 17 18 24 1 22 44 9 3 25 1 29 47 22 28 3 45 28 14 43 33
split_gain=839.836 207.211 52.8692 31.4631 28.2606 25.9905 22.2262 21.6731 17.9337 13.1778 12.0297 10.9154 10.4931 10.1789 9.18475 9.14838 8.71443 8.71442 8.2418 8.11722 7.70651 6.86597 6.34294 13.3136 5.99713 5.46549 5.35791 5.31319 5.01744 8.23444 4.85483 4.57378 4.62398 4.40091 4.33875 4.02469 5.2704 3.867 3.85745 3.5932 3.73206 3.30305 3.28382 3.26504 3.16072 3.14498 3.13202 3.01981 2.88319 2.87704 2.86737 2.86705 2.84286 2.79161
threshold=0.03024999983608723 -4.3727307319641104 0.28040681779384619 -9.0872225761413556 57.500000000000007 -14.230729579925535 12.749601840972902 -14.230729579925535 2.6326118707656865 10.595403194427492 18.500000000000004 19.164007186889652 112.50000000000001 0.0021934255491942172 57.500000000000007 6.5936515331268319 0.57007834315299999 0.0011609040084294977 21.500000000000004 -17.689188957214352 -0.38716720044612879 -0.29297827184200281 9.8214597702026385 4.264836549758912 0.27272397279739385 0.53079441189765941 -1.0774241685867307 4.5070135593414316 -3.498293280601501 0.083992246538400664 1.0000000180025095e-35 -14.77135133743286 0.20771046727895739 -0.060108453035354607 -19.471666336059567 -3.498293280601501 0.074936363846063628 2.1730111837387089 12.760028362274172 -1.2914614677429197 3.9650000333786015 6.5936515331268319 0.43725931644439703 -2.5741299390792842 -0.00072156815440393973 0.1751065403223038 19.525568008422855 -0.00038291752571240062 12.920004367828371 -3.5343968868255611 -0.026494122110307213 -0.49698673188686365 0.32085911929607397 495.50000000000006
decision_type=2 2 2 2 2 2 2 2 2 2 2 2 2 2 2 2 2 2 2 2 2 2 2 2 2 2 2 2 2 2 2 2 2 2 2 2 2 2 2 2 2 2 2 2 2 2 2 2 2 2 2 2 2 2
left_child=30 3 5 7 24 14 9 10 12 11 31 -6 17 43 35 -14 -15 -7 38 28 42 49 33 -24 27 -26 48 34 44 -30 -1 32 -2 -8 -4 -3 -37 46 -5 -23 -41 -27 -12 -10 -9 -33 -16 52 -21 -20 -22 -51 -40 -28
right_child=1 2 4 18 6 8 22 19 13 -11 20 -13 15 16 37 -17 -18 -19 21 26 50 39 23 -25 25 41 53 -29 29 -31 -32 45 -34 -35 -36 36 -38 -39 47 40 -42 -43 -44 -45 -46 -47 -48 -49 -50 51 -52 -53 -54 -55
leaf_value=-0.1575756547842932 2.722217206696901 0.49819844433456639 0.1540576283970618 0.17559723873378674 -0.045353916774493047 -0.17474116835472459 -0.011527949665536139 3.3670345899821967 0.10954689086618279 0.08501642386566019 0.93226528429306066 0.072665491510032293 -0.019812617885077696 0.085528913966115144 0.073456898149503694 0.092591138237358372 0.36617953881525844 0.083279817742391252 0.072063899784576599 0.97889157159480911 0.67171939603448005 0.033831942411019431 0.50200500204712561 0.093673001217422447 -0.015884974672629233 0.023489302360447113 0.54413364400803654 0.11433199298680222 0.59513018869942769 0.17030915851188111 -0.1575756547842932 4.4165255945983679 1.136796758315106 0.077867335319620784 0.024546281381065689 0.9676634011165024 0.21976670294630876 0.31776221569472651 0.53902872790759904 0.092497227166326912 5.5350348187196418e-05 0.22446205533306549 0.19426204616676201 -0.014116295003871694 -0.023941719137319219 0.47425358161890635 0.46554102140431564 0.28398602167977621 0.91079020398458344 0.21264341238355483 0.37688991289068413 0.19020707834278094 0.88337162766270971 0.046246020227214746
leaf_weight=86620 476 646 878 1804 46950 1810 2762 227 362 2280 514 1416 19550 18447 2168 4101 2217 21277 400 127 275 2524 177 936 8842 942 1739 2511 2449 2606 6160 63 265 2326 11471 1261 686 805 126 7350 863 843 49 3903 674 256 194 319 23 1345 1242 1597 193 168
leaf_count=86620 476 646 878 1804 46950 1810 2762 227 362 2280 514 1416 19550 18447 2168 4101 2217 21277 400 127 275 2524 177 936 8842 942 1739 2511 2449 2606 6160 63 265 2326 11471 1261 686 805 126 7350 863 843 49 3903 674 256 194 319 23 1345 1242 1597 193 168
internal_value=-0.000543111 0.000784002 0.000306904 0.00353692 -0.000300667 0.000953421 -0.000728424 0.00495445 0.000773774 -0.000967223 0.00739426 -0.00108834 0.000374677 0.00152059 0.00318212 -0.000134183 0.00183692 0.000897444 0.00257765 0.00399327 0.00582872 0.00225183 0.00121623 0.00357891 0.000652054 2.36679e-05 0.00588214 0.00109909 0.00333426 0.00375873 -0.00322451 0.0104254 0.0119771 0.000692023 0.000801066 0.00471188 0.00550672 0.00191765 0.00444032 0.0018205 0.00217183 0.0017654 0.00932959 -4.03962e-06 0.000913048 0.0066872 0.00119287 0.00680552 0.0123231 0.00362629 0.00450146 0.00400207 0.00927162 0.00535126
internal_weight=280215 187435 159761 27674 82334 77427 56847 11153 71667 50646 3140 48366 46738 24929 5760 23651 20664 23087 16521 8013 2080 14079 6201 1113 25487 10627 2057 14860 5956 5055 92780 1060 741 5088 12349 2593 1947 3167 2442 10737 8213 1785 563 4265 901 319 2362 638 150 3342 1517 2942 319 1907
internal_count=280215 187435 159761 27674 82334 77427 56847 11153 71667 50646 3140 48366 46738 24929 5760 23651 20664 23087 16521 8013 2080 14079 6201 1113 25487 10627 2057 14860 5956 5055 92780 1060 741 5088 12349 2593 1947 3167 2442 10737 8213 1785 563 4265 901 319 2362 638 150 3342 1517 2942 319 1907
is_linear=0
shrinkage=0.034459


Tree=11
num_leaves=55
num_cat=0
split_feature=7 2 1 37 1 24 12 11 33 3 33 38 4 24 24 48 33 46 3 5 25 38 18 7 33 12 24 25 28 36 1 36 3 48 7 36 3 27 18 3 33 43 27 33 33 46 1 37 37 37 38 12 25 24
split_gain=823.947 175.113 78.9347 44.0289 34.339 32.8874 18.5766 15.1914 14.2682 14.7983 11.9588 11.5645 10.7856 11.521 10.4436 10.4423 10.3279 10.2071 8.89405 8.67123 8.03712 6.84393 6.72236 6.42438 6.18591 5.9401 9.4843 8.69575 5.54491 5.48983 4.94158 4.62904 4.52586 6.14361 4.28358 4.27092 4.04067 3.8543 3.59882 3.49496 3.26044 2.9674 2.82318 2.64671 2.50014 2.48166 2.46154 2.43756 2.1937 2.17244 2.09246 2.08238 2.17721 1.93831
threshold=1.0000000180025095e-35 -7.5882830619812003 -3.6264486312866206 0.43536967039108282 -9.0872225761413556 0.36628912389278417 0.051666401326656348 1.0000000180025095e-35 112.50000000000001 12.920004367828371 57.500000000000007 2.3586157560348515 -11.42670965194702 0.042486127465963371 0.083992246538400664 1098.754333496094 334.50000000000006 11.891403675079347 55.747831344604499 7.7851595878601083 0.37527485191822058 -0.040177611634135239 -3.498293280601501 0.11262939497828485 153.50000000000003 0.0027733345050364737 0.083992246538400664 0.4060997366905213 0.0018167204689234497 -0.38716720044612879 2.1730111837387089 -1.0774241685867307 8.5803699493408221 1496.9229736328127 0.0032082481775432829 -1.9202228784561155 2.677518486976624 35.245676040649421 -1.2937155961990354 -14.230729579925535 24.500000000000004 0.75424620509147655 30.490538597106937 119.50000000000001 593.50000000000011 13.369415760040285 33.343101501464851 0.27757602930068975 -0.57470801472663868 -0.26792243123054499 -0.35121114552021021 0.0015121914329938593 0.44391885399818426 0.051896419376134879
decision_type=2 2 2 2 2 2 2 2 2 2 2 2 2 2 2 2 2 2 2 2 2 2 2 2 2 2 2 2 2 2 2 2 2 2 2 2 2 2 2 2 2 2 2 2 2 2 2 2 2 2 2 2 2 2
left_child=7 4 14 5 12 6 17 -1 21 -10 25 32 13 37 16 28 20 -4 -8 45 34 -7 -22 29 31 -6 27 -27 30 -15 -12 47 39 -34 -3 -14 53 50 44 -5 -33 -39 -25 51 -37 -13 -21 -16 -30 -18 -2 -9 -53 -17
right_child=1 2 3 11 10 8 18 43 9 -11 15 19 35 23 24 36 49 -19 -20 46 22 -23 -24 42 -26 26 -28 -29 48 -31 -32 40 33 -35 -36 38 -38 41 -40 -41 -42 -43 -44 -45 -46 -47 -48 -49 -50 -51 -52 52 -54 -55
leaf_value=-0.15214575578640799 0.90169720049373048 0.17116629379252923 0.00073533301489149474 0.22847444162387587 -0.12281843118554008 -0.026039845200890348 0.19020396698225167 -0.15214575578640799 -0.054113973892911726 0.10120113325205178 0.15258464157859988 0.10052704827227948 0.98076908119361406 0.61268756958229398 0.26710121934221726 0.150450828597575 0.11907225958802277 0.086256278284799218 -0.41425441756411047 0.51923170660884199 0.095504961760006279 0.017457779908293551 0.35908070422401683 0.47952222914381121 0.019155570811918935 0.83517486385182449 0.1739325249549861 0.66903466121689092 0.2586818936625026 0.19238430324234029 0.55785783385158805 0.17955658504147567 0.15472031945890527 0.52723760602352876 0.91585801813586654 0.70504576499126037 0.25145281095070704 1.8815243397454475 0.24260530385277998 0.037911111313396598 0.070513847684339881 1.9358943726275011 0.82163427412890155 -0.15214575578640799 0.10134379463666802 0.43118691248361812 0.48473542031232492 -0.052913067410270534 0.041626836428978298 0.0046934076224613448 0.15632771805768841 0.047844052748064518 -0.15214575578640799 -0.010143524553742763
leaf_weight=86625 75 964 48837 948 279 17409 8437 3004 28312 1685 3673 1601 89 311 406 690 608 3879 786 1019 862 11912 3248 147 3387 1447 4163 1316 378 744 580 2100 3485 274 1044 1602 449 377 1037 9882 8014 333 227 4288 120 101 179 47 1454 1253 91 1487 1888 2662
leaf_count=86625 75 964 48837 948 279 17409 8437 3004 28312 1685 3673 1601 89 311 406 690 608 3879 786 1019 862 11912 3248 147 3387 1447 4163 1316 378 744 580 2100 3485 274 1044 1602 449 377 1037 9882 8014 333 227 4288 120 101 179 47 1454 1253 91 1487 1888 2662
internal_value=-0.000577666 0.000784917 0.000387974 8.40437e-05 0.00365053 -0.000148825 0.000406175 -0.00313986 -0.000728927 -0.00125749 0.00290297 0.00170049 0.00612225 0.00789748 0.00230894 0.00211696 0.00330815 0.000155832 0.00183316 0.00369416 0.00399384 -0.000186974 0.00310139 0.00593032 0.00173493 0.00397622 0.00417567 0.00575605 0.0030037 0.00448685 0.00369134 0.00214651 0.0013016 0.0023379 0.00580091 0.00467113 0.00068791 0.0110567 0.0044085 0.000938546 0.00198816 0.0122133 0.00988743 -0.00190481 0.00539584 0.00208008 0.00595488 0.00559389 0.00138738 0.00103451 0.00586009 -0.00144695 -0.000842082 0.000265147
internal_weight=280215 182923 160679 138746 22244 121257 61939 97292 59318 29997 17091 17489 5153 2305 21933 9886 7979 52716 9223 2900 6118 29321 4110 1429 13954 7205 6926 2763 6085 1055 4253 10567 14589 3759 2008 2848 3801 876 2759 10830 10114 710 374 10667 1722 1702 1198 453 1832 1861 166 6379 3375 3352
internal_count=280215 182923 160679 138746 22244 121257 61939 97292 59318 29997 17091 17489 5153 2305 21933 9886 7979 52716 9223 2900 6118 29321 4110 1429 13954 7205 6926 2763 6085 1055 4253 10567 14589 3759 2008 2848 3801 876 2759 10830 10114 710 374 10667 1722 1702 1198 453 1832 1861 166 6379 3375 3352
is_linear=0
shrinkage=0.034459


Tree=12
num_leaves=55
num_cat=0
split_feature=7 26 1 26 1 38 34 3 11 38 0 44 1 36 46 44 30 39 36 37 24 18 25 43 28 25 14 25 0 18 34 34 26 17 38 5 38 7 55 44 46 26 25 30 34 25 7 43 36 38 27 15 24 27
split_gain=800.012 205.998 63.5855 45.1401 26.8034 19.1912 15.7995 15.7076 15.2632 12.2063 10.9649 9.87233 8.81534 8.20385 8.02554 7.3319 7.34078 7.33029 7.23742 6.57571 6.52141 6.32859 6.14005 5.85724 5.55404 5.42556 5.14686 5.11842 4.9264 4.84936 4.42616 4.29684 4.03524 3.9409 3.93637 3.55383 3.50185 3.31199 3.1076 7.13156 3.08702 3.0682 2.94761 2.8379 2.65683 2.59691 2.38791 2.26826 2.29786 1.95375 1.89286 1.82663 1.7562 1.68826
threshold=1.0000000180025095e-35 0.28652788698673254 -5.34403371810913 0.13030979782342914 -2.5741299390792842 0.27120798826217657 7.2122581005096444 -19.1816873550415 1.0000000180025095e-35 -0.07808391377329825 0.055250000208616264 -1.2914614677429197 -2.5741299390792842 -0.38716720044612879 19.164007186889652 2.6326118707656865 0.0046710115857422361 6.9431416988372812 -1.0774241685867307 0.53079441189765941 0.36628912389278417 -1.0519675612449644 0.33789253234863287 3.4684022665023808 1.0000000180025095e-35 0.3635306209325791 -0.3881868422031402 0.37527485191822058 0.50075000524520885 -3.2901258468627925 7.2122581005096444 261.07763671875006 0.52691149711608898 -10.3649525642395 2.3586157560348515 -4.9357903003692618 0.62919145822525036 0.0037662340328097348 0.94788563251495372 6.6103975772857675 -1.4959859251976011 0.094018731266260161 0.43725931644439703 -0.0024824149440973993 52.154064178466804 0.44391885399818426 0.015185362659394743 -1.0799397826194761 -0.52525284886360157 -0.040177611634135239 60.577655792236335 10.046769618988039 0.24773248285055163 46.42950630187989
decision_type=2 2 2 2 2 2 2 2 2 2 2 2 2 2 2 2 2 2 2 2 2 2 2 2 2 2 2 2 2 2 2 2 2 2 2 2 2 2 2 2 2 2 2 2 2 2 2 2 2 2 2 2 2 2
left_child=8 3 6 12 11 14 21 30 -1 15 22 47 52 25 28 24 -17 40 33 23 36 27 37 -11 -9 -12 -20 32 -6 -29 42 -19 -3 -13 -21 -15 51 -8 43 -40 -7 -22 -4 -32 -16 -10 -24 -5 -49 -43 -38 -14 -2 -23
right_child=1 2 7 4 5 17 10 9 45 19 13 18 20 35 44 16 -18 31 26 34 41 53 46 -25 -26 -27 -28 29 -30 -31 38 -33 -34 -35 -36 -37 50 -39 39 -41 -42 49 -44 -45 -46 -47 -48 48 -50 -51 -52 -53 -54 -55
leaf_value=-0.14690296566119476 0.023568229950525207 0.58555241434411998 2.5481728497133505 -0.079947325697658084 -0.0081915754961694003 -0.02025117708460834 0.44321760852476272 0.081364940217946768 -0.14690296566119476 0.10335192542041084 0.55598209098936058 0.58113388011026501 -0.041752812776670221 0.29870211491898829 0.15496378891564594 0.16660815417618804 0.025249411830276802 0.091847385768645748 0.088173435032429484 0.23552039747822298 -0.072685946136200386 0.62099972478189136 0.41057203956803773 0.29663704574564698 -0.0031845425354892444 0.43504373741967861 0.04306106405683871 -0.24845299527072914 -0.039559184729989372 1.6875945741617109 0.18034977558495666 0.25387638851958899 2.7323153988898268 0.1363510290591646 0.52113707593525316 0.19066377061743864 0.00087390251263329537 0.83752889850848877 0.70623346564362399 0.083950846163205306 0.030187550564380643 -0.061535952476411741 0.24791207275269422 0.44057309931013572 0.043647960200714687 -0.14690296566119476 6.2729735132225883 0.1432869899346588 0.002505795398653208 -0.026683520509751646 0.10678944651514198 0.15754495736215726 -0.0075983253384314517 0.46327139690149699
leaf_weight=86625 1760 182 393 817 21657 3158 541 10324 3402 14172 865 132 8565 2710 314 7117 3158 3470 6838 4588 10822 225 1342 1288 8145 1254 5730 101 16464 589 1917 276 467 353 1170 4708 2422 704 287 215 13321 5617 109 1813 397 7265 139 258 2422 5189 350 194 3326 548
leaf_count=86625 1760 182 393 817 21657 3158 541 10324 3402 14172 865 132 8565 2710 314 7117 3158 3470 6838 4588 10822 225 1342 1288 8145 1254 5730 101 16464 589 1917 276 467 353 1170 4708 2422 704 287 215 13321 5617 109 1813 397 7265 139 258 2422 5189 350 194 3326 548
internal_value=-0.000614804 0.000727838 0.00221251 -0.000172579 0.000315065 -2.78327e-05 0.00425344 0.00167542 -0.0031395 0.00149442 0.00377267 0.00154067 -0.00113749 0.00321287 -0.000476693 0.00102927 0.00176889 0.000832256 0.00197636 0.00212285 -0.00134251 0.00702552 0.00571663 0.00174735 0.000615858 0.00512171 0.00181274 0.00848874 -0.000545151 0.00628341 0.00357762 0.00221082 0.0107671 0.00613313 0.00312458 0.00266234 -0.000675615 0.00753618 0.00319761 0.00580939 0.000516675 -0.00169642 0.00669998 0.00283541 0.00314099 -0.00190158 0.00415973 -7.5854e-05 0.000398443 -0.00127735 0.000382739 -0.0010145 0.000192379 0.00443871
internal_weight=280215 182923 69071 113852 75607 59057 14375 54696 97292 49962 12263 16550 38245 9537 38832 28744 10275 20225 13053 21218 33159 2112 2726 15460 18469 2119 12568 1339 38121 690 4734 3746 649 485 5758 7418 11531 1245 4232 502 16479 21628 502 3730 711 10667 1481 3497 2680 10806 2772 8759 5086 773
internal_count=280215 182923 69071 113852 75607 59057 14375 54696 97292 49962 12263 16550 38245 9537 38832 28744 10275 20225 13053 21218 33159 2112 2726 15460 18469 2119 12568 1339 38121 690 4734 3746 649 485 5758 7418 11531 1245 4232 502 16479 21628 502 3730 711 10667 1481 3497 2680 10806 2772 8759 5086 773
is_linear=0
shrinkage=0.034459


Tree=13
num_leaves=55
num_cat=0
split_feature=7 2 1 39 24 1 22 12 46 12 46 45 34 38 45 4 5 36 36 27 14 27 2 34 34 24 34 27 6 36 43 43 8 10 44 27 7 24 23 2 46 24 15 45 46 34 44 9 43 4 23 38 1 38
split_gain=779.187 141.254 64.4201 44.3654 32.7361 28.5599 15.9218 13.4785 12.5466 10.5328 10.4401 21.0114 11.0369 10.2332 10.1208 9.39256 8.7644 6.78719 6.64103 6.55272 6.0553 5.22098 5.05515 4.94071 4.69951 5.84808 4.46742 4.30843 4.23236 4.08843 3.89549 3.74303 3.71188 3.59161 3.55995 3.24753 3.21873 2.97836 2.86262 2.83621 2.8221 2.74547 2.60816 2.37102 2.30395 2.27842 2.66313 2.48433 2.16896 2.15841 2.14965 1.892 1.78276 1.65175
threshold=1.0000000180025095e-35 -7.5882830619812003 -3.6264486312866206 6.9431416988372812 0.34174661338329321 -14.77135133743286 19.525568008422855 1.0000000180025095e-35 13.369415760040285 0.13292714953422549 13.369415760040285 4.0695350170135507 28.072453498840336 1.1886389851570132 -3.5343968868255611 -24.101460456848141 -4.9357903003692618 -0.88492640852928151 -0.38716720044612879 32.276954650878913 0.17935985326766971 37.620077133178718 -29.693388938903805 142.35229492187503 9.362864017486574 0.81268873810768139 399.03604125976568 49.999910354614265 -5.5462651252746573 1.3873993158340456 1.2781417369842532 -1.7520700693130491 1.0000000180025095e-35 0.0038782457122579221 2.6326118707656865 51.774709701538093 0.062927681952714934 0.042486127465963371 -40.691034317016594 1.6696205139160158 -0.92973613739013661 0.21100273728370669 0.72284105420112621 14.508174419403078 9.8214597702026385 4.4750266075134286 0.23040226846933368 0.13724999874830249 -0.31231541931629175 -29.452609062194821 6.7398021221160898 -0.14788386970758435 17.749472618103031 1.0000000180025095e-35
decision_type=2 2 2 2 2 2 2 2 2 2 2 2 2 2 2 2 2 2 2 2 2 2 2 2 2 2 2 2 2 2 2 2 2 2 2 2 2 2 2 2 2 2 2 2 2 2 2 2 2 2 2 2 2 2
left_child=7 5 6 4 8 16 18 -1 9 -4 12 -12 -6 20 36 21 22 27 38 -19 40 31 29 -22 25 -20 33 -17 -23 51 -10 -16 -9 -15 -26 39 37 53 -3 -8 -5 -41 -34 45 -24 46 -18 -47 -38 -50 -40 -2 -28 -7
right_child=1 2 3 13 10 14 35 32 30 -11 11 -13 -14 26 15 17 43 19 24 -21 23 28 44 -25 34 -27 52 -29 -30 -31 -32 -33 42 -35 -36 -37 48 -39 50 41 -42 -43 -44 -45 -46 47 -48 -49 49 -51 -52 -53 -54 -55
leaf_value=-0.14184083682459234 7.0502221465957007 0.39293652407280827 0.0070922210605972287 0.0696484549327928 -0.016065247960671401 0.47944402874631914 0.33337895105177967 -0.14184083682459234 0.060258119671874145 0.27212383229116438 0.49891078684952533 0.033745893089847233 -0.049250964991936284 0.025682628639081651 0.64372175822724853 0.47368181910927848 0.21767474239495233 0.021265138779903832 0.4561156935524936 0.18279979374617186 0.029728941622388132 1.8025600647868807 0.69977420442711447 0.17217292552628957 0.043848678500419951 0.047019754553719081 0.4379745957446004 0.31706854944074953 0.79408934628315331 -0.024012129602680336 0.17247904155829344 0.38126507700199996 -0.14658801288442638 0.20584616385261414 0.085023106740135315 0.19144558545533141 0.017209593317529703 -0.01511178977427843 0.094832593756596834 1.7710027823044399 0.28243503113628332 0.41501810382136517 -0.14658801288442638 17.538122554885824 1.4651598988569425 0.57816899631370156 9.3942355035943592 0.50425148972440892 0.63551644858611644 0.10937670220033087 0.21203471954983844 1.5658407897970585 0.59858597149044679 -0.009989653829851456
leaf_weight=80144 202 1032 53563 599 31148 340 1040 12568 1036 4115 71 3318 28500 500 60 487 25 1355 1254 12370 7220 184 800 1578 9442 1082 248 489 269 30 2338 1313 1854 3097 4521 498 310 1823 1586 183 1348 48 2726 22 98 417 58 761 103 413 1247 148 67 167
leaf_count=80144 202 1032 53563 599 31148 340 1040 12568 1036 4115 71 3318 28500 500 60 487 25 1355 1254 12370 7220 184 800 1578 9442 1082 248 489 269 30 2338 1313 1854 3097 4521 498 310 1823 1586 183 1348 48 2726 22 98 417 58 761 103 413 1247 148 67 167
internal_value=-0.000647884 0.000677164 0.000320634 4.60448e-05 -0.000165478 0.00325087 0.00205601 -0.0031395 0.000402876 0.000282702 -0.00071648 0.00113948 -0.000822525 0.00183908 0.0028022 0.00314463 0.00668332 0.00284986 0.00177823 0.00264731 0.00128428 0.00549609 0.00873464 0.000893685 0.00146947 0.00291066 0.00335343 0.00565734 0.00878173 0.0122099 0.00244633 0.00438136 -0.00225614 0.00299098 0.00122571 0.0052 0.00099764 0.000325224 0.00307065 0.00614681 0.0030302 0.00978814 -0.00139912 0.00460795 0.00721377 0.00436608 0.0101326 0.0039223 0.00285005 0.00422573 0.00247682 0.0132535 0.0073607 0.00266582
internal_weight=280215 182923 160679 138746 124089 22244 21933 97292 61052 57678 63037 3389 59648 14657 19683 16527 2561 14701 20164 13725 10745 1826 1278 8798 16299 2336 3912 976 453 380 3374 1373 17148 3597 13963 1769 3156 2330 3865 1271 1947 231 4580 1283 898 1261 83 1178 826 516 2833 350 315 507
internal_count=280215 182923 160679 138746 124089 22244 21933 97292 61052 57678 63037 3389 59648 14657 19683 16527 2561 14701 20164 13725 10745 1826 1278 8798 16299 2336 3912 976 453 380 3374 1373 17148 3597 13963 1769 3156 2330 3865 1271 1947 231 4580 1283 898 1261 83 1178 826 516 2833 350 315 507
is_linear=0
shrinkage=0.034459


Tree=14
num_leaves=55
num_cat=0
split_feature=9 26 1 1 26 26 15 33 38 25 1 4 38 48 36 48 24 25 46 38 3 12 33 24 45 26 27 38 26 33 32 11 15 47 17 33 24 48 12 40 25 32 25 3 47 14 45 9 46 1 1 34 40 34
split_gain=756.222 168.528 57.7843 35.7705 24.0529 15.0149 21.6952 14.7405 14.2159 13.6248 12.1896 9.85403 9.17336 8.28844 8.1308 7.61408 6.99553 6.0279 5.44801 5.4252 5.23744 5.19972 4.60794 4.55731 4.98248 4.45632 4.44834 4.69674 4.36219 4.17794 4.11617 4.01031 3.71392 3.69374 3.65443 3.27892 3.24633 3.08275 2.94053 2.9345 2.77011 2.65047 2.63618 2.59234 2.55049 2.4621 2.38908 2.35308 2.26369 2.26014 2.25168 2.00666 1.98654 1.96904
threshold=0.03024999983608723 0.25585527718067175 -5.34403371810913 -2.5741299390792842 0.13030979782342914 0.46099971234798437 0.72284105420112621 21.500000000000004 0.27120798826217657 0.42191350460052496 2.1730111837387089 -5.4295403957366934 0.041156368330121047 1587.104187011719 -0.38716720044612879 896.16674804687511 0.042486127465963371 0.35082514584064489 19.164007186889652 2.3586157560348515 6.035276174545289 1.0000000180025095e-35 64.500000000000014 0.28040681779384619 -2.8675495386123653 0.12068347632884981 25.930253028869632 2.3586157560348515 0.10007883608341218 213.50000000000003 33.500000000000007 0.6087007224559785 0.91297173500061046 0.31990537047386175 -32.998823165893548 57.500000000000007 1.9926357269287112 970.65295410156261 0.011065719183534386 0.97161078453063976 0.077104404568672194 39.500000000000007 0.32476967573165899 6.5936515331268319 0.16049091517925265 -0.21870207041501996 7.5120887756347665 0.41825000941753393 13.369415760040285 -24.750423431396481 -6.6663868427276602 13.257333755493166 -9.0030732154846174 33.842107772827156
decision_type=2 2 2 2 2 2 2 2 2 2 2 2 2 2 2 2 2 2 2 2 2 2 2 2 2 2 2 2 2 2 2 2 2 2 2 2 2 2 2 2 2 2 2 2 2 2 2 2 2 2 2 2 2 2
left_child=21 3 7 15 19 12 31 11 18 10 -8 16 29 -11 17 25 37 38 22 28 41 -1 -6 24 -17 -2 -14 -28 47 32 36 -7 -4 -22 42 -25 -16 -3 -9 -21 50 -10 -13 -31 -32 -26 -37 -5 -41 -18 -27 -33 -42 -20
right_child=1 2 5 4 8 6 9 14 20 13 -12 34 26 -15 30 23 49 -19 53 39 33 -23 -24 35 45 40 27 -29 -30 43 44 51 -34 -35 -36 46 -38 -39 -40 48 52 -43 -44 -45 -46 -47 -48 -49 -50 -51 -52 -53 -54 -55
leaf_value=-0.13695314386981858 0.006198910740803313 1.0514941586427518 -0.013972762303039279 -0.06277382279666377 -0.0029749175955207023 -0.12585610823483159 0.23543142058252309 0.71107660671383999 0.059405002602256674 0.13805229577980757 0.4997086117056519 0.97928994594401653 -0.016238844210780815 0.44059548399552845 0.51145950958211706 -0.026817978822583678 1.7018999872535097 0.38080980315866064 0.15246501176181998 -0.0086333977243538747 0.051188028770385141 -0.13695314386981858 -0.034513684967902691 0.02965912848558093 0.063980940603476824 0.15334229722092649 0.082027426793589944 0.35396906159708169 -0.033508657572004059 -0.03731595414088737 0.033603033535589653 0.66124872773599352 0.063517763831967902 0.13943479941554288 0.37276733017573449 -0.035201914007866722 -0.002831942325402586 3.8809372757001115 0.41906480799945611 0.069558856158552729 -0.037456952794663483 0.0026703180346023905 1.0813092936090996 0.031121168340937935 0.1930256101586193 0.01673497913608081 0.077562073966829723 -0.069690244093368908 0.41722644300832629 0.34391719167040891 0.089300415500713062 -0.014364684526607779 0.072383043455575669 0.049054609705434897
leaf_weight=80139 1613 563 3395 6301 10742 2823 7404 302 2086 14643 3286 121 1288 1519 1823 960 158 1379 144 486 3089 12641 23369 1798 2829 464 11198 869 15182 4778 1144 398 11404 1534 1674 3666 223 427 692 371 315 11350 409 1866 5648 1542 246 12085 45 935 724 558 5147 420
leaf_count=80139 1613 563 3395 6301 10742 2823 7404 302 2086 14643 3286 121 1288 1519 1823 960 158 1379 144 486 3089 12641 23369 1798 2829 464 11198 869 15182 4778 1144 398 11404 1534 1674 3666 223 427 692 371 315 11350 409 1866 5648 1542 246 12085 45 935 724 558 5147 420
internal_value=-0.000680103 0.0005792 0.00176463 -0.000321203 -0.000618568 0.00131563 0.0018729 0.00365778 -0.000155127 0.00221719 0.00317483 0.00538663 0.000824068 0.00158149 0.00299319 0.00102029 0.0071051 0.00480016 -0.000563949 -0.00132654 0.000627931 -0.00322451 -0.000620348 0.000424105 0.00114971 0.0018126 0.00153383 0.0017398 -0.00139791 0.000380359 0.00250363 -0.00056429 0.000703382 0.0016298 0.00374439 -0.000247386 0.00387853 0.00924934 0.00687795 0.00128983 0.00220712 0.000280554 0.00629477 -0.00033396 0.00208387 0.0016465 -0.00081194 -0.00175715 0.00342111 0.00512475 0.00374441 0.00134667 0.00186582 0.00278111
internal_weight=280215 187435 80927 106508 87204 65429 30631 15498 52734 26852 10690 4287 34798 16162 11211 19304 2083 2373 34675 34470 18059 92780 34111 11041 5331 8263 13355 12067 33568 21443 8838 3779 14799 4623 2204 5710 2046 990 994 902 6650 13436 530 6644 6792 4371 3912 18386 416 1093 1188 956 5462 564
internal_count=280215 187435 80927 106508 87204 65429 30631 15498 52734 26852 10690 4287 34798 16162 11211 19304 2083 2373 34675 34470 18059 92780 34111 11041 5331 8263 13355 12067 33568 21443 8838 3779 14799 4623 2204 5710 2046 990 994 902 6650 13436 530 6644 6792 4371 3912 18386 416 1093 1188 956 5462 564
is_linear=0
shrinkage=0.034459


Tree=15
num_leaves=55
num_cat=0
split_feature=9 26 2 26 1 1 39 32 1 1 3 46 28 1 47 1 32 37 44 22 46 32 12 1 36 24 26 14 36 14 14 44 2 9 34 39 22 12 37 22 39 47 22 9 18 26 47 27 35 47 2 32 36 28
split_gain=733.368 156.961 57.0643 31.7746 25.5933 18.5098 11.084 11.2236 11.0556 9.96348 9.66317 9.41944 8.55453 7.2736 7.14139 8.20012 8.04289 6.80484 6.55646 6.98979 6.21614 6.05197 5.65011 5.53152 5.51887 5.16473 4.79148 6.58047 4.24914 4.78626 4.03903 3.90563 3.7866 3.21692 3.19753 2.84915 2.82155 2.70809 2.61678 2.58912 2.06749 2.00246 1.95993 1.93392 1.8542 1.84748 1.72148 1.72107 1.71965 1.71036 1.69174 1.64694 1.64311 1.51973
threshold=0.03024999983608723 0.23800963163375857 -12.175039291381834 0.13030979782342914 -4.3727307319641104 -3.3014287948608394 5.8276152610778817 143.50000000000003 -24.750423431396481 1.6131634712219241 -10.325829982757567 -1.2054493427276609 0.00014828871644567701 -2.1589194536209102 0.48028323054313665 12.822097778320314 9.5000000000000018 0.53079441189765941 -1.2914614677429197 12.760028362274172 11.891403675079347 42.500000000000007 1.0000000180025095e-35 33.343101501464851 -0.46994878351688379 0.36628912389278417 0.56962847709655773 -0.49698673188686365 0.80445659160614025 -0.66005724668502797 0.57630065083503734 2.6326118707656865 -7.5882830619812003 0.55274999141693126 65.552619934082045 5.2948431968688974 81.095695495605483 0.0027733345050364737 -2.0612913370132442 7.4961321353912362 4.8220691680908212 0.43783564865589147 -930.51425170898426 0.10524999722838403 -0.13725263625383374 0.063431650400161757 0.16049091517925265 37.620077133178718 2706.890747070313 0.91880869865417492 -4.9016678333282462 18.500000000000004 -0.52525284886360157 0.0086239730007946509
decision_type=2 2 2 2 2 2 2 2 2 2 2 2 2 2 2 2 2 2 2 2 2 2 2 2 2 2 2 2 2 2 2 2 2 2 2 2 2 2 2 2 2 2 2 2 2 2 2 2 2 2 2 2 2 2
left_child=22 3 8 13 21 18 7 10 28 -9 -6 50 14 39 16 -16 -10 20 41 32 -13 26 -1 34 42 40 31 -28 29 33 -25 -4 -20 -3 -8 45 43 -19 -21 -2 49 -5 -23 -14 -31 -27 -38 -41 -37 -15 51 -7 -43 -26
right_child=1 2 4 5 6 11 23 9 12 -11 -12 17 36 25 15 -17 -18 37 19 38 -22 24 -24 30 53 35 27 -29 -30 44 -32 -33 -34 -35 -36 48 46 -39 -40 47 -42 52 -44 -45 -46 -47 -48 -49 -50 -51 -52 -53 -54 -55
leaf_value=-0.13223387591136437 -0.0090313767187293788 0.86506649493068832 0.13055820868733406 -0.036870390706769625 0.19592848828606768 0.18063163718714939 0.13975629690384042 -0.023214768233504848 0.86903092070172439 0.079761765767577306 0.065330565413531272 -0.0077968200240096982 0.35482554760349955 -0.041872096960556125 0.60141404979243618 2.3814053043826489 0.33153203646056656 -0.074421401459768485 0.084936310668070295 0.32816504001636093 0.048647862881530834 0.032999249257660998 -0.13223387591136437 1.4748476953170613 0.12203238874170162 -0.088222486919713405 1.3636947942909348 0.7060469901526335 0.43014303761845196 3.701880355065839 -0.24861133630658119 0.22010445964224362 0.044063542729558508 3.200720881602785 0.22959750509799354 -0.0006100183916194524 1.4431418325396033 0.079118076508314761 0.15010664285537861 -0.055265224038094751 0.033354127913210053 0.39779458088247799 0.30245924546586683 0.150583132442974 -0.15382826269969191 -0.054112828392547427 0.38301324754279653 0.059244823400343559 0.11828805022336772 0.093454084233224863 -0.050367731758510968 -0.014109117003774414 0.041207210016818097 0.034338974052508034
leaf_weight=80104 5624 243 2166 1695 6238 78 5941 13089 579 6313 27348 32609 1024 11420 686 67 3892 448 978 26 2683 162 12753 200 4647 3330 731 1970 166 418 905 939 5900 124 3272 860 87 3027 910 189 921 38 1489 2648 42 16649 455 419 24 99 10419 1484 263 1577
leaf_count=80104 5624 243 2166 1695 6238 78 5941 13089 579 6313 27348 32609 1024 11420 686 67 3892 448 978 26 2683 162 12753 200 4647 3330 731 1970 166 418 905 939 5900 124 3272 860 87 3027 910 189 921 38 1489 2648 42 16649 455 419 24 99 10419 1484 263 1577
internal_value=-0.000713568 0.000526481 0.00159336 -0.000404961 0.0012686 9.05864e-05 0.000975631 0.000773342 0.00398663 0.00011153 0.00115462 -0.000173691 0.00361493 -0.00116487 0.00455452 0.00770986 0.00401379 8.64844e-05 0.00146111 0.00191189 -5.58491e-05 0.00262157 -0.00321801 0.00201097 0.00198852 -0.00136712 0.00347379 0.0045516 0.00747767 0.00850238 -0.00026483 0.00252396 0.00152383 0.0115456 0.00228767 -0.00169999 0.00244115 0.00154153 0.00472202 -7.85052e-05 -0.000806011 -0.00028644 0.00377338 0.00208086 0.00597987 -0.00178487 0.0048103 0.0020483 0.000179108 -0.000932966 -0.00101836 1.76365e-05 0.00227064 0.001509
internal_weight=280368 187511 87418 100093 76987 60558 63306 52988 10431 19402 33586 50748 9438 39535 5224 753 4471 38767 9810 7814 35292 13681 92857 10318 7875 33303 5806 2701 993 827 1105 3105 6878 367 9213 20863 4214 3475 936 6232 12440 1996 1651 3672 460 19979 542 608 884 11519 11981 1562 301 6224
internal_count=280368 187511 87418 100093 76987 60558 63306 52988 10431 19402 33586 50748 9438 39535 5224 753 4471 38767 9810 7814 35292 13681 92857 10318 7875 33303 5806 2701 993 827 1105 3105 6878 367 9213 20863 4214 3475 936 6232 12440 1996 1651 3672 460 19979 542 608 884 11519 11981 1562 301 6224
is_linear=0
shrinkage=0.034459


Tree=16
num_leaves=55
num_cat=0
split_feature=7 26 2 26 1 1 12 35 26 46 5 1 37 24 47 46 1 4 39 48 46 6 44 22 28 44 14 1 14 26 45 7 1 2 33 10 4 48 46 39 37 48 14 1 47 26 26 12 37 55 6 47 43 35
split_gain=721.504 146.609 46.8189 29.313 20.1738 16.6064 13.7371 10.8291 10.1187 9.00248 8.81351 8.37582 7.51496 6.70919 6.63171 10.3915 9.57395 6.60201 6.18563 6.43404 6.14588 6.02298 5.99659 6.83919 5.21992 5.99632 5.11258 4.82209 4.23989 6.07962 4.48418 3.89176 3.49925 3.41151 3.37729 3.33194 3.19986 2.82065 2.7606 2.53951 2.3579 2.34442 2.14002 2.13744 2.0827 1.95957 1.93676 1.93018 1.92952 1.86705 1.75675 1.63421 1.6316 1.61681
threshold=1.0000000180025095e-35 0.23800963163375857 -12.175039291381834 0.13030979782342914 -4.8377854824066153 -3.3014287948608394 1.0000000180025095e-35 8.3062753677368182 0.43609882891178137 -1.2054493427276609 -23.341853141784664 33.343101501464851 0.53079441189765941 0.4003529697656632 0.48028323054313665 -3.8132661581039424 4.5463650226593026 6.9233796596527108 9.3598976135253924 914.20870971679699 11.891403675079347 157.27513122558597 -1.2914614677429197 12.760028362274172 -0.00022424539929488671 -1.0589397549629209 -1.5720115303993223 -2.3582845926284786 -0.2784609049558639 0.56962847709655773 -1.228174567222595 0.013164707459509374 -9.0872225761413556 -7.5882830619812003 90.500000000000014 0.0056689074262976655 -3.1124209165573116 1150.2442016601565 11.891403675079347 5.2948431968688974 0.27757602930068975 586.84683227539074 2.2420556545257573 -5.9695036411285392 0.11416785046458246 0.37083344161510473 0.063431650400161757 0.080814320594072356 -1.4450328946113584 0.049348892644047744 -5.5462651252746573 0.91880869865417492 -1.0799397826194761 2706.890747070313
decision_type=2 2 2 2 2 2 2 2 2 2 2 2 2 2 2 2 2 2 2 2 2 2 2 2 2 2 2 2 2 2 2 2 2 2 2 2 2 2 2 2 2 2 2 2 2 2 2 2 2 2 2 2 2 2
left_child=6 3 7 13 28 22 -1 10 18 -7 45 21 20 38 24 16 -16 -13 19 -6 -11 -10 37 33 25 -9 -17 48 29 30 -4 -26 -31 -24 35 -8 -12 52 40 46 47 -20 -14 -25 -30 -3 -29 -2 -15 -42 -40 -46 -5 -41
right_child=1 2 4 5 8 9 34 14 11 12 36 17 42 27 15 26 -18 -19 41 -21 -22 -23 23 43 31 -27 -28 39 44 32 -32 -33 -34 -35 -36 -37 -38 -39 50 53 49 -43 -44 -45 51 -47 -48 -49 -50 -51 -52 -53 -54 -55
leaf_value=-0.12767722919280564 -0.032254621221219783 0.13649139915405395 0.064218836209766442 -0.061891750854933307 0.057321513751374523 -0.041240416276911579 -0.12767722919280564 0.15677874744485179 0.15368625984589582 -0.0070252686988065381 1.3421049518176771 2.1090203616856376 0.05929720712406799 0.11925685066658812 1.1076040785346049 0.54283028833064029 2.3806685684379105 -0.29133546108674024 -0.022769138857018031 0.0021641490921825036 0.047246949153477817 0.39572373099303276 0.082009490603054833 0.17198839910634486 0.38319414095853405 0.57535570419852466 0.31042062553793603 -0.085293621062536976 -0.00050865395196574394 1.5070986544492038 0.19106890941666985 0.1412507485132945 0.29345073254060944 0.042545157247752784 -0.12767722919280564 0.063857426092750955 0.43390384949160804 -0.10954617337698594 0.18579053635187115 -0.0018754374077199554 0.26087916351239276 0.14813164049962968 0.30732269481857261 0.10628668107623468 0.19392848488955394 4.207524836033671 -0.051580797765326661 0.052360439252245608 -0.0069640584765487436 0.0064276088980418818 0.037760944845346658 0.39137016063588681 0.051122182891556407 0.11310287151653212
leaf_weight=80110 11302 25 1521 367 13839 11857 7610 1099 23394 32293 517 311 3056 37 141 159 54 1977 501 17448 2654 938 978 401 1390 2125 1123 3343 628 1517 2409 2928 849 5900 8723 910 560 591 110 831 35 3449 261 535 5557 310 16413 239 2897 2397 592 94 1038 25
leaf_count=80110 11302 25 1521 367 13839 11857 7610 1099 23394 32293 517 311 3056 37 141 159 54 1977 501 17448 2654 938 978 401 1390 2125 1123 3343 628 1517 2409 2928 849 5900 8723 910 560 591 110 831 35 3449 261 535 5557 310 16413 239 2897 2397 592 94 1038 25
internal_value=-0.000738641 0.000536138 0.0015851 -0.000370454 0.00128136 0.000104586 -0.00313545 0.0037488 0.00102461 -0.00014857 0.00657964 0.0015326 0.000107703 -0.00111621 0.00330111 0.0054393 0.0129221 -0.000448615 0.000639835 0.000476112 -4.01313e-05 0.00172033 0.0014014 0.00183252 0.00287714 0.00393848 0.00426507 -0.00147746 0.00254141 0.00318159 0.00233175 0.002076 0.00457706 0.00144869 -0.00224671 -0.00174701 0.00499623 -0.000269185 -0.000534167 -0.00166369 -0.000641884 0.00192747 0.00167518 0.00461169 0.0018936 0.0115376 -0.00174344 -0.00084819 -0.000157326 0.000322919 0.00155874 0.00210278 0.000551441 0.000136709
internal_weight=280368 183015 84863 98152 74432 59931 97353 10431 61857 50121 1412 26620 38264 38221 9019 1477 195 2288 35237 31287 34947 24332 9810 7814 7542 3224 1282 23546 12575 6296 3930 4318 2366 6878 17243 8520 1077 1996 14675 20612 13973 3950 3317 936 6279 335 19756 11541 2934 2432 702 5651 1405 856
internal_count=280368 183015 84863 98152 74432 59931 97353 10431 61857 50121 1412 26620 38264 38221 9019 1477 195 2288 35237 31287 34947 24332 9810 7814 7542 3224 1282 23546 12575 6296 3930 4318 2366 6878 17243 8520 1077 1996 14675 20612 13973 3950 3317 936 6279 335 19756 11541 2934 2432 702 5651 1405 856
is_linear=0
shrinkage=0.034459


Tree=17
num_leaves=55
num_cat=0
split_feature=7 26 26 2 1 11 1 1 46 25 32 37 25 33 22 14 36 24 14 2 48 11 26 48 22 45 46 36 36 26 55 22 37 48 46 29 33 1 22 46 37 2 32 24 26 22 23 37 25 22 45 29 48 48
split_gain=708.247 134.408 40.8477 30.629 17.3422 14.917 13.8921 9.87422 9.47236 8.73576 10.1875 8.26551 7.91966 8.09234 9.67658 8.17596 7.65482 6.8405 4.97558 4.60353 4.44705 4.36397 4.18266 4.93497 3.68183 3.77825 3.66884 3.50204 3.41111 3.40304 3.37035 3.3345 3.29345 3.25319 3.17869 3.37386 3.06652 2.96063 2.72297 2.6656 2.52654 2.33371 2.46033 2.25779 2.19907 2.06012 2.8826 2.00431 1.92719 1.96067 1.78549 1.74347 1.60755 1.43096
threshold=1.0000000180025095e-35 0.30960331857204443 0.14852970838546756 -14.64872360229492 -3.05613100528717 1.0000000180025095e-35 -9.0872225761413556 -2.5741299390792842 -1.2054493427276609 0.42191350460052496 9.5000000000000018 0.14844845235347751 1.2159317135810854 24.500000000000004 19.525568008422855 0.57630065083503734 -1.0774241685867307 0.36628912389278417 -0.2784609049558639 -3.4437930583953853 896.16674804687511 0.12389565631747247 0.56962847709655773 1032.264587402344 188.94480895996097 -3.2217694520950313 -4.2108628749847403 -0.42335702478885645 0.51097288727760326 0.063431650400161757 0.63230550289154064 12.760028362274172 0.73583698272705089 1113.267761230469 11.891403675079347 -0.00030433163919951761 90.500000000000014 33.343101501464851 7.4961321353912362 10.615209102630617 0.43536967039108282 -4.9016678333282462 18.500000000000004 0.1457275524735451 0.76300942897796642 -930.51425170898426 -6.5990862846374503 0.43536967039108282 0.23951017111539843 -1.0000000180025095e-35 2.0592907667160039 -8.4735429339843891e-08 903.67120361328136 639.80773925781261
decision_type=2 2 2 2 2 2 2 2 2 2 2 2 2 2 2 2 2 2 2 2 2 2 2 2 2 2 2 2 2 2 2 2 2 2 2 2 2 2 2 2 2 2 2 2 2 2 2 2 2 2 2 2 2 2
left_child=5 2 7 9 16 51 18 38 41 10 32 19 13 15 -15 -8 48 34 22 -10 31 33 27 -24 -11 -26 -23 -5 -13 -19 -22 -18 43 -12 40 -36 44 47 53 -31 -9 42 -6 -3 -7 46 -20 -14 -4 -50 -40 -1 -43 -2
right_child=1 3 4 6 8 36 12 17 11 24 21 28 37 14 -16 -17 20 29 45 -21 30 26 23 -25 25 -27 -28 -29 -30 39 -32 -33 -34 -35 35 -37 -38 -39 50 -41 -42 52 -44 -45 -46 -47 -48 -49 49 -51 -52 -53 -54 -55
leaf_value=-0.12327759994934286 0.031073856970248274 1.382765348374533 0.25955666364025004 0.34736249662362678 0.1720788272863237 -0.12327759994934286 0.33154969148865049 -0.033055105334268246 0.037750996188634062 0.24018497374628936 0.43599058128806734 0.036323014140371028 -0.022789031073531651 0.066350173718111791 0.21737873229074439 0.056246054549946897 0.065213754432150689 -0.081754400232803143 1.2556293591761205 -0.0081487871393410571 0.010721161702917268 1.0743644829118897 0.7230881652019403 2.7790532094888003 2.8561533949918085 1.5266744176408786 0.72467448999802386 0.1542502785225498 0.12252041083820668 -0.047168179056580085 0.0693617735922087 0.16235810231493036 0.58144956638198497 0.09968846710467956 0.21110935834656649 0.019464073331604454 -0.12327759994934286 -0.63067112251861979 0.021929873548018924 0.0021323749470132337 0.022157990974222556 -0.0076903397769465696 0.0033069548122646748 0.38192050953901419 0.059154979098464677 0.25217461070569852 -0.12994120115357743 0.54884335827875019 0.11993897598420453 0.53549477981325577 0.078868248448611109 -0.12327759994934286 -0.049017780789944114 -0.0067873893186603217
leaf_weight=15102 916 592 268 300 131 5019 7419 13644 4807 2244 1933 11083 342 32971 4811 2850 4871 3422 325 23961 5136 324 965 708 22 135 1332 957 2541 21927 2230 886 160 674 175 617 4765 1109 623 1473 1616 2626 1866 134 885 2006 616 186 249 72 278 71582 9092 5390
leaf_count=15102 916 592 268 300 131 5019 7419 13644 4807 2244 1933 11083 342 32971 4811 2850 4871 3422 325 23961 5136 324 965 708 22 135 1332 957 2541 21927 2230 886 160 674 175 617 4765 1109 623 1473 1616 2626 1866 134 885 2006 616 186 249 72 278 71582 9092 5390
internal_value=-0.000760764 0.000502247 -0.000175025 0.00178939 0.000363294 -0.00313545 0.0015085 -0.000926187 9.41491e-05 0.00385159 0.00465765 0.000349361 0.00131986 0.00140046 0.00116538 0.00226181 0.00146199 -0.00112471 0.00309709 1.70077e-05 0.00128578 0.00394129 0.00411486 0.00526354 0.00210742 0.00726256 0.00535289 0.00255566 0.00104856 -0.00146222 0.000717525 0.00200662 0.00805727 0.0030297 -0.00055854 0.00155565 -0.00191155 -0.00102451 0.000250028 -0.00131056 -0.00067062 -0.000692145 0.000384602 0.00907215 -0.00137369 0.00207245 0.000691374 0.00105527 0.0053207 0.00330678 0.00202093 -0.00328566 -0.000878604 0
internal_weight=280368 183015 119900 63115 69819 97353 55565 50081 56107 7550 5149 42392 49688 48051 37782 10269 13712 42874 5877 28768 13123 4263 2930 1673 2401 157 1656 1257 13624 26822 7366 5757 886 2607 16052 792 10669 1637 7207 23400 15260 13715 1997 726 5904 2947 941 528 589 321 901 86684 11718 6306
internal_count=280368 183015 119900 63115 69819 97353 55565 50081 56107 7550 5149 42392 49688 48051 37782 10269 13712 42874 5877 28768 13123 4263 2930 1673 2401 157 1656 1257 13624 26822 7366 5757 886 2607 16052 792 10669 1637 7207 23400 15260 13715 1997 726 5904 2947 941 528 589 321 901 86684 11718 6306
is_linear=0
shrinkage=0.034459


end of trees

feature_importances:
return_1d=60
bb_width=59
autocorr_1d=46
return_3d=45
volume_lag_7d=44
bb_lower=38
volume_log_change_7d=38
return_7d=35
volume_zscore_30d=35
bb_pct_b=32
market_return_7d=32
market_return_14d=31
price_zscore_30d=29
market_return_30d=29
volume_log_change_1d=28
price_log=27
log_return_1d=23
rsi_14=23
volume_lag_1d=23
market_volume_mean_30d=23
price_std_7d=22
return_14d=21
price_lag_1d=20
volume_std_30d=20
price_std_60d=18
market_volatility_30d=17
return_30d=16
price_max_14d=14
macd_line=14
vol_regime_60_30=12
volume_price_conf_7d=11
market_return_1d=10
price_std_30d=9
volume_std_60d=8
market_return_30d_percentile=8
return_60d=7
autocorr_7d=7
price_std_20d=6
macd_signal=6
price_std_14d=5
price_accel_7d=5
price_max_60d=4
macd_histogram=4
log_return_7d=3
volume_price_conf_1d=2
trend_divergence_30_60=1
price_tier=1
macd_missing=1

parameters:
[boosting: gbdt]
[objective: quantile]
[metric: quantile]
[tree_learner: serial]
[device_type: cpu]
[data_sample_strategy: bagging]
[data: ]
[valid: ]
[num_iterations: 1000]
[learning_rate: 0.034459]
[num_leaves: 55]
[num_threads: -1]
[seed: 73]
[deterministic: 0]
[force_col_wise: 0]
[force_row_wise: 0]
[histogram_pool_size: -1]
[max_depth: 7]
[min_data_in_leaf: 15]
[min_sum_hessian_in_leaf: 0.001]
[bagging_fraction: 0.7]
[pos_bagging_fraction: 1]
[neg_bagging_fraction: 1]
[bagging_freq: 5]
[bagging_seed: 5921]
[bagging_by_query: 0]
[feature_fraction: 0.65]
[feature_fraction_bynode: 1]
[feature_fraction_seed: 22355]
[extra_trees: 0]
[extra_seed: 3536]
[early_stopping_round: 0]
[early_stopping_min_delta: 0]
[first_metric_only: 0]
[max_delta_step: 0]
[lambda_l1: 1]
[lambda_l2: 1]
[linear_lambda: 0]
[min_gain_to_split: 0.1]
[drop_rate: 0.1]
[max_drop: 50]
[skip_drop: 0.5]
[xgboost_dart_mode: 0]
[uniform_drop: 0]
[drop_seed: 14602]
[top_rate: 0.2]
[other_rate: 0.1]
[min_data_per_group: 100]
[max_cat_threshold: 32]
[cat_l2: 10]
[cat_smooth: 10]
[max_cat_to_onehot: 4]
[top_k: 20]
[monotone_constraints: ]
[monotone_constraints_method: basic]
[monotone_penalty: 0]
[feature_contri: ]
[forcedsplits_filename: ]
[refit_decay_rate: 0.9]
[cegb_tradeoff: 1]
[cegb_penalty_split: 0]
[cegb_penalty_feature_lazy: ]
[cegb_penalty_feature_coupled: ]
[path_smooth: 0]
[interaction_constraints: ]
[verbosity: -1]
[saved_feature_importance_type: 0]
[use_quantized_grad: 0]
[num_grad_quant_bins: 4]
[quant_train_renew_leaf: 0]
[stochastic_rounding: 1]
[linear_tree: 0]
[max_bin: 63]
[max_bin_by_feature: ]
[min_data_in_bin: 3]
[bin_construct_sample_cnt: 200000]
[data_random_seed: 277]
[is_enable_sparse: 1]
[enable_bundle: 1]
[use_missing: 1]
[zero_as_missing: 0]
[feature_pre_filter: 0]
[pre_partition: 0]
[two_round: 0]
[header: 0]
[label_column: ]
[weight_column: ]
[group_column: ]
[ignore_column: ]
[categorical_feature: ]
[forcedbins_filename: ]
[precise_float_parser: 0]
[parser_config_file: ]
[objective_seed: 8155]
[num_class: 1]
[is_unbalance: 0]
[scale_pos_weight: 1]
[sigmoid: 1]
[boost_from_average: 1]
[reg_sqrt: 0]
[alpha: 0.9]
[fair_c: 1]
[poisson_max_delta_step: 0.7]
[tweedie_variance_power: 1.5]
[lambdarank_truncation_level: 30]
[lambdarank_norm: 1]
[label_gain: ]
[lambdarank_position_bias_regularization: 0]
[eval_at: ]
[multi_error_top_k: 1]
[auc_mu_weights: ]
[num_machines: 1]
[local_listen_port: 12400]
[time_out: 120]
[machine_list_filename: ]
[machines: ]
[gpu_platform_id: -1]
[gpu_device_id: -1]
[gpu_use_dp: 0]
[num_gpu: 1]

end of parameters

pandas_categorical:[]
