tree
version=v4
num_class=1
num_tree_per_iteration=1
label_index=0
max_feature_idx=40
objective=quantile
feature_names=price_lag_1d return_1d return_3d return_7d return_14d return_30d return_60d price_std_7d price_std_14d price_std_20d price_std_60d price_zscore_30d vol_regime_60_30 trend_divergence_30_60 price_accel_7d price_log price_tier log_return_1d log_return_7d autocorr_1d autocorr_7d bb_pct_b bb_width rsi_14 macd_line macd_signal macd_histogram volume_missing volume_lag_1d volume_lag_7d volume_mean_7d volume_mean_30d volume_std_30d volume_std_60d volume_log_change_1d volume_log_change_7d volume_zscore_30d volume_price_conf_7d volume_price_conf_1d rsi_missing macd_missing
feature_infos=[0.029999999329447746:726.3900146484375] [-98.001335144042969:500] [-98.001335144042969:500] [-98.001335144042969:500] [-99.363525390625:500] [-99.273765563964844:500] [-99.186729431152344:500] [0:155.79258728027344] [0:113.14417266845703] [0:97.831710815429688] [0:100.54641723632812] [-4.96368408203125:5.2946515083312988] [0.70291376113891602:805.0294189453125] [-1056138296557568:933262033682432] [-598.0013427734375:586.79248046875] [-3.5065579414367676:6.5880870819091797] [0:4] [-3.9126894474029541:4.9908404350280762] [-3.9126894474029541:4.8882842063903809] [-49000.66796875:60162.6015625] [-49000.66796875:34064.93359375] [-0.54432862997055054:1.5621322393417358] [0.014894707128405571:15.69301700592041] [0:99.844482421875] [-54.1455078125:48.291065216064453] [-42.52099609375:42.708404541015625] [-22.157054901123047:15.944230079650879] none [1:107040] [1:107040] [1:33132.71484375] [1:19356.69921875] [0.57735025882720947:18549.255859375] [0.57735025882720947:13367.96484375] [-6.1758670806884766:6.1158919334411621] [-6.4248690605163574:6.5434322357177734] [-3.7836604118347168:5.2921395301818848] [-97.603759765625:500] [-96.563575744628906:500] [0:1] [0:1]
tree_sizes=3133 2985 2913 3108 2943 2912 2568 3107 3301 3037 3041 2755 2926 2759 2937 2932 2949 2960 2950

Tree=0
num_leaves=30
num_cat=0
split_feature=0 5 11 23 22 39 1 31 28 11 12 13 14 32 2 24 10 5 22 32 9 2 31 32 5 9 0 2 22
split_gain=2950.76 316.406 150.404 78.0385 56.9548 50.8988 44.7144 37.3812 31.4612 35.3605 27.8263 27.4303 21.6755 17.8878 12.6338 12.603 12.5041 9.71571 9.37315 8.59401 8.11653 7.52737 6.28723 5.95487 5.50278 4.89033 4.52274 1.95744 1.87486
threshold=0.03024999983608723 43.89366531372071 -0.18771857768297193 1.0000000180025095e-35 1.7242037653923037 1.0000000180025095e-35 5.6950764656066903 373.11666870117193 100.50000000000001 -0.24483657628297803 0.77175492048263561 0.52175122499465953 8.3208713531494158 47.187690734863288 -10.608738899230955 -8.2161766279398297e-10 0.02035543974488974 -6.8609755039215079 0.49156664311885839 27.447232246398929 0.0049575832672417173 -1.0000000180025095e-35 604.73333740234386 102.40704345703126 70.016025543212905 0.0085419053211808222 0.35424999892711645 -1.0000000180025095e-35 1.7242037653923037
decision_type=2 2 2 2 2 2 2 2 2 2 2 2 2 2 2 2 2 2 2 2 2 2 2 2 2 2 2 2 2
left_child=2 3 7 28 13 6 -5 8 10 -10 -1 15 20 19 24 16 -4 23 -15 -3 -13 -17 -7 -9 -6 -14 -16 -19 -2
right_child=1 4 11 5 14 22 -8 17 9 -11 -12 12 25 18 26 21 -18 27 -20 -21 -22 -23 -24 -25 -26 -27 -28 -29 -30
leaf_value=0 -1.4953681920979462 -0.40298506736755368 0 0.14915797233581543 0.11602979377076149 -2.26384328850635 0.035714285373687746 0.2150070076046029 0 1.4077332080594824 0 -0.096774194240570072 -0.27272727012634274 0.1560693597793579 -1.9430006087592679 0 0 0 -0.2567353534698486 -0.78397424697875973 0.19313463978650527 0 -0.29476534125137932 0 -0.7788761751115354 -2.842752250101177 -1.049798126220703 0 -1.478191522963489
leaf_weight=476.30611765384674 178.00525480508804 885.98544180393219 2673.3159190416336 31823.168874561787 76.076388895511627 165.97762495279312 4494.6383921504021 26.168978273868561 281.31609439849854 266.27979391813278 613.86332356929779 61.881762802600861 73.774124503135681 549.10620009899139 559.35557955503464 73.238157570362091 1823.9049311876297 31.437017440795898 1581.4680918455124 335.7747038602829 78.419722735881805 9809.9941524863243 47.552764892578125 42.323181390762329 255.57752257585526 134.15780711174011 264.30947023630142 466.51773059368134 85.424129486083984
leaf_count=349 33 731 3820 30368 17 49 3607 19 197 49 446 92 99 610 135 36 457 46 1400 363 14 15085 17 59 91 21 99 263 14
internal_value=0 0.00235113 -0.0125191 0.00327044 -0.00514912 0.00338815 0.00347439 -0.00519784 -0.00288634 0.0029605 -0.00583699 -0.0136136 -0.00521457 -0.00316228 -0.0108974 -0.0138157 -0.0124684 -0.0118462 -0.00149283 -0.00605949 0.00380989 -0.0144266 -0.011183 -0.00100468 -0.00585705 -0.0113703 -0.012904 -0.0133048 -0.0129728
internal_weight=0 41302.4 16932.9 36794.8 4507.65 36531.3 36317.8 2204.21 1637.77 547.596 1090.17 14728.7 348.233 3352.33 1155.32 14380.5 4497.22 566.447 2130.57 1221.76 140.301 9883.23 213.53 68.4922 331.654 207.932 823.665 497.955 263.429
internal_count=58586 37534 21052 34088 3446 34041 33975 1428 1041 246 795 19624 226 3104 342 19398 4277 387 2010 1094 106 15121 66 78 108 120 234 309 47
is_linear=0
shrinkage=0.03


Tree=1
num_leaves=29
num_cat=0
split_feature=7 5 40 0 6 11 14 3 32 28 33 33 31 31 26 6 33 6 36 25 9 0 26 31 33 33 15 33
split_gain=2951.87 311.226 199.603 106.068 75.833 50.2305 47.5447 36.326 27.6325 22.0761 22.0331 20.9419 17.6892 35.9807 12.4048 34.6275 11.9728 10.4716 9.97807 7.2557 6.96437 6.74798 7.27394 6.73439 4.14394 4.05116 3.57804 2.98959
threshold=1.0000000180025095e-35 43.89366531372071 1.0000000180025095e-35 0.03024999983608723 33.086282730102546 -0.18771857768297193 72.859123229980483 -0.87163257598876942 56.94380187988282 283.50000000000006 109.67576980590822 734.03738403320324 373.11666870117193 173.41666412353518 6.4078709005599432e-10 -6.473655939102172 128.49094390869143 -6.473655939102172 0.081852842122316374 -0.0015133465058170257 0.02212726324796677 0.28524999320507055 0.037618750706315048 140.65000152587893 301.64356994628912 473.53404235839849 -1.1607540249824522 191.83596801757815
decision_type=2 2 2 2 2 2 2 2 2 2 2 2 2 2 2 2 2 2 2 2 2 2 2 2 2 2 2 2
left_child=5 2 3 9 -5 12 10 8 -4 -2 18 -12 13 20 15 -7 -15 25 -3 -16 -1 26 -23 -9 -21 -14 -8 -17
right_child=1 6 7 4 -6 14 21 23 -10 -11 11 -13 17 16 19 27 -18 -19 -20 24 -22 22 -24 -25 -26 -27 -28 -29
leaf_value=0 0 -0.54080542001724241 -0.60107142856121054 0.15069767560958863 -0.0097194944679737088 0.1999999952316284 -1.0628886295181277 -1.8009626891142019 0.56316563182077306 0 0.094369366318361278 -0.47375133298237548 0.1999999952316284 1.3737059085801133 0 0 0 0 -0.22492743101119994 0 0 -0.48353482962013988 -1.5306988183021544 -0.82738202607012856 0 0 -2.7182721961249623 0
leaf_weight=542.55289560556412 1210.7422987818718 1500.1361817121506 255.03332763910294 31464.339893102646 3958.6945339441299 42.115339934825897 470.3798748254776 442.22611713409424 241.08285123109818 402.18215978145599 958.48240500688553 384.84949624538422 29.672552824020386 108.83117401599884 766.56990212202072 9148.0011263489723 44.51367199420929 323.97485858201981 746.50524067878723 1984.4992246031761 113.48343992233276 112.5580045580864 162.16218721866608 474.175960958004 483.10075843334198 17.48416393995285 316.15321755409241 1530.8163956999779
leaf_count=457 829 1209 140 29334 4254 8 228 106 117 241 905 284 30 30 256 13308 28 175 652 2800 25 61 87 144 671 26 51 2130
internal_value=0 0.00202646 0.0029134 0.00333585 0.00367867 -0.0133734 -0.00530158 -0.00814992 -0.00157399 -0.00418266 -0.00364524 -0.000592934 -0.00739908 -0.0048773 -0.0138774 -0.0143782 0.0081387 -0.0128444 -0.00546309 -0.0122105 -0.00794644 -0.0108861 -0.0066971 -0.0116908 -0.0113857 5.10686e-05 -0.012325 -0.0144861
internal_weight=0 43099.7 38448.5 37036 35423 15135.6 4651.23 1412.52 496.116 1612.92 3589.97 1343.33 1180.51 809.381 13955.1 10720.9 153.345 371.132 2246.64 3234.17 656.036 1061.25 274.72 916.402 2467.6 47.1567 786.533 10678.8
internal_count=58586 38642 35165 34658 33588 19944 3477 507 257 1070 3050 1189 771 540 19173 15446 58 231 1861 3727 482 427 148 250 3471 56 279 15438
is_linear=0
shrinkage=0.03


Tree=2
num_leaves=28
num_cat=0
split_feature=7 5 40 15 17 2 5 5 3 33 24 12 24 12 29 12 15 5 8 24 12 12 21 28 33 12 3
split_gain=2939.77 292.747 179.704 90.2839 47.0945 46.4755 38.1463 36.7072 29.8447 26.4689 23.9214 22.5097 20.0309 19.9053 16.364 16.006 12.4897 8.06808 7.82076 6.01773 2.66011 3.33071 1.82805 1.82269 1.24328 1.14855 0.401776
threshold=1.0000000180025095e-35 43.89366531372071 1.0000000180025095e-35 -3.498293280601501 -0.01068550208583474 42.910984039306648 -1.814596354961395 -1.814596354961395 -0.87163257598876942 35.814958572387702 -4.8296165289229969e-08 0.70710840821266185 -0.0018922754679806528 0.71422952413558971 62.500000000000007 0.90754905343055736 -3.095567941665649 70.016025543212905 0.0035560658434405927 -0.0018922754679806528 0.72929775714874279 1.2290057539939883 1.1419847011566164 305.50000000000006 301.64356994628912 3.8086534738540654 -6.4482648372650138
decision_type=2 2 2 2 2 2 2 2 2 2 2 2 2 2 2 2 2 2 2 2 2 2 2 2 2 2 2
left_child=7 2 3 6 -5 14 -2 11 9 -4 12 -1 25 -14 17 -16 -10 -3 19 -13 22 -22 -7 26 -25 -9 -12
right_child=1 5 8 4 -6 20 -8 10 16 -11 23 18 13 -15 15 -17 -18 -19 -20 -21 21 -23 -24 24 -26 -27 -28
leaf_value=0.19399999537467955 0.19420595603803326 -0.23822092536342629 -0.77810927569556232 0.1971324652891159 0.09445260469722748 -1.0341643996115033 0 0 0.024821460782103857 0.3215763564720831 0 0 0 0 -0.34897215451073327 -0.026114820267677304 -1.4264531845649855 -0.91648914946952653 0.064907856889231549 0 -1.0833280162256931 -1.3572649909861976 -2.5678201686859072 0 0 0 0
leaf_weight=47.020815849304199 458.71533727645874 615.57877439260483 175.17435175180435 13706.742502391338 21635.542441487312 63.719164550304413 1234.9586044549942 1449.4200255274773 56.379925489425659 320.94182711839676 46.465647995471954 192.97341531515121 594.8665983080864 2570.4017081856728 1049.7266368865967 1459.6483058929443 860.02215260267258 590.90060186386108 61.378682255744934 153.56491285562515 422.07082277536392 135.02597415447235 314.55632728338242 945.48799252510071 613.91473627090454 71.289877772331238 8388.8310911655426
leaf_count=4 254 450 82 12127 21465 19 812 278 13 175 21 71 379 3300 795 1476 237 339 27 164 260 59 79 1308 921 23 13448
internal_value=0 0.00199485 0.00285506 0.00325592 0.00358039 -0.00511226 -0.00350507 -0.0133734 -0.0076421 -0.0016772 -0.0136341 -0.00492207 -0.0118436 -0.0104637 -0.00360079 -0.00221052 -0.0108523 -0.00647787 -0.00721569 -0.00897155 -0.0110956 -0.00965143 -0.0131672 -0.0144714 -0.0133833 -0.0147016 -0.0146699
internal_weight=0 43099.7 38448.5 37036 35342.3 4651.23 1693.67 15135.6 1412.52 496.116 14680.7 454.938 4685.98 3165.27 3715.85 2509.37 916.402 1206.48 407.917 346.538 935.372 557.097 378.275 9994.7 1559.4 1520.71 8435.3
internal_count=58586 38642 35165 34658 33592 3477 1066 19944 507 257 19678 266 3980 3679 3060 2271 250 789 262 235 417 319 98 15698 2229 301 13469
is_linear=0
shrinkage=0.03


Tree=3
num_leaves=30
num_cat=0
split_feature=7 5 40 0 6 22 5 18 22 13 25 25 33 25 2 25 22 15 6 33 5 8 8 14 8 8 36 30 28
split_gain=2918.44 283.067 175.938 102.05 70.9319 56.8652 36.7072 29.439 29.0704 25.2393 22.0454 20.75 17.0748 16.9049 15.5884 13.7551 12.6214 12.3759 11.9173 8.42757 8.19095 5.845 10.4478 5.7037 2.64204 1.96763 1.72052 1.27506 0.885426
threshold=1.0000000180025095e-35 43.89366531372071 1.0000000180025095e-35 0.03024999983608723 33.086282730102546 1.7242037653923037 -1.814596354961395 -0.0087545351125299913 1.7242037653923037 0.49725149571895605 -0.0025281236739829178 -2.1264074945293029e-08 109.67576980590822 -0.0015133465058170257 7.0772743225097665 0.016552424989640716 0.49156664311885839 -3.095567941665649 -1.0000000180025095e-35 263.34991455078131 70.016025543212905 1.0000000180025095e-35 0.041582303121685989 7.5750994682312021 0.0035560658434405927 0.62850299477577221 -0.48385836184024805 42.500000000000007 359.50000000000006
decision_type=2 2 2 2 2 2 2 2 2 2 2 2 2 2 2 2 2 2 2 2 2 2 2 2 2 2 2 2 2
left_child=6 2 3 9 -5 12 10 8 -4 -2 26 13 15 27 20 -3 -14 -9 24 -15 -7 28 -23 -20 -12 -16 -1 -8 -13
right_child=1 5 7 4 -6 14 11 17 -10 -11 18 21 16 19 25 -17 -18 -19 23 -21 -22 22 -24 -25 -26 -27 -28 -29 -30
leaf_value=0 0 -0.55394056857942953 -0.35756339965693673 0.14280992974310874 -0.012261487774851322 -0.19120581514383148 0 0.024076816958640741 0.71140238655565025 0.18492077114662814 0.18754978514654147 0 0.33417936333046983 0 -1.916202554711558 -0.16680743585938454 -0.22517793128659935 -1.3836595890280361 0 0 -0.86202328523334226 0 0 -0.088729820747727825 0.18817999551343917 -2.5217276510909699 0 0 0
leaf_weight=34.066899538040161 1288.499933719635 1176.9114723801613 346.97655159235001 31464.339893102646 3958.6945339441299 109.0146968960762 56.206516683101654 56.379925489425659 149.1396272778511 324.42452484369278 55.742170393466949 8464.2027170658112 350.91126435995102 2353.4621338844299 620.50609892606735 953.76817011833191 892.07262647151947 860.02215260267258 121.95097875595093 608.15023273229599 450.58915901184082 254.14793366193771 320.38521099090576 36.284259021282196 49.401301860809326 97.45311963558197 157.49221670627594 1345.8932248353958 1278.2297078967094
leaf_count=16 792 910 168 29334 4254 23 15 13 89 278 62 13576 365 2809 149 1018 827 237 109 826 166 230 39 13 9 19 57 342 1841
internal_value=0 0.00193898 0.00278486 0.0031815 0.00351777 -0.00504963 -0.0133734 -0.00760172 -0.0016772 -0.00419325 -0.00492207 -0.0136341 -0.00300129 -0.0118753 -0.0104437 -0.00463142 -0.000194161 -0.0107901 0.000658975 -0.0105679 -0.00662733 -0.0143759 -0.0112889 -0.00447676 0.00851457 -0.0133907 -0.0126554 -0.0146215 -0.0145558
internal_weight=0 43099.7 38448.5 37036 35423 4651.23 15135.6 1412.52 496.116 1612.92 454.938 14680.7 3373.66 4363.71 1277.56 2130.68 1242.98 916.402 263.379 2961.61 559.604 10317 574.533 158.235 105.143 717.959 191.559 1402.1 9742.43
internal_count=58586 38642 35165 34658 33588 3477 19944 507 257 1070 266 19678 3120 3992 357 1928 1192 250 193 3635 189 15686 269 122 71 168 73 357 15417
is_linear=0
shrinkage=0.03


Tree=4
num_leaves=28
num_cat=0
split_feature=0 5 39 23 5 22 39 1 9 25 10 10 9 29 9 8 2 25 13 5 31 28 31 22 13 28 26
split_gain=2867.27 265.222 143.887 64.1679 49.689 46.8417 43.4493 40.0779 26.3011 24.6676 23.2235 60.7118 16.5194 16.3474 15.019 18.9916 12.2446 9.0331 8.35746 6.91496 5.18771 4.3178 3.39136 3.26342 1.43447 0.788779 0.474601
threshold=0.03024999983608723 43.89366531372071 1.0000000180025095e-35 1.0000000180025095e-35 -1.814596354961395 1.7242037653923037 1.0000000180025095e-35 5.6950764656066903 0.054518984630703933 -2.1264074945293029e-08 0.02035543974488974 0.018715891987085346 0.032501902431249625 62.500000000000007 0.14687805622816089 0.027262460440397266 5.063380479812623 0.016552424989640716 0.1031894087791443 70.016025543212905 604.73333740234386 194.50000000000003 108.9833335876465 0.065323900431394591 1.0003283619880678 359.50000000000006 0.0018643834046088161
decision_type=2 2 2 2 2 2 2 2 2 2 2 2 2 2 2 2 2 2 2 2 2 2 2 2 2 2 2
left_child=2 3 4 21 14 13 7 -5 12 10 11 -4 -6 17 15 -1 19 -3 -15 -7 -8 -2 -10 -11 -18 -25 -12
right_child=1 5 9 6 8 16 20 -9 22 23 26 -13 -14 18 -16 -17 24 -19 -20 -21 -22 -23 -24 25 -26 -27 -28
leaf_value=0 -1.478404553057296 -0.78308625455553171 0 0.13149359631215457 0 -0.26994720489612389 -2.0575957259699429 0.023543542879677484 0 -0.10225216968866863 0 1.5343371281460996 0.97358654283416346 0.81001615935065863 -0.0058261786811409973 0.18244319203901752 -1.8618170642794889 -0.15798864684491076 -0.16970657777193002 -0.82577226520730163 -0.33177756040306505 -1.0079696265187084 0 0 -1.1261557634009616 0 0
leaf_weight=456.51865255832672 159.45837593078613 750.45103657245636 2507.2882828116417 31823.168874561787 1343.6633389592171 106.00190979242325 165.97762495279312 4494.6383921504021 110.40926218032837 16.800078272819519 1392.5994828939438 89.630297183990479 195.57453346252441 84.82294100522995 49.32590913772583 106.63643705844879 398.35152620077133 402.34355396032333 2114.7169060707092 435.80562794208527 47.552764892578125 103.97100836038589 655.30122256278992 8511.437884926796 215.1598973274231 1332.7527148723602 164.96071779727936
leaf_count=304 28 486 3423 30368 1261 22 49 3607 12 25 382 17 28 54 6 12 103 378 2186 162 17 19 78 13599 55 1855 50
internal_value=0 0.00220791 -0.0124504 0.0030496 -0.00637785 -0.00465882 0.00315637 0.00323607 -0.00839651 -0.0137131 -0.0117507 -0.00999132 -0.00611439 -0.00285641 0.00119513 0.00261237 -0.00987232 -0.00575333 -0.00133033 -0.00651923 -0.010305 -0.0116781 -0.0129575 -0.0145377 -0.0128014 -0.0145604 -0.0146705
internal_weight=0 41302.4 16932.9 36794.8 2917.43 4507.65 36531.3 36317.8 2304.95 14015.5 4154.48 2596.92 1539.24 3352.33 612.481 563.155 1155.32 1152.79 2199.54 541.808 213.53 263.429 765.71 9860.99 613.511 9844.19 1557.56
internal_count=58586 37534 21052 34088 1701 3446 34041 33975 1379 19351 3872 3440 1289 3104 322 316 342 864 2240 184 66 47 90 15479 158 15454 432
is_linear=0
shrinkage=0.03


Tree=5
num_leaves=28
num_cat=0
split_feature=7 5 0 6 11 14 14 24 9 24 36 30 30 26 24 11 6 28 0 36 7 7 6 10 5 7 5
split_gain=2878.86 240.074 83.109 53.2402 46.0873 43.6542 43.2916 32.2679 28.6386 17.3145 17.0018 12.5449 26.5189 14.5551 12.4236 11.687 11.4455 16.3709 10.6679 9.59992 9.54772 8.75515 6.06656 5.31398 5.02222 4.73935 2.33557
threshold=1.0000000180025095e-35 43.89366531372071 0.03024999983608723 33.086282730102546 -0.18771857768297193 -2.2726072072982784 72.859123229980483 -0.0007713395170867442 0.14687805622816089 -8.2161766279398297e-10 0.81814059615135204 458.07142639160162 114.6428565979004 -0.00026759499451145524 -0.0014444918488152323 -0.36424794793128962 210.60344696044925 265.50000000000006 0.24225000292062762 0.081852842122316374 0.28757406771183019 0.082233950495719924 -3.2710874080657955 0.0038135759532451634 -3.241906881332397 0.043282227590680129 -6.8609755039215079
decision_type=2 2 2 2 2 2 2 2 2 2 2 2 2 2 2 2 2 2 2 2 2 2 2 2 2 2 2
left_child=4 2 7 5 11 -4 16 8 -2 14 -5 12 15 -14 26 -1 17 -3 25 -18 -9 -20 23 -13 -16 -8 -6
right_child=1 6 3 10 9 -7 18 20 -10 -11 -12 22 13 -15 24 -17 19 -19 21 -21 -22 -23 -24 -25 -26 -27 -28
leaf_value=0 0.28139497239372868 -0.27225494278251328 0.17996979040260533 -0.082022266480446651 0 0.07948846537227848 -0.90705380557866744 0 -0.0056513933207067678 0 0.20790236465709669 0.18837350182028331 0.96519056861207986 0 0 0 -1.1893529684541777 0.066681285956122813 0.023507221450719266 -0.23814794683790144 0 -1.1281671080942834 0 -0.005626493554396244 0 -2.2518520882659403 0
leaf_weight=165.91785472631454 432.33083921670914 2351.9871219396591 13429.636145055294 3315.1978641152382 76.699619948863983 19575.838838279247 308.84934449195862 1039.4424908161163 75.504489421844482 9529.5210821628571 851.75730848312378 15.528060317039492 157.46961611509323 196.06424355506897 63.088598608970642 386.32549500465393 319.39558899402618 814.14823430776596 55.73739618062973 119.96309810876846 122.16670799255371 286.59324234724045 247.81874066591263 14.240667998790739 3034.718694627285 420.43940007686615 1429.5573862195015
leaf_count=144 181 1871 12119 3481 16 17792 162 880 9 14880 822 15 38 143 42 290 219 864 18 68 14 148 118 23 4035 89 289
internal_value=0 0.00171765 0.00249111 0.00278545 -0.0134046 0.00318891 -0.00470209 -0.00405254 0.0022317 -0.0138822 -0.000406637 -0.00768371 -0.00593794 0.000437626 -0.0123455 -0.0100433 -0.00312171 -0.00248424 -0.0100014 -0.00767332 -0.00681259 -0.00553887 -0.0133054 0 -0.0112327 -0.0120704 -0.0146195
internal_weight=0 43519 38841.9 37172.4 15317 33005.5 4677.11 1669.44 507.835 14133.6 4166.96 1183.36 905.777 353.534 4604.06 552.243 3605.49 3166.14 1071.62 439.359 1161.61 342.331 277.587 29.7687 3097.81 729.289 1506.26
internal_count=58770 38737 35298 34214 20033 29911 3439 1084 190 19262 4303 771 615 181 4382 434 3022 2735 417 287 894 166 156 38 4077 251 305
is_linear=0
shrinkage=0.03


Tree=6
num_leaves=25
num_cat=0
split_feature=7 2 40 0 18 24 24 32 0 24 12 30 22 21 21 24 12 24 22 22 36 24 30 24
split_gain=2868.48 175.094 147.088 65.1911 72.3334 52.1767 41.8352 39.5651 30.8498 16.8372 20.907 26.2595 14.2073 13.0184 9.97138 8.77863 5.03585 4.4942 2.86787 1.32318 1.18894 0.776678 0.802979 0.43679
threshold=1.0000000180025095e-35 42.910984039306648 1.0000000180025095e-35 0.03024999983608723 0.15767392516136172 -0.00108265207381919 -4.8296165289229969e-08 47.187690734863288 0.59825000166893016 -0.0018922754679806528 0.71422952413558971 125.46428680419923 2.9450031518936162 0.39815440773963934 0.41015461087226873 -0.011352294124662874 1.2514424324035647 0.020792771130800251 1.7242037653923037 0.11845926567912103 -0.48385836184024805 -5.450345036406289e-13 22.773809432983402 0.00054816144984215509
decision_type=2 2 2 2 2 2 2 2 2 2 2 2 2 2 2 2 2 2 2 2 2 2 2 2
left_child=6 2 3 5 -5 -2 9 18 -9 13 11 -11 15 16 -12 -3 -1 -17 -4 -8 -15 22 -21 -23
right_child=1 12 7 4 -6 -7 19 8 -10 10 14 -13 -14 20 -16 17 -18 -19 -20 21 -22 23 -24 -25
leaf_value=0 0.184438542830303 0.064655926234641073 -1.3277699412897814 0.11392062774106618 -0.090551520790046108 0 0 0.0026574648637993168 -1.0153344987565804 0 0 0 -2.325162717586748 0 0 -0.9323315315512708 -0.10223674423631081 -0.71766302524158299 -1.0753544696523554 0 0 0 0 0
leaf_weight=59.170511543750763 478.29206240177155 50.118649005889893 566.95193022489548 35156.944880962372 4012.5377262830734 1138.7481682300568 15.945837080478666 499.22510695457458 314.02331280708313 238.3362802863121 146.21810162067413 396.02192682027817 373.85615301132202 496.61162209510803 2714.0535093545914 576.99712705612183 41.173058867454529 238.67659515142441 112.61639773845673 114.46833115816116 1210.3941357731819 9098.7861982584 727.26466816663742 58.505878925323486
leaf_count=38 167 19 182 33162 3413 901 25 172 136 221 182 174 62 97 3426 318 14 164 41 191 250 14147 1261 7
internal_value=0 0.00170121 0.00202738 0.00236621 0.00261013 -0.00353205 -0.0133937 -0.00721777 -0.00272681 -0.0112236 -0.00998803 -0.00501177 -0.00940745 -0.0136009 -0.0110854 -0.00725443 -0.00289352 -0.00801025 -0.0125641 -0.0145405 -0.0142205 -0.0145551 -0.013391 -0.0146598
internal_weight=0 43519 42279.3 40786.5 39169.5 1617.04 15317 1492.82 813.248 5301.98 3494.63 634.358 1239.65 1807.35 2860.27 865.792 100.344 815.674 679.568 10015 1707.01 9999.03 841.733 9157.29
internal_count=58770 38737 38174 37643 36575 1068 20033 531 308 4402 4003 395 563 399 3608 501 52 482 223 15631 347 15606 1452 14154
is_linear=0
shrinkage=0.03


Tree=7
num_leaves=30
num_cat=0
split_feature=7 5 40 0 22 5 1 32 24 0 24 10 10 9 14 5 13 31 0 35 30 31 32 12 25 35 25 22 31
split_gain=2818.98 227.538 155.901 91.6628 51.9238 47.2491 41.9876 39.8343 34.5309 25.9743 25.7489 23.8734 60.1686 16.4233 15.5073 13.6508 12.4299 11.4071 10.0192 7.65826 5.52032 5.01515 10.5765 4.93945 4.73119 2.83137 1.39209 1.33874 1.20436
threshold=1.0000000180025095e-35 43.89366531372071 1.0000000180025095e-35 0.03024999983608723 1.7242037653923037 -1.0000000180025095e-35 -4.6497018337249747 47.187690734863288 -0.0007713395170867442 0.59825000166893016 -4.8296165289229969e-08 0.02035543974488974 0.018715891987085346 1.0000000180025095e-35 28.074757575988773 -40.585058212280266 0.93915200233459484 248.58333587646487 0.17324999719858172 -1.5351058244705198 40.071428298950202 147.44999694824222 116.89463043212892 3.8086534738540654 0.064867377281188979 0.31026843190193182 -2.1264074945293029e-08 0.11845926567912103 690.81665039062511
decision_type=2 2 2 2 2 2 2 2 2 2 2 2 2 2 2 2 2 2 2 2 2 2 2 2 2 2 2 2 2
left_child=5 2 3 8 16 13 -5 25 -2 -9 11 12 -7 21 19 -15 17 -3 -18 -6 -17 -1 -23 -13 -16 -4 28 -28 -12
right_child=1 4 7 6 14 10 -8 9 -10 -11 26 23 -14 15 24 20 18 -19 -20 -21 -22 22 -24 -25 -26 -27 27 -29 -30
leaf_value=0 0.17745280938730154 -0.26634704215798116 -1.3087755477289269 0.24851563353022552 0.10587767698307081 0 0.092680409497823454 -0.052790409155136414 0 -0.98487446379388299 0 0 1.1809626377096352 0 -1.7860190920372134 0 -0.50952003583667438 0.15439270794518242 -0.17582970790740188 -0.4649490200421097 0.17571668002889543 1.0332790949169268 0 0 -1.6030504614865384 -0.30734004927204667 0 0 0
leaf_weight=120.1151294708252 507.83532863855362 1222.3419952392578 655.13770598173141 6358.2071980834007 78.070532917976379 2735.3605080246925 29334.759434461594 506.29343974590302 1116.8504868149757 314.02331280708313 106.23125702142715 1898.9922946095467 87.225983381271362 50.074091553688049 697.92409616708755 32.083436727523804 853.72558528184891 664.61096858978271 667.96211463212967 409.01003885269165 158.14961194992065 37.38492351770401 64.553545236587524 130.41803008317947 83.468094766139984 48.767776846885681 15.945837080478666 9847.9542429447174 32.461168348789215
leaf_count=67 190 1059 207 4633 24 3632 29055 174 880 136 182 445 14 25 169 32 760 683 591 122 94 23 39 33 31 23 25 15371 51
internal_value=0 0.0015964 0.00234941 0.00273384 -0.00465349 -0.0133677 0.00305131 -0.00705072 -0.00423032 -0.00253251 -0.0136621 -0.011848 -0.0100419 -0.00387296 -0.00983854 0.00150847 -0.00271839 -0.00108075 -0.00473825 -0.00557271 0.00523501 -0.00975446 -0.00460444 -0.0143496 -0.0124732 -0.0122893 -0.0145399 -0.014588 -0.010972
internal_weight=0 43519 38841.9 37317.7 4677.11 15317 35693 1524.22 1624.69 820.317 14854.6 4852 2822.59 462.361 1268.47 240.307 3408.64 1886.95 1521.69 487.081 190.233 222.054 101.938 2029.41 781.392 703.905 10002.6 9863.9 138.692
internal_count=58770 38737 35298 34758 3439 20033 33688 540 1070 310 19753 4124 3646 280 346 151 3093 1742 1351 146 126 129 62 478 200 230 15629 15396 233
is_linear=0
shrinkage=0.03


Tree=8
num_leaves=31
num_cat=0
split_feature=0 5 11 15 22 32 22 11 3 31 31 10 13 11 11 6 0 12 24 14 10 4 13 25 10 32 9 12 29 25
split_gain=2775.33 208.677 150.287 62.0012 44.4986 43.4198 33.5918 31.1448 28.8 27.4863 41.2149 37.6654 23.3393 18.5833 18.3947 18.2185 16.7185 16.6983 15.7086 15.3894 12.2979 12.0951 11.005 11.9445 10.6131 9.64521 8.16599 6.52727 6.11352 4.89637
threshold=0.03024999983608723 50.020000457763679 -0.18771857768297193 -0.99357706308364857 1.0810002684593203 150.91912841796878 1.7242037653923037 -0.18257127702236173 12.755745410919191 373.11666870117193 129.25000000000003 0.018715891987085346 0.29483956098556524 -0.36424794793128962 -0.11615040153264998 -3.2710874080657955 0.055250000208616264 0.82320216298103344 -8.2161766279398297e-10 8.3208713531494158 0.02035543974488974 -1.0000000180025095e-35 0.93915200233459484 0.016552424989640716 0.012613815255463125 70.342563629150405 0.060543285682797439 0.96213313937187206 246.50000000000003 0.064867377281188979
decision_type=2 2 2 2 2 2 2 2 2 2 2 2 2 2 2 2 2 2 2 2 2 2 2 2 2 2 2 2 2 2
left_child=2 3 9 8 5 -5 22 18 12 10 13 -12 -2 -1 -9 27 -10 -6 20 26 -4 -20 25 -24 -16 -3 -8 -11 -17 -21
right_child=1 6 7 4 17 -7 19 14 16 15 11 -13 -14 -15 24 28 -18 -19 21 29 -22 -23 23 -25 -26 -27 -28 -29 -30 -31
leaf_value=0 0.22354896122247692 -0.34748575296825468 0 0.062706658229200782 -0.03927153645349632 -0.24355950631518666 0.028823050347418264 0.18460944892057404 -0.14773177313066502 0 0 1.603602145590391 0.13163386815181541 0 -0.10225216968866863 -0.021652127682432125 0.14278753707647518 -0.82004062152925583 0.17735885846132288 -1.6076962322245851 0 0 -0.5629159194421034 -0.067686998440873669 -2.3627351386468072 0.059629162294900673 -0.77458967132072476 0.081707496259914816 0 -1.2700667449910017
leaf_weight=434.8991442322731 7562.1085538864136 710.53215432167053 2747.9695212244987 12799.563516139984 422.06443274021149 840.05328351259232 132.09998869895935 52.544388651847839 1058.0447490215302 16.699112057685852 215.94751596450806 258.48795235157013 12557.707263708115 741.30282992124557 241.886110663414 27.530248820781708 2076.3183154463768 513.73563742637634 13.089289665222166 587.25948113203049 1895.1674371957779 9823.2046912312508 816.30262845754623 467.26172971725464 135.48202848434448 830.2190557718277 231.51075655221939 61.95246434211731 472.67466855049133 92.319219887256622
leaf_count=377 5961 627 3939 15368 129 1053 37 15 783 15 150 54 9795 484 253 27 1509 240 1 159 458 15024 670 405 30 768 82 67 255 35
internal_value=0 0.0018473 -0.0124926 0.00252615 0.000990598 0.00142571 -0.00478847 -0.0135796 0.00348793 -0.00521539 -0.00322804 0.00421408 0.00390483 -0.00624317 -0.00555491 -0.0108489 0.000806864 -0.0053327 -0.0138166 -0.00939489 -0.0123512 -0.0145061 -0.00308037 -0.00513583 -0.00789494 -0.00135718 -0.00434042 0.00239989 -0.0129624 -0.0120721
internal_weight=0 41697.1 17138.8 37829.6 14575.4 13639.6 3867.51 14909.3 23254.2 2229.49 1650.64 474.435 20119.8 1176.2 429.913 578.856 3134.36 935.8 14479.4 1043.19 4643.14 9836.29 2824.32 1283.56 377.368 1540.75 363.611 78.6516 500.205 679.579
internal_count=58770 37621 21149 34838 16790 16421 2783 19720 18048 1429 1065 204 15756 861 298 364 2292 369 19422 313 4397 15025 2470 1075 283 1395 119 82 282 194
is_linear=0
shrinkage=0.03


Tree=9
num_leaves=29
num_cat=0
split_feature=7 18 40 15 1 11 9 1 32 15 25 13 10 10 22 30 30 26 34 10 11 32 35 13 11 26 22 25
split_gain=2816.01 159.852 130.355 74.6121 46.1861 45.7527 41.2418 39.1828 33.9522 22.8379 14.5591 24.7707 15.6248 23.6001 13.8871 10.8369 31.4833 12.7678 10.0761 7.83102 7.80153 6.81455 5.59503 4.45566 4.18495 3.91288 3.00471 1.79383
threshold=1.0000000180025095e-35 0.22959733009338382 1.0000000180025095e-35 -3.498293280601501 -4.6497018337249747 -0.18771857768297193 0.14687805622816089 28.697666168212894 47.187690734863288 -0.47722999751567835 -2.1264074945293029e-08 0.49640780687332159 0.02035543974488974 0.018715891987085346 2.9450031518936162 458.07142639160162 114.6428565979004 -0.00026759499451145524 -0.75659453868865956 0.079882148653268828 -0.36424794793128962 47.187690734863288 0.31026843190193182 1.0003283619880678 -0.43537032604217524 8.2422193372622146e-05 0.11845926567912103 -0.00053498431225307275
decision_type=2 2 2 2 2 2 2 2 2 2 2 2 2 2 2 2 2 2 2 2 2 2 2 2 2 2 2 2
left_child=5 2 3 6 -5 15 -2 18 22 -10 12 -12 13 -7 21 16 20 -18 23 -20 -1 -9 -4 -3 25 -17 -13 -14
right_child=1 7 8 4 -6 10 -8 14 9 -11 11 26 27 -15 -16 24 17 -19 19 -21 -22 -23 -24 -25 -26 -27 -28 -29
leaf_value=0 0 -0.62679050009563275 -1.2773301447820964 0.22529677434164744 0.080617490796630192 0 -0.012330447920357621 -0.95676354454468659 0.0055987401993680989 -1.0051182437266437 0.1717897994859986 0 0 1.7185410070243279 -2.1922176434108676 0 0.89873041863830261 0 -0.27835633163426726 0.044748348159052341 0 -0.64539594538592937 -0.27351862914800756 -0.38526543033885108 0 0.16854936124887243 0 0
leaf_weight=165.91785472631454 1509.8524305820465 251.82769811153412 651.09441041946411 6433.309053838253 30587.890871047974 2343.1755771636963 250.0283579826355 331.86923086643219 515.26040434837341 282.28839045763016 26.178579330444336 45.844281673431396 1544.5495683550835 33.700960576534271 337.11436176300049 24.094529688358307 157.46961611509323 196.06424355506897 1105.6747834086418 829.56913954019547 386.32549500465393 274.75465756654739 48.767776846885681 109.68654304742813 238.29654830694199 15.196390986442564 10059.313276588917 80.823137879371643
leaf_count=144 1051 178 202 4673 30215 3331 29 187 170 128 2 73 399 7 50 30 38 143 952 639 290 153 23 87 111 15 15424 26
internal_value=0 0.00154995 0.00206594 0.00240161 0.00268875 -0.0134063 -0.00362934 -0.00485839 -0.00661537 -0.0023575 -0.0138822 -0.0144976 -0.0123192 -0.0107396 -0.0100092 -0.00770599 -0.00607936 0.000871944 -0.00273368 -0.00186339 -0.0105533 -0.00723798 -0.011441 -0.00734205 -0.0129393 -0.00330892 -0.014574 -0.0146158
internal_weight=0 43519 40278.5 38781.1 37021.2 15317 1759.88 3240.5 1497.41 797.549 14133.6 10131.3 4002.25 2376.88 943.738 1183.36 905.777 353.534 2296.76 1935.24 552.243 606.624 699.862 361.514 277.587 39.2909 10105.2 1625.37
internal_count=58770 38737 36491 35968 34888 20033 1080 2246 523 298 19262 15499 3763 3338 390 771 615 181 1856 1591 434 340 225 265 156 45 15497 425
is_linear=0
shrinkage=0.03


Tree=10
num_leaves=29
num_cat=0
split_feature=7 5 40 22 33 1 24 31 10 10 12 22 13 14 22 1 26 4 26 28 25 31 3 9 28 25 31 5
split_gain=2846.94 264.45 122.045 54.5568 47.5666 41.7014 40.4016 31.0623 25.3939 60.6736 29.3212 23.0495 22.367 13.8093 12.8063 12.7839 11.2838 10.0438 8.15009 5.65764 3.376 2.95833 2.21195 2.91092 3.91357 2.08812 2.86548 1.44864
threshold=1.0000000180025095e-35 50.020000457763679 1.0000000180025095e-35 1.7242037653923037 53.475538253784187 -4.166113853454589 -4.8296165289229969e-08 163.78333282470706 0.02035543974488974 0.017217862419784073 5.0156593322753915 1.7242037653923037 1.201397776603699 -69.916957855224595 1.3542608618736269 28.697666168212894 -0.0053448223043233148 -9.4332900047302228 -0.0014650463708676396 283.50000000000006 0.025676411576569084 183.05000305175784 -1.0000000180025095e-35 0.036121573299169547 129.50000000000003 -2.1264074945293029e-08 690.81665039062511 -3.241906881332397
decision_type=2 2 2 2 2 2 2 2 2 2 2 2 2 2 2 2 2 2 2 2 2 2 2 2 2 2 2 2
left_child=6 2 5 15 17 7 8 -2 9 14 27 -6 -7 16 -1 18 -5 -4 -3 -17 -15 -12 23 24 -8 26 -24 -10
right_child=1 3 4 13 11 12 22 -9 10 -11 21 -13 -14 20 -16 19 -18 -19 -20 -21 -22 -23 25 -25 -26 -27 -28 -29
leaf_value=0 0.26712370674090902 -0.44421087361620271 -0.25521337443782094 -0.99862827050292147 -0.49776423269137954 0.064417342591763682 0 0.044477758022122789 0 1.0966497151293699 0.59999999999999998 0.42619711280924943 0.12006401053773198 -1.6490306062940749 0 -1.0115848789061612 -0.11872964574818724 -1.4890036185741162 -0.14849357634065685 -0.10564702680052079 -1.0971845910940554 0 0 0 0.0018503717565182586 0 0 0
leaf_weight=2805.2931770682335 5435.0064604878426 573.79028010368347 140.10899662971497 75.456478118896484 522.80352491140366 25039.996972799301 20.894157111644745 1607.2428300976753 164.70589649677277 109.50920629501343 44.160455405712128 235.24795293807983 5703.3113492131233 730.44208931922913 154.95685666799545 335.81560957431793 206.92739188671112 576.88093459606171 1911.7173550128937 54.93135142326355 268.16786509752274 57.003693580627441 97.710236430168152 47.919369220733643 23.197249889373779 9825.1422227621078 33.030662417411804 1961.0484291315079
leaf_count=3768 3583 453 84 26 167 24348 19 1605 50 23 19 94 5604 166 41 185 73 164 1803 37 92 25 168 6 18 15358 50 466
internal_value=0 0.00159361 0.00235577 -0.00559995 -0.00610548 0.00268655 -0.0134391 0.00477071 -0.0113033 -0.00951472 -0.0137593 -0.000843253 0.00220858 -0.0107538 -0.0103291 -0.00329789 -0.00479763 -0.0116437 -0.00249522 -0.00835559 -0.0124198 0.00188122 -0.0145629 -0.00935152 -0.00328148 -0.0146091 -0.0103374 -0.0145109
internal_weight=0 43417.8 39260.6 4157.25 1475.04 37785.6 15344.6 7042.25 5296.68 3069.76 2226.92 758.051 30743.3 1280.99 2960.25 2876.25 282.384 716.99 2485.51 390.747 998.61 101.164 10047.9 92.0108 44.0914 9955.88 130.741 2125.75
internal_count=58495 38484 35649 2835 509 35140 20011 5188 4392 3832 560 261 29952 357 3809 2478 99 248 2256 222 258 44 15619 43 37 15576 218 516
is_linear=0
shrinkage=0.03


Tree=11
num_leaves=26
num_cat=0
split_feature=7 5 40 15 22 32 15 25 25 10 22 12 30 13 14 2 26 26 10 12 8 29 4 8 22
split_gain=2803.46 246.66 106.999 78.514 60.9025 54.8185 49.6095 38.7497 33.7221 23.4492 23.41 15.7902 14.8976 12.3561 11.7879 11.6937 11.5042 10.0071 8.97789 8.2972 20.1877 8.2531 7.11765 5.51135 1.04715
threshold=1.0000000180025095e-35 43.89366531372071 1.0000000180025095e-35 -3.498293280601501 1.7242037653923037 45.062343597412116 -0.99357706308364857 -0.00016248381871264425 -2.1264074945293029e-08 0.051187727600336082 1.7242037653923037 3.8086534738540654 505.57142639160162 0.49640780687332159 -69.916957855224595 42.910984039306648 -0.0053448223043233148 -0.0040784755256026975 0.02035543974488974 0.71422952413558971 0.041582303121685989 246.50000000000003 -9.4332900047302228 0.62850299477577221 0.11845926567912103
decision_type=2 2 2 2 2 2 2 2 2 2 2 2 2 2 2 2 2 2 2 2 2 2 2 2 2
left_child=8 2 3 7 12 22 -5 -2 9 11 -7 18 15 -10 16 -3 -6 -14 -1 20 -15 -13 -4 -16 -21
right_child=1 4 5 6 14 10 -8 -9 13 -11 -12 21 17 19 23 -17 -18 -19 -20 24 -22 -23 -24 -25 -26
leaf_value=0 0.26133948272456153 -0.23792944190281418 -0.38728926451150936 0.16027822512936554 -0.96136745114733002 -0.49421282320068322 0.04603537949135126 -0.0019325202777529104 0.16663610550141864 0 0.38036437959655889 0.39999999046325679 -1.1830511536491937 0 -1.4400296415541443 -0.91423541772981998 -0.11516775637574161 0.2625918069590592 0 0 0 0 -1.4448309403005264 -1.1136238679615724 0
leaf_weight=2947.3130851387978 586.11440896987915 2428.4027464985847 121.61730241775513 21821.60271769762 77.376399755477905 562.41495883464813 13526.535455465317 1232.6614651679993 14.51302510499954 1306.4832325577736 251.17908680438995 93.905993640422821 61.674966633319855 158.12817579507828 945.50758928060532 408.66563576459885 206.92739188671112 535.9515785574913 546.64406836032867 15.376342952251433 303.32511186599731 35.094337940216064 539.83006101846695 111.38567745685577 9923.7882391214371
leaf_count=3792 301 2162 66 17174 27 196 16271 795 3 321 107 67 62 154 248 245 73 597 175 25 37 33 140 20 15404
internal_value=0 0.00146387 0.00225909 0.00257388 -0.0049667 -0.0056607 0.00288689 -0.00350039 -0.0134536 -0.0113915 -0.000425555 -0.0101328 -0.00284294 -0.0144275 -0.0103912 -0.00375112 -0.00486641 0.00144282 -0.0105134 -0.014467 -0.0103953 5.9327e-05 -0.0120722 -0.0118602 -0.014654
internal_weight=0 43417.8 38642 37166.9 4775.89 1475.04 35348.1 1818.78 15344.6 4929.44 813.594 3622.96 3434.69 10415.1 1341.2 2837.07 284.304 597.627 3493.96 10400.6 461.453 129 661.447 1056.89 9939.16
internal_count=58495 38484 35050 34541 3434 509 33445 1096 20011 4388 303 4067 3066 15623 368 2407 100 659 3967 15620 191 100 206 268 15429
is_linear=0
shrinkage=0.03


Tree=12
num_leaves=28
num_cat=0
split_feature=7 5 40 0 32 22 24 0 24 10 10 22 30 10 8 22 37 2 4 8 8 3 8 28 5 24 31
split_gain=2782.52 237.582 102.825 67.6511 54.2964 53.1381 39.3533 38.8945 35.1554 26.6214 60.6736 23.41 15.6248 16.2825 15.0505 12.8063 9.73798 7.84784 7.68204 4.86914 15.2551 2.21195 2.91092 3.91357 1.03878 1.01648 0.872733
threshold=1.0000000180025095e-35 50.020000457763679 1.0000000180025095e-35 0.03024999983608723 45.062343597412116 1.7242037653923037 -4.8296165289229969e-08 0.33249999582767492 -0.00051441648975014676 0.02035543974488974 0.017217862419784073 1.7242037653923037 87.928569793701186 0.25102302432060247 0.097070295363664641 1.3542608618736269 -9.327939033508299 -12.278743743896483 -9.4332900047302228 1.0000000180025095e-35 0.0097986599430441874 -1.0000000180025095e-35 0.041582303121685989 129.50000000000003 -23.702405929565426 -5.450345036406289e-13 21.583333969116214
decision_type=2 2 2 2 2 2 2 2 2 2 2 2 2 2 2 2 2 2 2 2 2 2 2 2 2 2 2
left_child=6 2 3 8 18 12 9 -5 -2 10 15 -6 14 -14 -3 -1 -7 -18 -4 24 -21 22 23 -8 -11 26 -23
right_child=1 5 4 7 11 16 21 -9 -10 19 -12 -13 13 -15 -16 -17 17 -19 -20 20 -22 25 -24 -25 -26 -27 -28
leaf_value=0 0.18047767582172283 -0.75098966536654133 -0.37567058657616403 0.15794709571949758 -0.47938643850466273 -0.84755237732076594 0 0.047593352095932392 -0.0018745446694203231 0 1.0637502236754877 0.36895344820866222 -0.02848355564979848 -0.5016967308227418 0.038689585313384317 0 -0.56931710300057681 -1.3828138042727038 -1.4014860120915107 0 0 0 0 0.0017948606038227144 0 0 0
leaf_weight=2805.2931770682335 617.73664724826813 838.98757183551788 121.61730241775513 21127.004027307034 562.41495883464813 56.353125810623169 20.894157111644745 14952.598617494106 1088.2183205485344 136.5730128288269 109.50920629501343 251.17908680438995 1523.9882272481918 237.99569994211197 275.28309708833694 154.95685666799545 252.24054396152496 972.40015465021133 539.83006101846695 109.06527179479599 377.66230094432831 70.332531750202179 47.919369220733643 23.197249889373779 1603.617889046669 9125.8033609986305 759.7472288608551
leaf_count=3768 239 536 66 16553 196 13 19 17514 834 42 23 107 1400 304 238 41 84 260 140 34 50 116 6 18 434 14145 1315
internal_value=0 0.00140803 0.00213046 0.0024341 -0.0056358 -0.0054103 -0.0134536 0.00271037 -0.003399 -0.0113452 -0.00951472 -0.000425555 -0.00313838 -0.00136824 -0.00592216 -0.0103291 -0.0104966 -0.011059 -0.0120167 -0.0138591 -0.0110479 -0.0145629 -0.00935152 -0.00328148 -0.0146334 -0.0146091 -0.0133376
internal_weight=0 43417.8 39260.6 37785.6 1475.04 4157.25 15344.6 36079.6 1705.95 5296.68 3069.76 813.594 2876.25 1761.98 1114.27 2960.25 1280.99 1224.64 661.447 2226.92 486.728 10047.9 92.0108 44.0914 1740.19 9955.88 830.08
internal_count=58495 38484 35649 35140 509 2835 20011 34067 1073 4392 3832 303 2478 1704 774 3809 357 344 206 560 84 15619 43 37 476 15576 1431
is_linear=0
shrinkage=0.03


Tree=13
num_leaves=26
num_cat=0
split_feature=7 5 40 15 6 22 33 25 25 10 22 12 28 10 8 6 15 29 3 10 12 8 29 0 22
split_gain=2764.07 230.133 104.29 73.407 75.058 51.6932 45.2732 38.7497 33.7221 23.4492 17.7669 15.7902 13.4455 16.3969 14.408 12.8484 11.1935 14.6704 10.4558 8.97789 8.29731 20.1877 8.2531 7.59919 1.04716
threshold=1.0000000180025095e-35 50.020000457763679 1.0000000180025095e-35 -3.498293280601501 33.086282730102546 1.7242037653923037 53.475538253784187 -0.00016248381871264425 -2.1264074945293029e-08 0.051187727600336082 1.7242037653923037 3.8086534738540654 66.500000000000014 0.25102302432060247 0.097070295363664641 -6.473655939102172 -2.2803375720977779 302.50000000000006 -1.0000000180025095e-35 0.02035543974488974 0.71422952413558971 0.041582303121685989 246.50000000000003 0.45925000309944158 0.11845926567912103
decision_type=2 2 2 2 2 2 2 2 2 2 2 2 2 2 2 2 2 2 2 2 2 2 2 2 2
left_child=8 2 3 7 -5 12 18 -2 9 11 -8 19 14 -14 -3 -10 17 -7 -4 -1 21 -17 -13 -18 -22
right_child=1 5 6 4 -6 16 10 -9 15 -11 -12 22 13 -15 -16 20 23 -19 -20 -21 24 -23 -24 -25 -26
leaf_value=0 0.24876088537123978 -0.71244716414084175 -0.49209128151510273 0.11325544624923102 -0.06021526248781614 -1.0245725673647506 -0.45362332785947773 -0.0018183083293377134 0.16163702233637611 0 0.3909316645908153 0.38799999074935909 -0.044575369628469329 -0.48914041029107241 0.049339914405136347 0 -1.5515839312528175 0.16661854811397464 -1.3845703897965456 0 0 0 0 -0.82612887594652673 0
leaf_weight=2947.3130851387978 586.11440896987915 798.16012471914291 211.88118505477905 31420.309036433697 4546.4727020263672 176.45829463005066 522.80352491140366 1232.6614651679993 13.943530917167662 1306.4832325577736 235.24795293807983 93.905993640422821 1544.7266177535057 266.58794438838959 266.77990925312042 158.12817579507828 777.49930399656296 79.118941068649292 505.10874617099762 546.64406836032867 15.376342952251433 303.32511186599731 35.094337940216064 247.91728472709656 9924.357733309269
leaf_count=3792 301 500 125 29303 4741 53 167 795 2 321 94 67 1427 331 220 154 185 17 123 175 25 37 33 102 15405
internal_value=0 0.00135868 0.0020697 0.0023755 0.00267309 -0.00535191 -0.00575181 -0.00350039 -0.0134536 -0.0113915 -0.000618024 -0.0101328 -0.00311098 -0.00152623 -0.00579036 -0.0144275 -0.0103687 -0.00464143 -0.0111545 -0.0105134 -0.014467 -0.0103953 5.9327e-05 -0.0117785 -0.014654
internal_weight=0 43417.8 39260.6 37785.6 35966.8 4157.25 1475.04 1818.78 15344.6 4929.44 758.051 3622.96 2876.25 1811.31 1064.94 10415.1 1280.99 255.577 716.99 3493.96 10401.2 461.453 129 1025.42 9939.73
internal_count=58495 38484 35649 35140 34044 2835 509 1096 20011 4388 261 4067 2478 1758 720 15623 357 70 248 3967 15621 191 100 287 15430
is_linear=0
shrinkage=0.03


Tree=14
num_leaves=28
num_cat=0
split_feature=7 6 40 6 32 1 24 4 31 13 26 3 22 24 24 21 8 25 4 25 3 8 28 25 31 30 30
split_gain=2745.41 198.723 99.9221 57.8713 51.0388 48.7242 39.3533 29.1235 26.2115 25.237 21.1181 19.4847 18.453 17.5836 15.0875 13.9468 11.9585 14.7711 10.2745 9.15523 2.21195 2.91092 3.91357 2.08812 2.86548 0.12309 0.577394
threshold=1.0000000180025095e-35 40.632793426513679 1.0000000180025095e-35 210.60344696044925 45.062343597412116 -1.0628615021705625 -4.8296165289229969e-08 37.515281677246101 215.216667175293 0.98042279481887828 -0.0030974226538091894 -1.8914358615875242 2.9450031518936162 -0.0039091131184250108 0.0024622984929010276 0.60658767819404613 1.0000000180025095e-35 -0.001116799423471093 -1.0000000180025095e-35 -0.0015133465058170257 -1.0000000180025095e-35 0.041582303121685989 129.50000000000003 -2.1264074945293029e-08 690.81665039062511 145.21428680419925 103.35714340209962
decision_type=2 2 2 2 2 2 2 2 2 2 2 2 2 2 2 2 2 2 2 2 2 2 2 2 2 2 2
left_child=6 2 5 9 18 8 13 -7 -2 10 -3 -6 15 25 -11 -5 19 -18 -4 -15 21 22 -8 24 -22 26 -1
right_child=1 3 4 12 11 7 20 -9 -10 14 -12 -13 -14 16 -16 -17 17 -19 -20 -21 23 -23 -24 -25 -26 -27 -28
leaf_value=0 0.17504585305857265 -0.28884085824491634 -0.18313106597815976 -1.0891846105231879 0.35441236748550564 0.063118777641503684 0 -0.42759484262586978 0.055520008427636207 -0.73296555888183879 0.018915921220970005 -0.44363072509640888 -1.8838466782056693 0 -0.30920999881430916 -0.40858904687496511 0.2562485515238172 0 -1.3265046734779153 0 0 0 0.0017410147857080326 0 0 0 0
leaf_weight=258.53363251686096 10509.871247768402 934.11341047286987 128.68916541337967 263.94986879825592 324.3378934264183 21121.505276143551 20.894157111644745 620.21186524629593 3092.4318289756775 200.40430855751038 3125.3490951061249 489.25615221261978 429.89972579479218 599.03692096471786 1175.8501081466675 469.21929812431335 105.00440222024918 624.07495874166489 532.75819802284241 2730.9629049897194 97.710236430168152 47.919369220733643 23.197249889373779 9825.1422227621078 33.030662417411804 890.07177627086639 88.993118941783905
leaf_count=46 8149 938 69 180 162 20352 19 442 3429 94 3107 141 81 234 919 284 49 428 137 3447 168 6 18 15358 50 163 25
internal_value=0 0.00130861 0.00216809 -0.00348454 -0.0054777 0.00248767 -0.0134536 0.0016054 0.00389667 -0.00218095 -0.000985965 -0.000425555 -0.00956057 -0.0113452 -0.0056932 -0.00662176 -0.0103747 -0.00683259 -0.0116643 -0.0111446 -0.0145629 -0.00935152 -0.00328148 -0.0146091 -0.0103374 -0.0145107 -0.0133331
internal_weight=0 43417.8 36819.1 6598.79 1475.04 35344 15344.6 21741.7 13602.3 5435.72 4059.46 813.594 1163.07 5296.68 1376.25 733.169 4059.08 729.079 661.447 3330 10047.9 92.0108 44.0914 9955.88 130.741 1237.6 347.527
internal_count=58495 38484 32881 5603 509 32372 20011 20794 11578 5058 4045 303 545 4392 1013 464 4158 477 206 3681 15619 43 37 15576 218 234 71
is_linear=0
shrinkage=0.03


Tree=15
num_leaves=28
num_cat=0
split_feature=7 5 0 23 11 22 0 7 9 32 12 30 32 24 25 24 12 13 11 36 28 5 28 25 32 30 32
split_gain=2629.62 218.302 60.5541 55.188 53.7565 45.9242 39.5043 34.6106 32.0171 21.3404 16.3954 35.3498 25.3963 15.8559 13.6754 12.7877 13.8349 12.1163 9.45288 8.2367 6.90568 6.13354 2.39131 2.05003 1.73793 1.71135 0.537072
threshold=1.0000000180025095e-35 58.134807586669929 0.03024999983608723 1.0000000180025095e-35 -0.18771857768297193 2.9450031518936162 0.35424999892711645 0.092954896390438094 0.032501902431249625 49.320428848266609 0.71422952413558971 418.07142639160162 41.36841011047364 -8.2161766279398297e-10 0.004940940998494626 -0.0014444918488152323 0.70710840821266185 0.77068349719047557 -0.36424794793128962 -0.94168496131896962 17.500000000000004 91.531940460205092 165.50000000000003 0.0069120244588702926 109.73685455322267 53.357141494750984 250.41971588134768
decision_type=2 2 2 2 2 2 2 2 2 2 2 2 2 2 2 2 2 2 2 2 2 2 2 2 2 2 2
left_child=4 2 7 22 10 9 -5 8 -2 21 11 12 -1 15 -11 23 -17 26 20 -20 -12 -3 -4 -6 -9 -7 -15
right_child=1 5 3 6 13 25 -8 24 -10 14 18 -13 -14 17 -16 16 -18 -19 19 -21 -22 -23 -24 -25 -26 -27 -28
leaf_value=0 -0.0036573224087026921 -0.42946182315401515 -1.3494154741094921 0.13114347362923001 0 -2.0347063809863859 0.028698605219476613 -0.0036573224087026921 1.5133617553132088 -0.76789477619415036 0.55718612816912383 0 0.83077636414349854 0 -0.11440923448606691 0 0 0.26114665439068374 0.1999999952316284 0 0 -1.0713516664997536 -0.73207492847763744 0 -0.0032874089710919637 -1.7282744517039723 0
leaf_weight=75.558419764041901 1193.8978999257088 509.5819063782692 148.06849193572998 22872.791299164295 1457.5527635216713 152.9423348903656 15068.375534176826 157.0714807510376 257.21043026447296 367.21030479669571 44.803092181682587 134.87936073541641 197.95090651512146 8585.6023408174515 1541.332305252552 296.6845331788063 2683.1392846107483 13.089289665222166 23.667874455451965 453.56335580348969 285.83754599094391 485.94932043552399 88.271600723266602 65.446450233459473 165.79767513275146 437.05857229232788 960.2142596244812
leaf_count=48 1052 429 26 17816 309 25 17340 17 35 224 34 22 56 13551 1242 266 3666 1 19 319 289 273 15 7 19 91 1421
internal_value=0 0.00116615 0.00179536 0.00204738 -0.0133034 -0.00602314 0.00213781 -0.00361912 -0.00162879 -0.00446373 -0.00722216 -0.00227135 0.00388476 -0.0138281 -0.0025936 -0.0123328 -0.0111633 -0.0145302 -0.00970335 -0.012432 -0.00570688 -0.00803081 -0.0123802 -0.0146068 -0.0125017 -0.0136631 -0.0145707
internal_weight=0 43445.6 39951.5 38177.5 15278 3494.07 37941.2 1773.98 1451.11 2904.07 1216.26 408.389 273.509 14061.7 1908.54 4502.82 2979.82 9558.91 807.872 477.231 330.641 995.531 236.34 1523 322.869 590.001 9545.82
internal_count=58612 38604 36320 35197 20008 2284 35156 1123 1087 2168 787 126 104 19221 1466 4248 3932 14973 661 338 323 702 41 316 36 116 14972
is_linear=0
shrinkage=0.03


Tree=16
num_leaves=28
num_cat=0
split_feature=7 5 40 15 11 22 7 17 4 31 29 24 31 28 12 22 24 12 33 8 5 5 29 26 34 25 33
split_gain=2614.15 209.619 99.0419 65.4742 50.9067 46.9937 41.614 41.5269 37.1638 20.017 18.0272 15.8559 15.0814 47.7017 13.9936 13.3093 12.7877 13.8349 12.3276 8.43097 6.39549 6.33552 4.79493 3.47008 3.06545 2.05003 0.524104
threshold=1.0000000180025095e-35 58.134807586669929 1.0000000180025095e-35 -3.498293280601501 -0.18771857768297193 2.9450031518936162 0.092954896390438094 -0.042553847655653947 -1.0000000180025095e-35 1325.3499755859377 62.500000000000007 -8.2161766279398297e-10 373.11666870117193 149.50000000000003 0.79033690690994274 1.7242037653923037 -0.0014444918488152323 0.70710840821266185 44.976482391357429 0.085061676800251021 -1.0000000180025095e-35 -1.0000000180025095e-35 95.500000000000014 8.2422193372622146e-05 -0.66610887646675099 0.0069120244588702926 232.13334655761722
decision_type=2 2 2 2 2 2 2 2 2 2 2 2 2 2 2 2 2 2 2 2 2 2 2 2 2 2 2
left_child=4 2 3 6 12 10 -2 -5 15 -10 19 16 13 22 -15 -4 25 -18 -12 -3 23 -13 -1 -14 -7 -6 -23
right_child=1 5 8 7 11 24 -8 -9 9 -11 18 21 20 14 -16 -17 17 -19 -20 -21 -22 26 -24 -25 -26 -27 -28
leaf_value=0 -0.0035476027364416116 -0.84166013481628987 -0.15830089709327333 0.18154654894875985 0 -1.4445769814675509 -0.0035476027364416116 0.063677733971377951 -1.0252050128049774 0.0957231330667003 -0.61700393213823446 0.25331225475896324 -0.0052715004008668624 1.1376659514880396 0 0.8992483311236098 0 0 -0.15567742566301127 -0.25420175963540748 0 0 0 0.17420056630348094 -1.7292806114377013 0 0
leaf_weight=530.396055996418 1420.4945378899574 763.97033381462097 308.53593480587006 6858.5008011460304 1457.5527635216713 109.82212340831757 357.77392959594727 29881.640966117382 894.9078511595726 99.192617833614349 217.2599493265152 25.467697858810425 15.732675909996031 130.03883737325668 52.509976387023926 130.43777352571487 296.6845331788063 2683.1392846107483 1663.630936384201 259.2126173377037 307.93228924274445 8415.1773899197578 155.53805220127106 24.112668335437775 480.17878377437592 65.446450233459473 1118.2608023285866
leaf_count=412 1055 433 148 5131 309 24 40 29567 267 33 214 3 25 30 46 79 266 3666 1338 183 177 13333 72 25 92 7 1637
internal_value=0 0.00110953 0.0017261 0.00201454 -0.0133174 -0.00593533 -0.00360353 0.00228691 -0.00601394 -0.00922474 -0.00435808 -0.0138281 -0.00739781 -0.00524914 0.00832116 0.00122533 -0.0123328 -0.0111633 -0.00260144 -0.00756975 -0.0127052 -0.0145302 -0.00888591 -0.000971039 -0.0136631 -0.0146068 -0.0145701
internal_weight=0 43445.6 39951.5 38518.4 15278 3494.07 1778.27 36740.1 1433.07 994.1 2904.07 14061.7 1216.26 868.483 182.549 438.974 4502.82 2979.82 1880.89 1023.18 347.778 9558.91 685.934 39.8453 590.001 1523 9533.44
internal_count=58612 38604 36320 35793 20008 2284 1095 34698 527 300 2168 19221 787 560 76 227 4248 3932 1552 616 227 14973 484 50 116 316 14970
is_linear=0
shrinkage=0.03


Tree=17
num_leaves=28
num_cat=0
split_feature=39 0 5 40 6 22 6 4 9 9 25 10 10 32 29 12 33 9 22 0 30 18 34 12 5 6 33
split_gain=2525.35 178.021 186.77 83.4908 64.2817 39.6041 39.3776 39.0343 37.0138 31.6464 26.7456 25.8296 71.1397 21.6601 10.1345 9.4506 8.51853 7.37936 6.01518 4.96295 5.67312 4.6703 2.81799 1.1043 2.57687 0.477914 0.183438
threshold=1.0000000180025095e-35 0.03024999983608723 58.134807586669929 1.0000000180025095e-35 28.947674751281742 2.9450031518936162 -1.0000000180025095e-35 -1.0000000180025095e-35 0.054518984630703933 0.032501902431249625 -2.1264074945293029e-08 0.02035543974488974 0.018715891987085346 45.062343597412116 66.500000000000014 3.8086534738540654 58.731895446777351 0.011410463601350786 0.095123045146465315 0.03024999983608723 624.92855834960949 -0.12303693965077399 -0.66610887646675099 1.4937903881073 -10.123531818389891 4.5895595550537118 232.13334655761722
decision_type=2 2 2 2 2 2 2 2 2 2 2 2 2 2 2 2 2 2 2 2 2 2 2 2 2 2 2
left_child=1 6 3 4 -3 13 15 -5 9 -8 11 12 17 -4 -10 16 -1 -2 25 26 -21 -17 -7 -13 -25 -12 -20
right_child=10 2 5 7 -6 22 8 -9 14 -11 18 23 -14 -15 -16 21 -18 -19 19 20 -22 -23 -24 24 -26 -27 -28
leaf_value=0.15938877164939222 0 0.098823626081446417 -0.66468477830130968 0.067757027579832985 -0.030473516736208749 -1.4012396720235254 0 -1.0046734980880232 -0.0054429291758258122 0.98263296310344861 0.17801054873530919 0 1.3986369229367164 -0.1899790051928428 0 -2.4127985877825715 -0.0059999998569488519 0 0 -1.572000646939899 -0.0077698397644214972 -0.025687456545714516 -1.4693859335419994 -0.0067451255384961663 0 -0.20303783974583092 0
leaf_weight=305.65064358711243 2505.9049497246742 30619.220257639885 960.69780564308167 432.94220227003098 6148.0590193271637 109.82212340831757 1445.3605011701584 778.8316622376442 114.05922520160675 250.421013712883 12.244124770164492 1499.9526368379593 105.56361651420593 1887.8984510302544 692.1648542881012 22.208681464195251 125.10183751583099 56.810246884822845 8641.0515747070312 162.36798667907715 45.04523104429245 74.009601235389709 374.09399378299713 44.832553744316101 97.763628482818604 15.376342892646788 1196.0938674211502
leaf_count=160 3456 28279 671 225 6364 24 1269 261 14 33 17 406 19 1472 81 10 91 18 13718 47 21 54 79 17 33 24 1749
internal_value=0 0.000867136 0.00138217 0.00198 0.00223568 -0.00542577 -0.00615147 -0.005763 -0.00772187 -0.00518863 -0.0135989 -0.0115996 -0.00975672 -0.00406878 -0.0130251 0.00127645 0.00320021 -0.0107549 -0.0144525 -0.0144909 -0.00963272 -0.00715281 -0.0133704 -0.0145803 -0.0114351 0 -0.0145913
internal_weight=0 44340.5 41311.6 37979.1 36767.3 3332.51 3028.98 1211.77 2502.01 1695.78 14383 4310.83 2668.28 2848.6 806.224 526.971 430.752 2562.72 10072.2 10044.6 207.413 96.2183 483.916 1642.55 142.596 27.6205 9837.15
internal_count=58612 39087 37375 35129 34643 2246 1712 486 1397 1302 19525 3949 3493 2143 95 315 251 3474 15576 15535 68 64 103 456 50 41 15467
is_linear=0
shrinkage=0.03


Tree=18
num_leaves=28
num_cat=0
split_feature=7 5 40 0 11 6 22 4 7 30 29 24 31 30 12 33 6 33 24 12 5 12 8 34 25 10 33
split_gain=2544.64 195.658 94.1233 66.9719 59.6675 59.5499 48.3812 34.3486 32.536 21.6316 17.3874 17.0491 16.4027 42.2893 13.6164 12.4478 12.1163 11.9229 11.7237 13.6968 10.384 9.21827 8.83749 3.06545 1.90587 1.83478 0.525295
threshold=1.0000000180025095e-35 58.134807586669929 1.0000000180025095e-35 0.03024999983608723 -0.18771857768297193 28.947674751281742 2.9450031518936162 -1.0000000180025095e-35 0.092954896390438094 1416.7857055664065 62.500000000000007 -8.2161766279398297e-10 407.91665649414068 125.46428680419923 0.82320216298103344 35.814958572387702 -1.0000000180025095e-35 44.976482391357429 -0.0014444918488152323 0.70710840821266185 -1.0000000180025095e-35 1.1434984207153323 0.085061676800251021 -0.66610887646675099 0.0069120244588702926 0.0059772490058094272 232.13334655761722
decision_type=2 2 2 2 2 2 2 2 2 2 2 2 2 2 2 2 2 2 2 2 2 2 2 2 2 2 2
left_child=4 2 3 8 12 -5 10 15 -2 -9 22 18 13 21 -15 -4 -13 -12 24 -20 25 -1 -3 -8 -6 -14 -18
right_child=1 6 7 5 11 -7 23 9 -10 -11 17 16 20 14 -16 -17 26 -19 19 -21 -22 -23 -24 -25 -26 -27 -28
leaf_value=0 -0.0034411746543483632 -0.79927911375564953 -0.42625963963765418 0.095801842260627268 0 -0.029556080335886224 -1.3592024818628194 -0.98738338051389463 -0.0036205826911968352 0.049295029775485007 -0.57855327082504815 0.24093122396671257 0.15075940687229578 0.81555455089321305 0 0.3128020864666981 0 -0.14530773273733563 0 0 0 0 -0.22663516349730592 -1.6333206150883104 0 -0.012711796150126301 0
leaf_weight=482.73958057165146 1400.6562768220901 763.97033381462097 110.4976053237915 30635.720646202564 1457.5527635216713 6159.1641558408737 109.82212340831757 900.60279315710068 322.86915588378906 93.497675836086273 217.2599493265152 13.089289665222166 26.198910653591156 179.00094711780548 65.514102816581726 328.47610300779343 8427.5557981133461 1663.630936384201 296.6845331788063 2683.1392846107483 305.08481830358505 145.78424495458603 259.2126173377037 480.17878377437592 65.446450233459473 11.937951028347014 1118.2608023285866
leaf_count=360 1075 433 58 28301 309 6381 24 268 36 32 214 1 30 50 56 169 13335 1338 266 3666 172 102 183 92 7 17 1637
internal_value=0 0.00098338 0.00157908 0.00186027 -0.0132504 0.00213129 -0.00582287 -0.00596639 -0.00391577 -0.00905296 -0.00422277 -0.013803 -0.00684695 -0.00463048 0.00591041 0.000991695 -0.0145302 -0.00249748 -0.0122545 -0.0111327 -0.0124263 -0.00875649 -0.0073769 -0.0136631 -0.014435 0.00196818 -0.0145707
internal_weight=0 43445.6 39951.5 38518.4 15278 36794.9 3494.07 1433.07 1723.53 994.1 2904.07 14061.7 1216.26 873.039 244.515 438.974 9558.91 1880.89 4502.82 2979.82 343.222 628.524 1023.18 590.001 1523 38.1369 9545.82
internal_count=58612 38604 36320 35793 20008 34682 2284 527 1111 300 2168 19221 787 568 106 227 14973 1552 4248 3932 219 462 616 116 316 47 14972
is_linear=0
shrinkage=0.03


end of trees

feature_importances:
return_30d=36
bb_width=36
macd_line=30
macd_signal=27
vol_regime_60_30=26
price_std_60d=25
price_lag_1d=23
price_std_7d=21
volume_mean_30d=21
volume_std_30d=19
volume_std_60d=19
return_60d=18
price_std_14d=18
volume_mean_7d=17
price_zscore_30d=16
price_std_20d=15
volume_lag_1d=15
macd_missing=14
trend_divergence_30_60=13
price_log=12
macd_histogram=12
volume_lag_7d=10
return_3d=9
return_7d=9
return_14d=9
price_accel_7d=9
return_1d=8
volume_zscore_30d=6
log_return_7d=4
bb_pct_b=4
volume_log_change_1d=4
rsi_missing=4
rsi_14=3
volume_log_change_7d=3
log_return_1d=2
volume_price_conf_7d=1

parameters:
[boosting: gbdt]
[objective: quantile]
[metric: quantile]
[tree_learner: serial]
[device_type: cpu]
[data_sample_strategy: bagging]
[data: ]
[valid: ]
[num_iterations: 1000]
[learning_rate: 0.03]
[num_leaves: 31]
[num_threads: -1]
[seed: 73]
[deterministic: 0]
[force_col_wise: 0]
[force_row_wise: 0]
[histogram_pool_size: -1]
[max_depth: 5]
[min_data_in_leaf: 15]
[min_sum_hessian_in_leaf: 0.001]
[bagging_fraction: 0.7]
[pos_bagging_fraction: 1]
[neg_bagging_fraction: 1]
[bagging_freq: 5]
[bagging_seed: 5921]
[feature_fraction: 0.7]
[feature_fraction_bynode: 1]
[feature_fraction_seed: 22355]
[extra_trees: 0]
[extra_seed: 3536]
[early_stopping_round: 0]
[early_stopping_min_delta: 0]
[first_metric_only: 0]
[max_delta_step: 0]
[lambda_l1: 0.5]
[lambda_l2: 0.5]
[linear_lambda: 0]
[min_gain_to_split: 0.1]
[drop_rate: 0.1]
[max_drop: 50]
[skip_drop: 0.5]
[xgboost_dart_mode: 0]
[uniform_drop: 0]
[drop_seed: 14602]
[top_rate: 0.2]
[other_rate: 0.1]
[min_data_per_group: 100]
[max_cat_threshold: 32]
[cat_l2: 10]
[cat_smooth: 10]
[max_cat_to_onehot: 4]
[top_k: 20]
[monotone_constraints: ]
[monotone_constraints_method: basic]
[monotone_penalty: 0]
[feature_contri: ]
[forcedsplits_filename: ]
[refit_decay_rate: 0.9]
[cegb_tradeoff: 1]
[cegb_penalty_split: 0]
[cegb_penalty_feature_lazy: ]
[cegb_penalty_feature_coupled: ]
[path_smooth: 0]
[interaction_constraints: ]
[verbosity: -1]
[saved_feature_importance_type: 0]
[use_quantized_grad: 0]
[num_grad_quant_bins: 4]
[quant_train_renew_leaf: 0]
[stochastic_rounding: 1]
[linear_tree: 0]
[max_bin: 63]
[max_bin_by_feature: ]
[min_data_in_bin: 3]
[bin_construct_sample_cnt: 200000]
[data_random_seed: 277]
[is_enable_sparse: 1]
[enable_bundle: 1]
[use_missing: 1]
[zero_as_missing: 0]
[feature_pre_filter: 0]
[pre_partition: 0]
[two_round: 0]
[header: 0]
[label_column: ]
[weight_column: ]
[group_column: ]
[ignore_column: ]
[categorical_feature: ]
[forcedbins_filename: ]
[precise_float_parser: 0]
[parser_config_file: ]
[objective_seed: 8155]
[num_class: 1]
[is_unbalance: 0]
[scale_pos_weight: 1]
[sigmoid: 1]
[boost_from_average: 1]
[reg_sqrt: 0]
[alpha: 0.5]
[fair_c: 1]
[poisson_max_delta_step: 0.7]
[tweedie_variance_power: 1.5]
[lambdarank_truncation_level: 30]
[lambdarank_norm: 1]
[label_gain: ]
[lambdarank_position_bias_regularization: 0]
[eval_at: ]
[multi_error_top_k: 1]
[auc_mu_weights: ]
[num_machines: 1]
[local_listen_port: 12400]
[time_out: 120]
[machine_list_filename: ]
[machines: ]
[gpu_platform_id: -1]
[gpu_device_id: -1]
[gpu_use_dp: 0]
[num_gpu: 1]

end of parameters

pandas_categorical:[]
