tree
version=v4
num_class=1
num_tree_per_iteration=1
label_index=0
max_feature_idx=54
objective=quantile
feature_names=price_lag_1d return_1d return_3d return_7d return_14d return_30d return_60d price_std_7d price_std_14d price_std_20d price_std_30d price_std_60d price_zscore_30d vol_regime_60_30 trend_divergence_30_60 price_accel_7d price_log price_tier log_return_1d log_return_7d autocorr_1d autocorr_7d bb_pct_b bb_width rsi_14 macd_line macd_signal macd_histogram distance_to_support distance_to_resistance volume_missing volume_lag_1d volume_lag_7d volume_mean_30d volume_std_30d volume_std_60d volume_log_change_1d volume_log_change_7d volume_zscore_30d volume_price_conf_7d volume_price_conf_1d rsi_missing macd_missing dow_sin dow_cos events_next_30d_major events_next_30d_operation events_next_30d_case_drop events_next_30d_update events_next_30d_game_update item_type_graffiti item_type_skin item_type_sticker item_type_unknown item_volume_vs_market_30d
feature_infos=[0.029999999329447746:726.3900146484375] [-99.499412536621094:500] [-99.499412536621094:500] [-99.253730773925781:500] [-99.464340209960938:500] [-99.891334533691406:500] [-99.876518249511719:500] [0:168.62384033203125] [0:118.42495727539062] [0:100.11261749267578] [0:93.483543395996094] [0:100.54641723632812] [-4.7309699058532715:5.2946515083312988] [0.7025722861289978:805.0294189453125] [-1113.655517578125:979983291908096] [-599.25372314453125:586.79248046875] [-3.5065579414367676:6.5880870819091797] [0:4] [-5.2971501350402832:5.2971501350402832] [-4.8978400230407715:5.2971501350402832] [-49749.70703125:45880.953125] [-49626.8671875:30638.298828125] [-0.51456832885742188:1.5621322393417358] [0.014894707128405571:16.253145217895508] [0:99.873260498046875] [-54.1455078125:48.291065216064453] [-42.52099609375:42.708404541015625] [-22.157054901123047:27.582307815551758] [1.9274705665090278e-14:19876.666015625] [1.1564822890834398e-14:109337.8359375] none [1:353904] [1:353904] [1:121047.3984375] [0:71124.4609375] [0:66775.7421875] [-6.9768147468566895:6.8997230529785156] [-8.5965585708618164:7.3008103370666504] [-4.8263401985168457:5.2918829917907715] [-98.480239868164062:500] [-99.499412536621094:500] [0:1] [0:1] [-0.97492790222167969:0.97492790222167969] [-0.90096884965896606:1] [0:2] [0:1] [0:1] none [0:2] [0:1] [0:1] [0:1] none [0.0010546381818130612:595.974609375]
tree_sizes=1685 1766 1760 1760 1759 1785 1777 1768 1769 1769 1790 1793 1768 1787 1774 1791 1791 1787 1785 1790 1790 1800 1797 1782 1793 1783 1784 1785 1775 1783 1792 1787 1785 1784 1782 1757 1777 1780 1766

Tree=0
num_leaves=15
num_cat=0
split_feature=7 3 33 16 45 29 10 28 12 45 4 29 26 1
split_gain=406.672 103.072 58.9959 56.2008 29.3407 27.7049 26.2836 55.3891 24.6918 24.1421 21.0806 18.0703 17.4807 13.6545
threshold=1.0000000180025095e-35 -8.3328394889831525 23.483333587646488 -1.0988626480102537 1.0000000180025095e-35 172.87210845947268 0.094324387609958663 11.931574344635012 -0.079875502735376344 1.0000000180025095e-35 -17.611849784851071 58.142801284790046 0.26027788221836096 -18.913240432739254
decision_type=2 2 2 2 2 2 2 2 2 2 2 2 2 2
left_child=-1 2 8 6 12 -6 9 -8 11 -3 13 -2 -5 -4
right_child=1 3 10 4 5 -7 7 -9 -10 -11 -12 -13 -14 -15
leaf_value=16.022507003842307 17.383142702052613 17.059273949959916 18.727975020621948 16.711038093057901 16.393140647226399 17.680923577066682 17.543323341357578 16.952224716430873 16.840188746698846 16.706199307201018 16.939614791146969 18.842746518442453 17.3806315784656 17.30552265860301
leaf_weight=36615.616247951984 812.50719380378723 20110.072136700153 179.8578485250473 17540.564784944057 13342.354785740376 976.62528103590012 909.48266446590424 3946.0131924152374 412.61568433046341 14104.067993104458 8047.491419672966 1133.1558603644371 1561.4809361100197 3088.020820081234
leaf_count=41320 817 19063 157 20424 14637 275 187 639 320 12977 7207 550 1739 2489
internal_value=16.6667 16.6681 16.6712 16.6675 16.6664 16.665 16.6685 16.6712 16.6768 16.6681 16.67 16.6786 16.6674 16.6727
internal_weight=122780 86164.3 13673.6 72490.7 33421 14319 39069.6 4855.5 2358.28 34214.1 11315.4 1945.66 19102 3267.88
internal_count=122801 81481 11540 69941 37075 14912 32866 826 1687 32040 9853 1367 22163 2646
is_linear=0
shrinkage=1


Tree=1
num_leaves=15
num_cat=0
split_feature=7 4 45 33 12 16 1 5 33 46 8 2 42 21
split_gain=380.633 96.0271 60.0473 33.2637 40.9067 29.0498 27.6507 27.3982 27.0885 20.3206 14.6708 13.2499 11.9014 10.5685
threshold=1.0000000180025095e-35 -20.948043823242184 1.0000000180025095e-35 23.483333587646488 -1.0000000180025095e-35 -1.3047147989273069 -3.8703106641769405 12.596365451812746 30.44999980926514 1.0000000180025095e-35 0.75780951976776134 -17.498661994934078 1.0000000180025095e-35 731.06372070312511
decision_type=2 2 2 2 2 2 2 2 2 2 2 2 2 2
left_child=10 7 6 4 -4 -5 12 8 13 -8 -1 -10 -3 -2
right_child=1 2 3 5 -6 -7 9 -9 11 -11 -12 -13 -14 -15
leaf_value=-0.61926257496461701 1.4800653750774979 0.57943422163580571 1.0935328838369216 0.076337445979685753 -0.13035974110326382 -0.2368754646044394 0.24793665238295207 0.13838674965510286 1.3622224293751941 -0.19508211742780482 1.5708782496691012 0.56423674383401778 -0.76045127033813975 3.1646257994351532
leaf_weight=36530.206430256367 926.51882016658783 8405.8822905421257 1828.9763262271881 15457.127829551697 1863.7416125535965 14731.551306128502 34680.330401480198 1262.2804380655289 572.15285938978195 3072.9948359131813 85.409817695617676 2746.0219701528549 491.62225556373596 125.10965555906296
leaf_count=41311 586 7267 1322 12691 1695 15841 35709 638 422 3049 9 2091 127 43
internal_value=-3.5314e-05 0.00136703 0.00102487 -0.000211971 0.00324701 -0.000637186 0.00192438 0.00624713 0.00769788 0.00146496 -0.00333681 0.00594641 0.00386646 0.0131474
internal_weight=122780 86164.3 80532.2 33881.4 3692.72 30188.7 46650.8 5632.08 4369.8 37753.3 36615.6 3318.17 8897.5 1051.63
internal_count=122801 81481 77701 31549 3017 28532 46152 3780 3142 38758 41320 2513 7394 629
is_linear=0
shrinkage=0.0386495


Tree=2
num_leaves=15
num_cat=0
split_feature=8 23 12 33 16 13 1 26 28 2 1 38 38 1
split_gain=360.713 78.1776 51.0112 95.0616 31.5962 25.206 21.4398 19.8804 19.7754 10.5714 8.86845 8.56639 8.43394 8.01889
threshold=1.0000000180025095e-35 0.37372393906116491 -0.1879705414175987 23.483333587646488 -1.170377194881439 0.71599951386451732 25.40445709228516 0.012050507590174677 6.5872209072113046 -5.4338092803955069 -7.5455145835876456 0.55102583765983593 0.55102583765983593 -13.330539226531981
decision_type=2 2 2 2 2 2 2 2 2 2 2 2 2 2
left_child=-1 4 3 5 10 -3 8 -5 -4 13 -2 -12 -11 -6
right_child=1 2 6 7 9 -7 -8 -9 -10 12 11 -13 -14 -15
leaf_value=-0.59532835938525452 0.54883386266931999 1.6840474809733252 -2.001740233871673 0.33999642185513645 0.77229853567757045 1.5222413783123734 -0.73825082241156359 1.0333261941479479 0.26567530113371368 -0.17384362759979027 0.076041555549414844 0.28083410860064811 0.030962143308431538 0.11029695547971426
leaf_weight=34341.230738043785 1467.7948910593987 150.62127584218979 74.225589990615845 11158.678955435753 100.10628813505173 2797.1788187026978 2498.4855705499649 1636.4583926796913 20474.357890844345 17612.666160285473 16342.319495737553 5447.3668083548546 6181.5551308989525 2496.8808426856995
leaf_count=40040 1458 33 29 6556 125 1644 1012 727 14410 21772 17367 6219 8242 3167
internal_value=-0.000102597 0.00120233 0.00250245 0.0041999 0.000185338 0.0104619 0.00134018 0.00275129 0.00175276 -0.000728552 0.00122483 0.00102518 -0.000985638 0.00160356
internal_weight=122780 88438.7 38790 15742.9 49648.7 2947.8 23047.1 12795.1 20548.6 26391.2 23257.5 21789.7 23794.2 2596.99
internal_count=122801 82761 24411 8960 58350 1677 15451 7283 14439 33306 25044 23586 30014 3292
is_linear=0
shrinkage=0.0386495


Tree=3
num_leaves=15
num_cat=0
split_feature=9 3 33 16 0 45 29 10 16 13 45 26 26 38
split_gain=335.669 87.1212 40.9573 34.3588 32.0713 24.2345 24.1859 20.662 19.253 17.0007 16.7768 15.2713 15.0946 12.6574
threshold=1.0000000180025095e-35 -8.3328394889831525 23.483333587646488 -1.0988626480102537 0.03024999983608723 1.0000000180025095e-35 172.87210845947268 0.094324387609958663 -3.0108587741851802 0.75564995408058178 1.0000000180025095e-35 0.023373492062091831 0.26027788221836096 0.26725615561008459
decision_type=2 2 2 2 2 2 2 2 2 2 2 2 2 2
left_child=-1 2 8 4 11 12 -7 -6 -2 -10 13 -3 -5 -4
right_child=1 3 10 5 7 6 -8 -9 9 -11 -12 -13 -14 -15
leaf_value=-0.57231919030241585 2.0784901763139199 -0.53294627662457628 0.40198056718568292 0.030172115927397058 0.2302169856356478 -0.25203173796507033 0.983525008017203 0.39579017468125433 2.4071186781757978 0.72463168076048623 0.1021913762549727 2.3938794388577511 0.66652023804837845 0.72011186292266738
leaf_weight=32913.980552732944 439.60669839382172 6187.0889860391617 4937.3722875714302 17540.564784944057 31861.535829782486 13342.354785740376 976.62528103590012 4190.7255806326866 117.27897381782532 1813.1887189745903 4610.6312683820724 284.69939231872559 1561.4809361100197 2002.792772769928
leaf_count=39218 276 3787 4251 20424 30287 14637 275 746 43 1384 3788 30 1739 1916
internal_value=-0.000147443 0.00107508 0.00388632 0.000558919 0.00128799 -0.000367024 -0.00157003 0.00173835 0.0085256 0.00679776 0.00292807 -0.00121163 0.000531787 0.0041315
internal_weight=122780 89865.9 13920.9 75945.1 42524 33421 14319 36052.3 2370.07 1930.47 11550.8 6471.79 19102 6940.17
internal_count=122801 83583 11658 71925 34850 37075 14912 31033 1703 1427 9955 3817 22163 6167
is_linear=0
shrinkage=0.0386495


Tree=4
num_leaves=15
num_cat=0
split_feature=7 4 23 22 33 2 5 23 0 6 23 13 25 11
split_gain=343.919 75.8006 46.7661 29.1436 45.3202 22.9837 16.3893 14.6926 12.6984 11.7205 11.3188 9.26604 7.7372 6.68662
threshold=1.0000000180025095e-35 -20.948043823242184 0.1869834437966347 0.46883396804332739 23.483333587646488 -17.498661994934078 -2.3807513713836665 2.6333374977111821 0.24525000154972079 42.425176620483406 2.6333374977111821 4.7090928554534921 -4.1568382584955535e-06 0.012180069461464884
decision_type=2 2 2 2 2 2 2 2 2 2 2 2 2 2
left_child=12 5 8 4 -4 6 11 -5 13 10 -7 -2 -1 -3
right_child=1 2 3 7 -6 9 -8 -9 -10 -11 -12 -13 -14 -15
leaf_value=-0.5501993150916672 2.4405098707340223 0.00012730822621152759 1.0708282755821286 0.15153976924860862 0.23992441984605037 0.55397618163609708 0.69997057705237076 -0.84592017593815305 -0.13831224076249551 0.004549647335401738 1.1583052640229921 -0.98602520502079605 -0.5501993150916672 0.32440336141714265
leaf_weight=9623.1916967630386 636.5728485584259 5760.7920485138893 3598.3014490008354 31348.420470118523 19767.973263680935 3121.561197578907 443.8261946439743 1408.864558339119 16533.490830659866 847.42438495159149 539.35748589038849 43.341631710529327 26992.424551188946 2114.3842376470566
leaf_count=6572 474 7319 2489 30607 14038 2487 219 228 21094 464 123 13 34748 1926
internal_value=-0.000205655 0.0011273 0.000823222 0.00143773 0.00248144 0.00546312 0.0104407 0.000691355 -0.000587354 0.00420547 0.00515336 0.0142461 -0.00334385 0.000685174
internal_weight=122780 86164.3 80532.2 56123.6 23366.3 5632.08 1123.74 32757.3 24408.7 4508.34 3660.92 679.914 36615.6 7875.18
internal_count=122801 81481 77701 47362 16527 3780 706 30835 30339 3074 2610 487 41320 9245
is_linear=0
shrinkage=0.0386495


Tree=5
num_leaves=15
num_cat=0
split_feature=7 23 3 45 33 1 25 11 27 16 34 46 25 38
split_gain=322.151 74.9277 39.1148 38.093 26.4848 19.5461 15.5607 15.176 14.117 13.5124 10.0196 8.99077 6.7106 5.88694
threshold=1.0000000180025095e-35 0.3587911874055863 -15.540448188781737 1.0000000180025095e-35 15.783333301544191 25.40445709228516 -0.050800846889615052 0.032323356717824943 -0.012428089510649441 -1.0377526283264158 22.973173141479496 1.0000000180025095e-35 -4.1568382584955535e-06 1.8252871036529543
decision_type=2 2 2 2 2 2 2 2 2 2 2 2 2 2
left_child=12 3 4 7 10 8 -6 11 -4 -5 -3 -2 -1 -9
right_child=1 2 5 9 6 -7 -8 13 -10 -11 -12 -13 -14 -15
leaf_value=-0.52893436295117335 0.28548112226866923 1.5886144385881076 0.66863779150164737 -0.019703039574900241 1.4959022156127029 -0.58791735574472082 0.48799669451037814 -0.014443523509091142 0.27704349936828532 -0.24054742768799361 4.2967168505521487 -0.14830775311111502 -0.52893436295117335 0.35251371059489955
leaf_weight=9576.9807487130165 10946.046056807041 980.90205872058868 3228.176698923111 10208.137432336807 393.96737933158875 2467.6365111470222 4937.6408421397209 13155.569471538067 26335.250653207302 11361.681604146957 55.327836155891418 991.60491406917572 26970.390740990639 955.36777877807617
leaf_count=6549 13385 550 1549 10877 373 1048 3228 15746 18563 13717 25 1320 34637 1227
internal_value=-0.000310358 0.000980721 0.00225098 -4.24387e-05 0.00502187 0.00169804 0.00390307 0.000951011 0.00197476 -0.00124483 0.0107039 0.00196538 -0.0033505 8.86011e-05
internal_weight=122565 86017.3 38398.9 47618.4 6367.84 32031.1 5331.61 26048.6 29563.4 21569.8 1036.23 11937.7 36547.4 14110.9
internal_count=122794 81608 25336 56272 4176 21160 3601 31678 20112 24594 575 14705 41186 16973
is_linear=0
shrinkage=0.0386495


Tree=6
num_leaves=15
num_cat=0
split_feature=7 23 3 45 2 54 1 27 10 26 46 16 33 11
split_gain=306.767 71.5441 40.9378 26.3215 25.4477 17.9756 16.2521 12.6565 10.8503 10.7483 10.1766 9.47955 9.00243 7.61996
threshold=1.0000000180025095e-35 0.2506947815418244 -15.540448188781737 1.0000000180025095e-35 -24.656183242797848 0.014641544315963985 25.40445709228516 -0.012428089510649441 0.26878573000431066 -0.00045615894487127656 1.0000000180025095e-35 -1.0377526283264158 126.21666336059572 0.035004597157239921
decision_type=2 2 2 2 2 2 2 2 2 2 2 2 2 2
left_child=8 3 4 10 5 -3 7 -4 -1 -6 13 -5 -10 -2
right_child=1 2 6 11 9 -7 -8 -9 12 -11 -12 -13 -14 -15
leaf_value=-0.50849129149488592 0.21136846460180722 3.4372485034326936 0.49325865963212473 -0.031627539899639866 0.71695343687442203 1.2031927201852519 -0.54686899658517818 0.21591127635654059 -0.47968354705120297 0.37656524552822457 -0.22537532237221891 -0.24219698708949663 -0.50849129149488592 0.0084273730174450161
leaf_weight=35942.761700034142 8243.3886160254478 186.15950560569763 4029.268616437912 7160.4810022711754 1746.9799988865852 787.55237257480621 2550.5684398412704 37069.216399371624 227.14264822006226 4244.0931732654572 1778.02206158638 9623.9889141321182 377.46714144945145 8597.5901373028755
leaf_count=41110 10341 106 2537 7751 1370 525 1146 30233 25 2864 2334 11629 51 10772
internal_value=-0.000323873 0.000935987 0.0018684 -0.000395407 0.00462349 0.010446 0.00142727 0.00161376 -0.00329053 0.00366432 0.000602929 -0.00150625 0.00177679 0.000899021
internal_weight=122565 86017.3 50613.8 35403.5 6964.79 973.712 43649.1 41098.5 36547.4 5991.07 18619 16784.5 604.61 16841
internal_count=122794 81608 38781 42827 4865 631 33916 32770 41186 4234 23447 19380 76 21113
is_linear=0
shrinkage=0.0386495


Tree=7
num_leaves=15
num_cat=0
split_feature=41 2 45 29 6 52 33 1 6 46 11 10 25 6
split_gain=284.946 62.0431 34.3675 31.9555 25.7567 20.9622 18.4194 17.8632 15.2759 13.8349 10.8944 8.03616 7.51822 13.0758
threshold=1.0000000180025095e-35 -10.342653274536131 1.0000000180025095e-35 14.95299005508423 -1.1891505122184751 1.0000000180025095e-35 23.483333587646488 -13.330539226531981 39.115680694580085 1.0000000180025095e-35 0.02156166918575764 3.9015009403228764 -0.014598768670111893 9.1429834365844744
decision_type=2 2 2 2 2 2 2 2 2 2 2 2 2 2
left_child=1 4 5 10 7 9 -5 -1 -7 -3 -4 -9 13 -6
right_child=-2 2 3 6 12 8 -8 11 -10 -11 -12 -13 -14 -15
leaf_value=1.4909659510800843 -0.48883833540988042 0.13964626813291733 -0.064518980187053737 0.68888135817019513 1.9356514636861617 0.35942675010838554 0.045542427572334024 0.53198048092163708 1.8281503311342495 -0.23937422502382188 -0.24986746382589384 -0.72376659006888988 0.29045344461305239 0.20153530289169413
leaf_weight=682.11512690782547 35056.516510546207 35344.748397648335 7046.7670767307281 2151.127908706665 292.99751263856888 5053.913501739502 13005.021374762058 1873.3626317381859 1927.0386098027229 2894.2155653238297 11051.281469941139 98.616499304771423 5844.9079409241676 242.05060029029846
leaf_count=543 40149 35350 8211 1437 149 5316 8428 1685 1843 2916 12850 49 3765 103
internal_value=-0.000370013 0.000808977 0.000458914 -0.000483026 0.0038426 0.00115288 0.000823632 0.00705321 0.00310304 0.000795196 -0.00158046 0.00512914 0.00249609 0.0069209
internal_weight=122565 87508.2 78474.1 33254.2 9034.05 45219.9 15156.1 2654.09 6980.95 38239 18098 1971.98 6379.96 535.048
internal_count=122794 82645 76351 30926 6294 45425 9865 2277 7159 38266 21061 1734 4017 252
is_linear=0
shrinkage=0.0386495


Tree=8
num_leaves=15
num_cat=0
split_feature=7 3 45 33 33 0 12 52 38 6 25 0 10 2
split_gain=289.472 56.8745 34.2007 21.8494 20.2544 21.8949 17.052 15.7243 12.6612 11.2268 11.1429 18.0285 10.8471 9.56586
threshold=1.0000000180025095e-35 -15.540448188781737 1.0000000180025095e-35 15.783333301544191 35.683334350585945 0.31225000321865087 -1.0000000180025095e-35 1.0000000180025095e-35 0.17072639614343646 51.222745895385749 -0.050800846889615052 0.20425000041723254 0.26878573000431066 -11.904137611389158
decision_type=2 2 2 2 2 2 2 2 2 2 2 2 2 2
left_child=12 3 7 13 6 -6 -4 8 -3 -9 11 -5 -1 -2
right_child=1 2 4 10 5 -7 -8 9 -10 -11 -12 -13 -14 -15
leaf_value=-0.46994495709806283 1.8408796971967902 0.059581120087592282 0.79929097150816009 1.1465788793671663 0.020197207027156078 -0.22826332603192642 -0.10083524735165339 0.37996372121719535 0.20404326756657637 1.9067846784407518 0.39992796150572008 0.73143975947140383 -0.31021116724704706 0.99774597486105909
leaf_weight=35942.761700034142 508.44159954786301 23179.331765592098 3245.39558416605 46.605399906635284 15064.628406763077 12413.02250957489 2929.9444175958633 5318.4844893813133 15009.798193275928 1738.2373496890068 5552.9059471487999 416.45450532436371 604.6097896695137 594.05906933546066
leaf_count=41110 298 22495 2157 20 12533 13687 2761 5493 15815 1617 3939 446 76 347
internal_value=-0.000407998 0.000815802 0.000516393 0.00412514 -0.000415361 -0.000866235 0.00158109 0.00121068 0.000898661 0.00289032 0.0031916 0.00899464 -0.00328979 0.00915164
internal_weight=122565 86017.3 78898.8 7118.47 33653 27477.7 6175.34 45245.9 38189.1 7056.72 6015.97 463.06 36547.4 1102.5
internal_count=122794 81608 76558 5050 31138 26220 4918 45420 38310 7110 4405 466 41186 645
is_linear=0
shrinkage=0.0386495


Tree=9
num_leaves=15
num_cat=0
split_feature=7 23 22 45 54 26 11 2 2 0 10 15 46 54
split_gain=281.134 60.6878 30.1896 29.5972 28.0283 18.3796 14.4576 13.8954 12.9468 12.7267 10.8156 7.08758 7.03956 6.60984
threshold=1.0000000180025095e-35 0.38959275186061865 0.44373679161071783 1.0000000180025095e-35 0.020684512332081798 0.52901870012283336 0.032323356717824943 39.108362197875984 -24.656183242797848 0.26725000143051153 0.26878573000431066 -9.8629322052001935 1.0000000180025095e-35 0.4607988595962525
decision_type=2 2 2 2 2 2 2 2 2 2 2 2 2 2
left_child=10 3 4 6 8 -6 12 11 -3 -5 -1 -4 -2 -12
right_child=1 2 7 9 5 -7 -8 -9 -10 -11 13 -13 -14 -15
leaf_value=-0.45178179922555295 0.2573104042887141 1.9142516369213951 0.39325839094907777 -0.0078975194378734289 0.41287556562179961 1.3902811231303871 -0.0048760016177325904 -0.62731121896782183 1.1956789511483457 -0.20481563633879338 0.99293162524434286 0.14953218780446223 -0.15619211723500287 -0.45795543722042331
leaf_weight=35942.761700034142 11630.319928944111 379.52803456783295 5939.8464998602867 9577.9397535920143 13024.070161759853 202.19058185815811 14995.143223106861 2549.8656432628632 1238.250068128109 12930.182188689709 257.78967791795731 12504.147552967072 1045.8256005644798 346.8201117515564
leaf_count=41110 14124 198 4697 10066 7352 99 17876 1144 787 15534 32 8360 1371 44
internal_value=-0.000442404 0.00076363 0.00197843 -0.000102864 0.00331415 0.00271936 0.000742412 0.001031 0.0081318 -0.00114459 -0.00328238 0.00140242 0.00170334 0.00177679
internal_weight=122565 86017.3 35837.9 50179.4 14844 13226.3 27671.3 20993.9 1617.78 22508.1 36547.4 18444 12676.1 604.61
internal_count=122794 81608 22637 58971 8436 7451 33371 14201 985 25600 41186 13057 15495 76
is_linear=0
shrinkage=0.0386495


Tree=10
num_leaves=15
num_cat=0
split_feature=41 23 22 54 45 45 26 6 29 10 24 11 27 16
split_gain=279.382 51.4916 31.7723 21.4007 19.7498 16.4247 12.6964 12.3285 9.48214 7.481 7.17738 5.52506 6.43305 5.24898
threshold=1.0000000180025095e-35 0.1869834437966347 0.44373679161071783 0.020684512332081798 1.0000000180025095e-35 1.0000000180025095e-35 -0.001037290785461664 33.789508819580085 51.496885299682624 1.0000000180025095e-35 58.519037246704109 0.0376195926219225 0.00069158291444182407 -1.0377526283264158
decision_type=2 2 2 2 2 2 2 2 2 2 2 2 2 2
left_child=1 5 3 8 6 11 -4 -5 -3 -2 -6 12 -1 -7
right_child=9 2 4 7 10 13 -8 -9 -10 -11 -12 -13 -14 -15
leaf_value=0.038574401615563199 -0.43432063910601154 0.29778071361928032 -0.046036367584945691 0.356098882075082 0.03401395654238934 -0.069832034255932263 0.3159134936742895 -0.043142727960965736 1.3444887465220583 -0.43432063910601154 -0.20610235754063108 -0.068971526667509206 0.2734561688971997 -0.2305386660943497
leaf_weight=4863.0022695064545 31148.89352363348 857.88636630773544 5443.9658756256104 18953.23511826992 8024.1750113964081 4663.7411888837814 18555.733305037022 2872.7625308632851 1216.9228412508965 3966.8779081702232 6404.7963255643845 6636.6650078892708 1556.4276524186134 7438.5726980566978
leaf_count=6290 38111 927 3889 14955 5586 5387 17413 1995 680 2127 6095 8286 2063 8958
internal_value=-0.000434796 0.000733548 0.00132958 0.00243687 0.000639295 -0.000740786 0.00131929 0.0020759 0.00620053 -0.00334715 -0.000487747 0.00020603 0.00101754 -0.00176688
internal_weight=122604 87487.9 62329.5 23900.8 38428.7 25158.4 23999.7 21826 2074.81 35115.8 14429 13056.1 6419.43 12102.3
internal_count=122762 82524 51540 18557 32983 30984 21302 16950 1607 40238 11681 16639 8353 14345
is_linear=0
shrinkage=0.0386495


Tree=11
num_leaves=15
num_cat=0
split_feature=7 23 22 54 45 45 6 25 1 11 25 11 12 10
split_gain=281.273 47.0821 29.4709 19.4629 18.0023 16.818 10.3738 9.16898 9.12554 8.56106 8.34255 5.76433 5.02342 9.61332
threshold=1.0000000180025095e-35 0.1869834437966347 0.44373679161071783 0.034286014735698707 1.0000000180025095e-35 1.0000000180025095e-35 29.796347618103031 0.0075072119943797597 -13.330539226531981 1.0000000180025095e-35 0.00062420225003734242 0.0376195926219225 -0.59405180811882008 0.028010355308651928
decision_type=2 2 2 2 2 2 2 2 2 2 2 2 2 2
left_child=9 4 3 8 11 10 -5 -7 -3 -1 -4 -2 13 -11
right_child=1 2 5 6 -6 7 -8 -9 -10 12 -12 -13 -14 -15
leaf_value=-0.41753434484703139 0.14690834094498956 1.5219178748758135 0.016836581539433723 0.34032619963221628 -0.17544198024183921 0.058937501225796704 -0.016049413210610076 -0.19927173589658029 0.61895572545012345 -0.29022428271982126 0.29924890024422046 -0.058988858294837923 -0.41753434484703139 2.5477677019549807
leaf_weight=28325.006676316261 6206.2037774324417 837.75910425186157 7033.9527105689049 17061.151086390018 11962.740419268608 8769.3210433125496 3018.1267219781876 5439.2362994551659 2148.3253572583199 261.93577694892883 16994.496982395649 6498.8421321511269 7989.7664375305176 56.793097615242004
leaf_count=35717 8052 534 4649 13520 14191 6411 2184 5223 1829 183 16630 8266 5348 25
internal_value=-0.000465906 0.000741981 0.00131605 0.00240803 -0.000682276 0.000655728 0.00197011 -0.000395214 0.00533007 -0.003302 0.00127957 0.000327017 -0.00219235 0.00246591
internal_weight=122604 85970.2 61302.4 23065.4 24667.8 38237 20079.3 14208.6 2986.08 36633.5 24028.4 12705 8308.5 318.729
internal_count=122762 81489 50980 18067 30509 32913 15704 11634 2363 41273 21279 16318 5556 208
is_linear=0
shrinkage=0.0386495


Tree=12
num_leaves=15
num_cat=0
split_feature=8 2 45 29 52 4 0 8 11 33 13 26 35 14
split_gain=274.916 46.3268 28.7103 21.9604 19.8761 18.4995 12.2979 11.534 10.6127 8.68898 10.3288 8.46451 7.89984 6.89983
threshold=1.0000000180025095e-35 -9.0898876190185529 1.0000000180025095e-35 15.717146396636965 1.0000000180025095e-35 -17.611849784851071 0.03024999983608723 0.00085324051906354736 0.023485510610044006 144.68333435058597 0.71599951386451732 0.0015946957864798608 5.2768950462341317 0.2010362967848778
decision_type=2 2 2 2 2 2 2 2 2 2 2 2 2 2
left_child=-1 5 4 8 6 12 -3 -5 -4 10 -7 -6 -2 -14
right_child=1 2 3 7 11 9 -8 -9 -10 -11 -12 -13 13 -15
leaf_value=-0.4013968331914502 3.9837025745272698 -0.46721724386221375 -0.04275541391100051 2.1601661718464245 0.32951926241195006 0.65414043816454415 0.10779601513275731 0.064824016323791853 -0.21758029944423601 0.081131816387496059 0.3638780294026418 1.20057239616341 0.13081483275799552 0.98235509750431715
leaf_weight=34376.593149900436 142.9702439904213 2529.4307844042778 7685.1078637242317 213.06046891212463 4345.2157672047615 533.7613063454628 35425.179742276669 14005.419824421406 10929.976947069168 2720.158367395401 4683.5128824114799 2697.3004720807076 567.09939903020859 1748.8704037070274
leaf_count=39997 66 1341 8776 101 4284 117 36346 8821 12650 2099 3611 2787 437 1329
internal_value=-0.000495024 0.000646846 0.00032229 -0.00054557 0.000956836 0.00307047 0.000604912 0.000595213 -0.00142 0.00215066 0.00307523 0.00284454 0.00601189 0.00541854
internal_weight=122604 88227.1 77830.7 32833.6 44997.1 10396.4 37954.6 14218.5 18615.1 7937.43 5217.27 7042.52 2458.94 2315.97
internal_count=122762 82765 75106 30348 44758 7659 37687 8922 21426 5827 3728 7071 1832 1766
is_linear=0
shrinkage=0.0386495


Tree=13
num_leaves=15
num_cat=0
split_feature=7 23 22 45 6 1 45 25 26 25 25 38 25 16
split_gain=261.621 40.9684 25.968 15.4157 14.1398 17.9907 13.8612 11.0138 10.5484 9.64275 8.33238 5.43968 5.36977 4.19354
threshold=1.0000000180025095e-35 0.1869834437966347 0.44373679161071783 1.0000000180025095e-35 -9.8151822090148908 -5.8815667629241934 1.0000000180025095e-35 0.27631588280200964 -0.001037290785461664 -4.1568382584955535e-06 0.0075072119943797597 0.12549185007810595 0.0018718718201853337 -1.0377526283264158
decision_type=2 2 2 2 2 2 2 2 2 2 2 2 2 2
left_child=9 3 4 11 5 -3 8 -6 -4 -1 -8 -2 -11 -5
right_child=1 2 6 13 7 -7 10 -9 -10 12 -12 -13 -14 -15
leaf_value=-0.3858830289880773 -0.071075973099562234 0.85907467906649282 -0.049074075928303131 -0.07696906662153806 0.20923732672715262 0.38058116397146352 0.052577459263691242 1.1258211783797309 0.28198730155768403 -0.3858830289880773 -0.1899292081489323 0.13259314739462869 18.804916331243753 -0.20974048825972325
leaf_weight=9554.1538228988647 6888.1838498711586 1952.1959866285324 5320.861328125 4524.1677212119102 16232.423345625401 4480.5316625237465 8769.3210433125496 400.21127510070801 18707.588364839554 27022.40828704834 5439.2362994551659 5816.86205971241 56.939878463745117 7438.5726980566978
leaf_count=6508 8587 1602 3875 5233 11941 4243 6411 281 17404 34759 5223 7731 6 8958
internal_value=-0.000521232 0.000643666 0.00117921 -0.000684861 0.00220422 0.00374961 0.000559303 0.00160267 0.00112577 -0.00325644 -0.0003946 0.000248709 -0.00363227 -0.00168108
internal_weight=122604 85970.2 61302.4 24667.8 23065.4 6432.73 38237 16632.6 24028.4 36633.5 14208.6 12705 27079.3 11962.7
internal_count=122762 81489 50980 30509 18067 5845 32913 12222 21279 41273 11634 16318 34765 14191
is_linear=0
shrinkage=0.0386495


Tree=14
num_leaves=15
num_cat=0
split_feature=7 2 16 4 29 25 27 32 52 25 38 25 38 54
split_gain=255.156 34.768 30.2344 14.3561 13.384 13.3495 12.2817 14.9486 10.253 9.84937 8.85439 6.35544 8.76803 6.56052
threshold=1.0000000180025095e-35 -11.904137611389158 -1.0988626480102537 -7.4341342449188224 66.67316055297853 0.27631588280200964 -0.0067743472754955283 109.50000000000001 1.0000000180025095e-35 -4.1568382584955535e-06 0.84938177466392528 -0.030754026956856247 -0.077314279973506914 0.020684512332081798
decision_type=2 2 2 2 2 2 2 2 2 2 2 2 2 2
left_child=9 3 6 11 10 -6 7 -3 -8 -1 -4 12 -2 -13
right_child=1 2 4 -5 5 -7 8 -9 -10 -11 -12 13 -14 -15
leaf_value=-0.37096882622885879 0.41525694436706212 0.2204762105445123 -0.1280023227740133 0.37299403402531583 0.25283836430403916 1.0768903924148467 0.082574358956221408 0.4814543018634746 0.42338434905737449 -0.37096882622885879 0.064602778086448556 1.3917269843405198 2.0496541914180271 0.46392378563981657
leaf_weight=9554.1538228988647 191.42636632919312 1828.4018933176994 25927.011952638626 4563.3536431193352 3900.7097264528275 298.86124235391617 31596.503489017487 716.54645609855652 8268.3819141983986 27079.348165512085 5904.6891086697578 450.95794546604156 298.83835476636887 2024.473542034626
leaf_count=6508 136 413 30926 2816 1714 84 27598 277 7946 34765 7464 323 227 1565
internal_value=-0.000551339 0.000599064 0.000357388 0.00310849 -0.000464703 0.00158124 0.00105719 0.00366666 0.000888975 -0.00325253 -0.000736528 0.00521108 0.0093356 0.00436393
internal_weight=122604 85970.2 78441.1 7529.05 36031.3 4199.57 42409.8 2544.95 39864.9 36633.5 31831.7 2965.7 490.265 2475.43
internal_count=122762 81489 76422 5067 40188 1798 36234 690 35544 41273 38390 2251 363 1888
is_linear=0
shrinkage=0.0386495


Tree=15
num_leaves=15
num_cat=0
split_feature=7 23 2 33 29 11 10 10 45 12 45 24 29 21
split_gain=243.811 38.0727 22.6837 20.6267 29.4641 17.9216 18.9509 9.7081 9.6148 8.14613 7.9491 6.88026 6.16263 4.84127
threshold=1.0000000180025095e-35 0.38959275186061865 39.108362197875984 23.483333587646488 66.67316055297853 0.027592905797064308 0.036032712087035186 0.4480732679367066 1.0000000180025095e-35 -0.26515167951583857 1.0000000180025095e-35 1.0000000180025095e-35 292.30262756347662 -11.205713272094725
decision_type=2 2 2 2 2 2 2 2 2 2 2 2 2 2
left_child=7 5 3 4 -3 6 10 9 12 -1 -2 -5 -7 -11
right_child=1 2 -4 11 -6 8 -8 -9 -10 13 -12 -13 -14 -15
leaf_value=-0.13107081960490879 0.1978613474138608 0.2416859514959899 -0.56895283896789273 -1.6688700554221458 1.2562113442508123 -0.0018491221425582952 2.1163056480591922 -0.31760568608051759 -0.15302903893619349 0.047412445569234664 -0.023338487061777644 0.23063150383046008 -0.41266811148641402 -0.35663105059193789
leaf_weight=1288.2064833045006 11947.685495257378 3111.1251968741417 2663.2904688119888 502.71272265911102 2605.9466224908829 14990.582428991795 36.682622730731964 372.95511913299561 12595.325258672237 158.02510750293732 9800.7321615815163 27170.587318897247 750.91331797838211 34806.410368740559
leaf_count=1056 14364 2511 1196 78 958 18754 9 40 14219 95 11359 17967 124 40128
internal_value=-0.000618878 0.000503267 0.00146126 0.00173599 0.00385428 -0.000184712 0.000647281 -0.00326061 -0.000826387 -0.00332521 0.000596428 0.00129603 -0.000185344 -0.00343656
internal_weight=122801 86175.6 36053.7 33390.4 5717.07 50121.9 21785.1 36625.6 28336.8 36252.6 21748.4 27673.3 15741.5 34964.4
internal_count=122858 81539 22710 21514 3469 58829 25732 41319 33097 41279 25723 18045 18878 40223
is_linear=0
shrinkage=0.0386495


Tree=16
num_leaves=15
num_cat=0
split_feature=7 23 2 33 29 11 10 26 45 25 54 49 16 29
split_gain=241.704 34.3453 21.05 18.3644 27.0983 15.9755 18.9928 14.5257 8.98368 7.85269 7.73244 7.55501 4.55832 4.34502
threshold=1.0000000180025095e-35 0.38959275186061865 39.108362197875984 23.483333587646488 66.67316055297853 0.027592905797064308 0.036032712087035186 0.023373492062091831 1.0000000180025095e-35 -4.1568382584955535e-06 2.8856021165847783 1.0000000180025095e-35 -1.9122350215911863 17.190132141113285
decision_type=2 2 2 2 2 2 2 2 2 2 2 2 2 2
left_child=7 5 3 4 -3 6 11 9 12 -1 -5 -2 -7 -10
right_child=1 2 -4 10 -6 8 -8 -9 13 -11 -12 -13 -14 -15
leaf_value=-0.34284742343240915 0.16210163081154952 0.23234489989774201 -0.54696307169812686 0.18757117107029378 1.2076593497624362 -0.23679159803600927 2.0345114017084169 1.8411615005274478 -0.1822507041257026 -0.34284742343240915 0.90037041268503737 -0.068978184468983156 0.010637810805178099 -0.022423147909168582
leaf_weight=9478.0077161192894 15858.740961134434 3111.1251968741417 2663.2904688119888 26465.772377312183 2605.9466224908829 1767.8921882510185 36.682622730731964 85.409817695617676 9525.544323682785 27062.179544866085 1207.527664244175 5889.6766957044601 13973.603558719158 3069.7809349894524
leaf_count=6542 18273 2511 1196 16985 958 674 9 9 11493 34768 1060 7450 18204 2726
internal_value=-0.000630322 0.000486959 0.00139685 0.00166155 0.00366069 -0.000166417 0.000619036 -0.00326061 -0.000772314 -0.00329935 0.00124621 0.000568136 -0.000152602 -0.00154207
internal_weight=122801 86175.6 36053.7 33390.4 5717.07 50121.9 21785.1 36625.6 28336.8 36540.2 27673.3 21748.4 15741.5 12595.3
internal_count=122858 81539 22710 21514 3469 58829 25732 41319 33097 41310 18045 25723 18878 14219
is_linear=0
shrinkage=0.0386495


Tree=17
num_leaves=15
num_cat=0
split_feature=8 23 3 11 6 8 1 3 38 29 29 49 49 25
split_gain=242.291 28.4151 19.1527 15.3311 14.3282 14.2419 11.2845 11.11 9.97263 7.51045 7.02778 6.7584 6.3973 5.46967
threshold=1.0000000180025095e-35 0.38959275186061865 -0.48935207724571222 0.027592905797064308 26.31853008270264 0.00085324051906354736 -0.72975522279739369 1.0000000180025095e-35 0.84938177466392528 292.30262756347662 94.297328948974624 1.0000000180025095e-35 1.0000000180025095e-35 -4.1568382584955535e-06
decision_type=2 2 2 2 2 2 2 2 2 2 2 2 2 2
left_child=13 3 4 9 6 -4 -3 -7 -5 11 -6 -2 -10 -1
right_child=1 2 5 8 10 7 -8 -9 12 -11 -12 -13 -14 -15
leaf_value=-0.32959652716481358 0.14510913693668417 0.61465082414008487 1.1490371641533992 -0.12203607377167706 0.35542808712762414 -0.38937290250355294 0.27351248696779101 0.17893020837140947 0.17279045170777826 1.7858683128935113 -0.19547227038943085 -0.067390588353432729 -0.13347791684037952 -0.32959652716481358
leaf_weight=7575.4419900178909 16382.610273778439 5818.9719197750092 124.26246786117554 23425.49539065361 2871.8348335623741 4825.3281150460243 4520.4399987459183 17840.336477816105 3786.8096514940262 91.565692722797394 1451.8331943750381 5961.8727834820747 1296.1847977042198 26828.193106591702
leaf_count=5428 18962 3770 40 26769 2491 1437 2860 12097 4690 27 440 7561 1675 34611
internal_value=-0.000651995 0.000418444 0.00122678 -0.000174709 0.00231746 0.00052235 0.00309955 0.000447555 -0.000770356 0.00057957 0.000433243 0.000531044 0.000774554 -0.00340396
internal_weight=122801 88397.5 37453 50944.5 14663.1 22789.9 10339.4 22665.7 28508.5 22436 4323.67 22344.5 5082.99 34403.6
internal_count=122858 82819 23135 59684 9561 13574 6630 13534 33134 26550 2931 26523 6365 40039
is_linear=0
shrinkage=0.0386495


Tree=18
num_leaves=15
num_cat=0
split_feature=8 23 12 33 13 8 11 28 8 25 11 10 27 37
split_gain=236.147 26.8944 18.1125 29.1977 17.8651 14.828 11.562 8.81896 8.01837 5.6595 4.94842 22.7928 3.86899 2.81912
threshold=1.0000000180025095e-35 0.1869834437966347 -0.1879705414175987 23.483333587646488 0.71599951386451732 0.00085324051906354736 0.01699753571301699 6.5872209072113046 0.030190648511052135 -4.1568382584955535e-06 0.027592905797064308 0.036032712087035186 0.00069158291444182407 0.63306549191474926
decision_type=2 2 2 2 2 2 2 2 2 2 2 2 2 2
left_child=9 10 3 4 -3 -5 8 -8 -4 -1 11 12 -2 -12
right_child=1 2 6 5 -6 -7 7 -9 -10 -11 13 -13 -14 -15
leaf_value=-0.31685777198358434 -0.072817722869226303 1.5417089643421018 0.2784360965414881 1.4971301998095274 0.79397067390588405 0.13045627818222524 -0.78075586015311071 -0.021892952786195869 0.4898674882094069 -0.31685777198358434 -0.12878781557719138 1.8868554712825705 0.15674570209106325 0.1722227511333993
leaf_weight=7575.4419900178909 8435.5540367364883 169.571020424366 11412.323918282986 193.19304478168488 3860.0567659139633 19553.684933125973 83.412849187850952 27870.773865103722 55.138749241828918 26828.193106591702 13837.714998066425 32.900774002075195 2184.0467817187309 709.17386043071747
leaf_count=5428 10657 50 11269 89 2726 14974 51 22578 20 34611 16808 4 2697 896
internal_value=-0.000673662 0.000383106 0.000809214 0.00165222 0.00465376 0.00103637 0.000299241 -0.000122818 0.00133299 -0.0033905 -0.000683219 -4.46049e-05 -0.000152489 -0.00114681
internal_weight=122801 88397.5 63198.2 23776.5 4029.63 19746.9 39421.6 27954.2 11467.5 34403.6 25199.4 10652.5 10619.6 14546.9
internal_count=122858 82819 51757 17839 2776 15063 33918 22629 11289 40039 31062 13358 13354 17704
is_linear=0
shrinkage=0.0386495


Tree=19
num_leaves=15
num_cat=0
split_feature=8 23 2 33 29 8 11 45 29 45 25 16 29 52
split_gain=233.234 26.5709 17.8601 16.1779 22.5361 17.4738 13.8802 8.71844 7.62026 5.83368 5.69446 5.20957 3.37661 3.25602
threshold=1.0000000180025095e-35 0.38959275186061865 39.108362197875984 23.483333587646488 66.67316055297853 0.00085324051906354736 0.027592905797064308 1.0000000180025095e-35 292.30262756347662 1.0000000180025095e-35 -4.1568382584955535e-06 -1.9122350215911863 22.728347778320316 1.0000000180025095e-35
decision_type=2 2 2 2 2 2 2 2 2 2 2 2 2 2
left_child=10 6 3 4 -3 -5 8 11 9 -2 -1 -8 -9 -4
right_child=1 2 13 5 -6 -7 7 12 -10 -11 -12 -13 -14 -15
leaf_value=-0.30461136386973225 0.16375239753723098 0.20027651438598196 -0.74287809000366967 1.3045833461054366 1.0994086226076973 0.16115055525185421 -0.25248797444571591 -0.16510845963669629 1.6439192167141645 -0.028634609763088417 -0.30461136386973225 0.01113299702669091 -0.019017853706048988 0.25281614488970178
leaf_weight=7575.4419900178909 12365.408569097519 3116.5822670459747 2034.758033156395 130.81923377513885 2613.0867533683777 28929.228284180164 1903.6666081547737 10357.522441327572 91.565692722797394 9979.0744881629944 26828.193106591702 13973.603558719158 2273.6972316503525 628.53243565559387
leaf_count=5428 14956 2518 808 40 962 18419 694 12495 27 11567 34611 18204 1741 388
internal_value=-0.000689688 0.000360535 0.00114226 0.00137676 0.00325798 0.00100366 -0.00021305 -0.000779777 0.000504487 0.000455653 -0.00338971 -0.000172754 -0.00153806 -0.00189802
internal_weight=122801 88397.5 37453 34789.7 5729.67 29060 50944.5 28508.5 22436 22344.5 34403.6 15877.3 12631.2 2663.29
internal_count=122858 82819 23135 21939 3480 18459 59684 33134 26550 26523 40039 18898 14236 1196
is_linear=0
shrinkage=0.0386495


Tree=20
num_leaves=15
num_cat=0
split_feature=8 23 45 2 33 12 8 46 9 33 13 25 23 34
split_gain=236.685 29.0139 16.864 14.068 12.9749 22.3068 10.7678 8.31213 7.27445 9.50455 7.11434 4.8526 3.28666 2.83138
threshold=1.0000000180025095e-35 0.38959275186061865 1.0000000180025095e-35 39.108362197875984 27.35000038146973 -0.04010509327054023 0.00085324051906354736 1.0000000180025095e-35 0.010091032832860948 137.81666564941409 0.71599951386451732 -4.1568382584955535e-06 2.6333374977111821 43.111869812011726
decision_type=2 2 2 2 2 2 2 2 2 2 2 2 2 2
left_child=11 2 7 4 5 -3 -6 10 9 -4 -2 -1 13 -5
right_child=1 3 8 12 6 -7 -8 -9 -10 -11 -12 -13 -14 -15
leaf_value=-0.29283827383405819 -0.37348092941721733 1.0293280891642111 0.2145367964887093 -0.52413396205521812 0.76235508773926874 0.012183266096694402 0.16665334721126759 -0.22215818043325453 -0.14973378446625316 -0.12310589968740288 0.097771864224013225 -0.29283827383405819 -1.8064180350859136 0.43954077956418386
leaf_weight=7551.1873012185097 1145.9576146602631 3731.1695022583008 4161.0494874119759 938.92085778713226 137.68627589941025 2550.3433245420456 28047.245129883289 2280.6888954043388 13211.045831561089 5219.0360666513443 24811.442523956299 26543.927960038185 951.29034298658371 820.62040019035339
leaf_count=5458 917 2024 3685 494 45 1871 17894 2924 15960 6106 30052 34432 136 569
internal_value=-0.000662025 0.00039655 -0.000202641 0.0012173 0.00142901 0.00302234 0.00107166 0.000425593 -0.000990445 -0.000160408 0.000623847 -0.00339599 -0.00145215 -0.000423344
internal_weight=122102 88006.5 50829.2 37177.3 34466.4 6281.51 28184.9 28238.1 22591.1 9380.09 25957.4 34095.1 2710.83 1759.54
internal_count=122567 82677 59644 23033 21834 3895 17939 33893 25751 9791 30969 39890 1199 1063
is_linear=0
shrinkage=0.0386495


Tree=21
num_leaves=15
num_cat=0
split_feature=8 23 1 45 33 5 8 0 26 11 46 25 11 13
split_gain=232.979 26.9564 20.0978 15.6983 11.8246 14.4889 10.7755 9.22798 11.696 8.47797 5.14852 4.8526 4.80326 4.02363
threshold=1.0000000180025095e-35 0.38959275186061865 25.40445709228516 1.0000000180025095e-35 27.35000038146973 -2.3807513713836665 0.00085324051906354736 0.03824999928474427 -0.00045615894487127656 0.0376195926219225 1.0000000180025095e-35 -4.1568382584955535e-06 0.025495520792901519 0.77549105882644664
decision_type=2 2 2 2 2 2 2 2 2 2 2 2 2 2
left_child=11 3 4 9 5 -3 -6 8 -5 10 -2 -1 -9 -11
right_child=1 2 -4 7 6 -7 -8 12 -10 13 -12 -13 -14 -15
leaf_value=-0.28152020834910096 0.17911667727726771 0.92303332307271335 -0.71431974752525662 1.4441772339893768 0.73289041192058535 0.32941475803257836 0.16681908580873209 -0.053503113953696647 -0.11568209938767995 -0.25443877650492264 -0.21096738895478459 -0.28152020834910096 -0.14558206132659879 -0.0079835447637058524
leaf_weight=7551.1873012185097 12989.190365970135 2272.7900996208191 2559.3480802178383 558.5749414563179 137.68627589941025 3882.9581580162048 28324.493219792843 8324.3520902991295 942.62128388881683 897.49029296636581 1119.1534602642059 26543.927960038185 12765.583069980145 13232.254914820194
leaf_count=5458 15813 1419 1065 332 45 2409 18095 9682 1103 379 1477 34432 14634 16224
internal_value=-0.000683526 0.000366719 0.00115786 -0.000210813 0.00140323 0.00294438 0.00106769 -0.000970898 0.00194061 0.000395246 0.00106621 -0.00339599 -0.00118105 -0.000270657
internal_weight=122102 88006.5 37177.3 50829.2 34617.9 6155.75 28462.2 22591.1 1501.2 28238.1 14108.3 34095.1 21089.9 14129.7
internal_count=122567 82677 23033 59644 21968 3828 18140 25751 1435 33893 17290 39890 24316 16603
is_linear=0
shrinkage=0.0386495


Tree=22
num_leaves=15
num_cat=0
split_feature=8 23 1 45 47 33 12 8 9 46 32 13 10 27
split_gain=229.577 24.7354 18.8014 14.6861 11.3825 10.6666 16.2637 10.8358 9.23415 7.32229 6.87946 6.8002 3.83749 3.50753
threshold=1.0000000180025095e-35 0.38959275186061865 25.40445709228516 1.0000000180025095e-35 1.0000000180025095e-35 23.483333587646488 -0.11726178228855132 0.00085324051906354736 0.0064227185212075719 1.0000000180025095e-35 193.50000000000003 0.71599951386451732 0.54757437109947216 2.9964223813294671e-07
decision_type=2 2 2 2 2 2 2 2 2 2 2 2 2 2
left_child=12 3 5 9 10 6 -3 -7 -6 11 -5 -2 13 -1
right_child=1 2 -4 4 8 7 -8 -9 -10 -11 -12 -13 -14 -15
leaf_value=-0.27063958092387763 -0.34921211968181687 0.91998171529161576 -0.68671161565834682 -0.090224130618588319 0.2608755434095012 0.70456453235979111 0.1283757980021977 0.16985019291563289 -0.060474226978124587 -0.20947443545275479 -0.26660071753606562 0.091046037854001144 0.073125801759639023 -0.27063958092387763
leaf_weight=26723.11480730772 1145.9576146602631 3028.8880676627159 2559.3480802178383 10484.441432416439 2192.5386955738068 137.68627589941025 2406.1308582425117 29045.222551524639 4282.8600378632545 2280.6888954043388 5631.2912197709084 24811.442523956299 173.6655445098877 7198.3349094390869
leaf_count=33860 917 1660 1065 11312 2518 45 1728 18535 5805 2924 6116 30052 19 6011
internal_value=-0.000703414 0.000339127 0.001097 -0.000214071 -0.000949248 0.00133437 0.00291214 0.00103836 0.000412281 0.000372061 -0.0014999 0.000558267 -0.00339599 -0.00342602
internal_weight=122102 88006.5 37177.3 50829.2 22591.1 34617.9 5435.02 29182.9 6475.4 28238.1 16115.7 25957.4 34095.1 33921.4
internal_count=122567 82677 23033 59644 25751 21968 3388 18580 8323 33893 17428 30969 39890 39871
is_linear=0
shrinkage=0.0386495


Tree=23
num_leaves=15
num_cat=0
split_feature=8 23 1 23 35 38 45 47 16 25 38 23 2 26
split_gain=226.565 22.9561 13.297 11.8841 13.5176 7.93438 7.63621 7.43214 7.91289 4.8526 3.43033 3.10662 2.88721 2.76184
threshold=1.0000000180025095e-35 0.1869834437966347 25.40445709228516 0.4934306144714356 10.495989799499513 2.1052211523056035 1.0000000180025095e-35 1.0000000180025095e-35 -2.9327684640884395 -4.1568382584955535e-06 0.21745944768190387 2.6333374977111821 4.5463929176330575 -0.025837985798716542
decision_type=2 2 2 2 2 2 2 2 2 2 2 2 2 2
left_child=9 6 3 5 -5 -3 10 -8 -9 13 -2 -4 -12 -1
right_child=1 2 11 4 -6 -7 7 8 -10 -11 12 -13 -14 -15
leaf_value=0.070299522933037983 -0.076454995193121933 0.029281515106031653 -0.26544676511332449 0.81105417703716742 0.19129559015193701 0.44916048681414 -0.18454384312320984 1.2571599373426947 -0.056134348816560216 -0.26017948477724623 0.040715262679702713 -1.8515388834229729 0.29683636408085939 -0.26017948477724623
leaf_weight=173.6655445098877 7554.8521592617035 30955.013524949551 1803.3276121616364 3505.4186183810234 24380.806575238705 1313.4428967833519 8582.1435925960541 414.2479761838913 3075.3762453198433 26543.927960038185 4603.1290175914764 908.7380490899086 909.99998563528061 7377.521756708622
leaf_count=19 9432 33642 1098 1626 13666 1482 9548 413 4281 34432 6154 123 1212 5439
internal_value=-0.000721143 0.00031453 0.000709708 0.000829752 0.00141471 0.000322382 -0.00067136 -0.0013722 0.000116073 -0.00339599 -1.94046e-05 -0.00193021 0.000708866 -0.00250523
internal_weight=122102 88006.5 62866.7 60154.7 27886.2 32268.5 25139.7 12071.8 3489.62 34095.1 13068 2712.07 5513.13 7551.19
internal_count=122567 82677 51637 50416 15292 35124 31040 14242 4694 39890 16798 1221 7366 5458
is_linear=0
shrinkage=0.0386495


Tree=24
num_leaves=15
num_cat=0
split_feature=8 23 1 49 52 45 12 25 29 11 10 23 26 10
split_gain=216.074 21.5554 12.8313 12.5469 13.8581 7.47835 6.17172 6.11748 5.33151 3.17978 3.294 3.10662 3.03984 2.67053
threshold=1.0000000180025095e-35 0.1869834437966347 25.40445709228516 1.0000000180025095e-35 1.0000000180025095e-35 1.0000000180025095e-35 -0.24325120449066159 -5.8690810078587663e-07 292.30262756347662 0.0376195926219225 0.020604667253792289 2.6333374977111821 0.0012920852750539782 0.54757437109947216
decision_type=2 2 2 2 2 2 2 2 2 2 2 2 2 2
left_child=7 5 3 4 -3 9 -5 13 -7 10 -2 -4 -11 -1
right_child=1 2 11 6 -6 8 -8 -9 -10 12 -12 -13 -14 -15
leaf_value=-0.25012366656743129 0.035765508420145774 0.11983383544682846 -0.25518736892515709 0.15394903776895386 0.51009946420422025 -0.13342846518471993 -0.070346062901610343 -0.25012366656743129 1.2472596253000441 -0.16798177372990147 0.24535510314383172 -1.7799777515526192 0.01773456396385412 0.067582478491749406
leaf_weight=8490.7579863071442 5879.4808800816536 36261.387836992741 1803.3276121616364 4544.4449927210808 9044.1723940968513 11855.753695189953 10304.676391541958 25430.691730439663 216.01411890983582 2927.3072867393494 720.80388164520264 908.7380490899086 3540.3891140222549 173.6655445098877
leaf_count=6913 7686 29678 1098 3393 8307 14205 9038 32958 37 3362 914 123 4836 19
internal_value=-0.000731138 0.000280253 0.000663217 0.000781165 0.0011009 -0.00067509 -0.000190489 -0.00334331 -0.00136868 -2.98251e-05 0.000562226 -0.00193021 -0.000642961 -0.00243492
internal_weight=122102 88006.5 62866.7 60154.7 45305.6 25139.7 14849.1 34095.1 12071.8 13068 6600.28 2712.07 6467.7 8664.42
internal_count=122567 82677 51637 50416 37985 31040 12431 39890 14242 16798 8600 1221 8198 6932
is_linear=0
shrinkage=0.0386495


Tree=25
num_leaves=15
num_cat=0
split_feature=8 45 29 6 8 2 4 46 0 26 16 1 15 26
split_gain=203.028 20.7658 15.9896 15.715 12.595 12.4472 11.3857 9.30426 11.1217 7.78575 5.91021 5.24031 4.16188 3.17997
threshold=1.0000000180025095e-35 1.0000000180025095e-35 15.717146396636965 29.796347618103031 0.00085324051906354736 -14.158632755279539 -0.68236106634140004 1.0000000180025095e-35 0.03024999983608723 -2.688099556280576e-07 -1.0377526283264158 -18.913240432739254 -13.030288219451903 -0.025837985798716542
decision_type=2 2 2 2 2 2 2 2 2 2 2 2 2 2
left_child=9 5 10 4 -4 6 11 8 -7 13 -3 -2 -8 -1
right_child=1 2 3 -5 -6 7 12 -9 -10 -11 -12 -13 -14 -15
leaf_value=-1.1719196121848201 1.3982954862487542 -0.06116245605633739 1.4677524457667199 -0.3150918460660731 0.10833157094235371 -0.36577377414544732 0.13855501931351 -0.19881064331029472 0.12842794641828856 -0.24045650113689074 -0.16872155446313095 0.59263584111070322 -0.14660824854581625 -0.24045650113689074
leaf_weight=148.59472322463989 300.56960207223892 8639.593003988266 254.06516408920288 3001.5472262501717 15042.680752396584 3293.5445566177368 701.13188421726227 3717.6764844655991 40715.034607887268 25117.505468547344 10390.173216402531 1476.3215928673744 1145.4795778989792 9033.4196699857712
leaf_count=16 216 9544 108 1768 9582 2223 496 3490 41385 32334 12317 1160 594 7524
internal_value=-0.000759813 0.000216256 -0.000476481 0.00033676 0.000841282 0.000720961 0.00290798 0.000553587 0.000711297 -0.00328489 -0.00126146 0.00512052 0.000744384 -0.00230352
internal_weight=122977 88677.8 37328.1 18298.3 15296.7 51349.8 3623.5 47726.3 44008.6 34299.5 19029.8 1776.89 1846.61 9182.01
internal_count=122757 82883 33319 11458 9690 49564 2466 47098 43608 39874 21861 1376 1090 7540
is_linear=0
shrinkage=0.0386495


Tree=26
num_leaves=15
num_cat=0
split_feature=8 45 29 52 33 8 21 13 22 25 22 23 26 38
split_gain=201.258 19.9456 15.0123 13.9842 11.6048 13.4604 9.96605 11.2264 8.9459 7.8788 7.21541 7.50657 6.91624 5.43591
threshold=1.0000000180025095e-35 1.0000000180025095e-35 15.717146396636965 1.0000000180025095e-35 27.35000038146973 0.00085324051906354736 -7.8262052536010733 0.7355845868587495 0.44373679161071783 -5.8690810078587663e-07 0.35512739419937139 2.6333374977111821 0.00072841253131628047 0.76837098598480236
decision_type=2 2 2 2 2 2 2 2 2 2 2 2 2 2
left_child=9 3 -3 6 8 -6 7 -2 -4 -1 11 -5 -12 -8
right_child=1 2 4 10 5 -7 13 -9 -10 -11 12 -13 -14 -15
leaf_value=-0.2311629672332822 0.37225239491974665 -0.13226350218290128 0.90495374520739214 0.51164753067270807 1.4264520311366053 -0.044870006399960922 -0.049600133099337536 0.10524920698461841 -0.034231678683641201 -0.2311629672332822 0.070248486611054747 1.3833211721168717 0.95685861695996488 0.12019831575346393
leaf_weight=8763.605401456356 1742.6417655944824 19029.766220390797 1998.9702132344246 2061.3588669896126 243.43786036968231 14711.612612426281 20856.46009105444 14282.30891674757 1344.2724567055702 25535.914460301399 3292.0193111300468 38.570633411407471 3226.9308974742889 5849.4678236246109
leaf_count=6902 462 21861 1385 2012 94 9166 20254 14343 813 32972 3127 14 3224 6128
internal_value=-0.000770851 0.00020095 -0.000477963 0.000695605 0.000309921 -0.000146725 0.000407426 0.00116948 0.0023688 -0.00328489 0.0021172 0.00410227 0.0014678 -4.77289e-05
internal_weight=122977 88677.8 37328.1 51349.8 18298.3 14955.1 42730.9 16025 3343.24 34299.5 8618.88 2099.93 6518.95 26705.9
internal_count=122757 82883 33319 49564 11458 9260 41187 14805 2198 39874 8377 2026 6351 26382
is_linear=0
shrinkage=0.0386495


Tree=27
num_leaves=15
num_cat=0
split_feature=10 23 3 1 0 32 38 6 49 34 27 15 26 11
split_gain=192.348 19.1544 13.5025 11.2118 9.42131 8.50942 8.37129 7.93783 7.57539 7.45577 6.90985 6.58094 4.54825 3.77964
threshold=1.0000000180025095e-35 0.26727376878261572 -0.48935207724571222 -10.525484085083006 0.03024999983608723 1675.5000000000002 0.21745944768190387 -8.6014270782470685 1.0000000180025095e-35 1192.5511474609377 -0.028076108545064923 36.32884597778321 -2.688099556280576e-07 0.027592905797064308
decision_type=2 2 2 2 2 2 2 2 2 2 2 2 2 2
left_child=12 6 3 7 10 -6 13 -3 9 -8 -4 -5 -1 -2
right_child=1 2 4 11 5 -7 8 -9 -10 -11 -12 -13 -14 -15
leaf_value=-0.22222862416880326 -0.058580326967468122 1.0784613181015836 -0.70549961601842115 0.13043466856877259 0.036922561501589193 1.0025673335478458 0.080734825002566624 0.53034989761888351 -0.12057172197588067 0.69532149209203731 -0.22375036929284356 0.9902528021712812 -0.22222862416880326 -0.13821163449644369
leaf_weight=6003.5421025753021 11655.429020226002 1027.2124447226524 256.22945308685303 16349.960178971291 26556.613244831562 607.64678227901459 10784.994038641453 1964.7293754816055 3628.1938552856445 96.839896738529205 3960.7734380364418 319.8303599357605 25049.518706083298 14715.82463401556
leaf_count=5703 13392 719 27 12988 19766 683 13087 1231 4766 106 1454 126 32311 16398
internal_value=-0.000787668 0.000100147 0.000599961 0.0013943 0.00010037 0.000365994 -0.000522484 0.00357962 0.000219876 0.000733211 -0.00159629 0.000998208 -0.00341751 -0.000933131
internal_weight=122977 91924.3 51043 19661.7 31381.3 27164.3 40881.3 2991.94 14510 10881.8 4217 16669.8 31053.1 26371.3
internal_count=122757 84743 36994 15064 21930 20449 47749 1950 17959 13193 1481 13114 38014 29790
is_linear=0
shrinkage=0.0386495


Tree=28
num_leaves=15
num_cat=0
split_feature=8 2 45 6 52 6 0 29 8 25 29 54 1 25
split_gain=196.975 18.2206 16.1816 12.9347 9.05234 9.84874 9.24142 8.72863 11.6668 7.8788 7.58298 14.738 7.17069 6.1313
threshold=1.0000000180025095e-35 -11.904137611389158 1.0000000180025095e-35 -1.1891505122184751 1.0000000180025095e-35 42.425176620483406 0.03024999983608723 14.95299005508423 0.00085324051906354736 -5.8690810078587663e-07 292.30262756347662 0.086361609399318709 -18.913240432739254 -0.030754026956856247
decision_type=2 2 2 2 2 2 2 2 2 2 2 2 2 2
left_child=9 3 4 10 6 -6 -3 -4 -9 -1 12 -12 -2 -5
right_child=1 2 7 13 5 -7 -8 8 -10 -11 11 -13 -14 -15
leaf_value=-0.21363958938163696 1.1403726316532281 -0.36531356636463241 -0.1280477839355407 0.65467226753603036 0.16580781964998015 1.3792625314669438 0.04920760062400302 1.3611459987532644 -0.015417019193750197 -0.21363958938163696 1.5206662484495832 1.5575145131272272 0.33503455318025943 0.14765711376882767
leaf_weight=8763.605401456356 276.68579441308975 2729.0355301499367 18571.783015429974 355.06957542896271 5453.3180975317955 1892.7350543141365 36728.526466369629 256.88423991203308 15326.862262010574 25535.914460301399 132.14589697122574 227.32183754444122 1627.0878781080246 5100.3620209693909
leaf_count=6902 217 1399 21321 156 5587 1807 37521 112 10094 32972 29 57 1565 3018
internal_value=-0.000797765 0.000163625 -6.74467e-06 0.00195764 0.000459304 0.00170605 0.000225646 -0.000647062 2.3802e-05 -0.00328489 0.00441959 0.00964549 0.00339333 0.000924401
internal_weight=122977 88677.8 80959.1 7718.67 46803.6 7346.05 39457.6 34155.5 15583.7 34299.5 2263.24 359.468 1903.77 5455.43
internal_count=122757 82883 77841 5042 46314 7394 38920 31527 10206 39874 1868 86 1782 3174
is_linear=0
shrinkage=0.0386495


Tree=29
num_leaves=15
num_cat=0
split_feature=8 45 29 6 33 52 21 13 25 4 6 16 16 42
split_gain=195.065 16.8951 12.2015 16.8216 11.5191 11.0975 9.48849 10.6169 7.8788 7.2007 8.51128 6.196 6.17487 6.01445
threshold=1.0000000180025095e-35 1.0000000180025095e-35 22.728347778320316 29.796347618103031 27.35000038146973 1.0000000180025095e-35 -7.8262052536010733 0.7355845868587495 -5.8690810078587663e-07 -9.262443542480467 33.789508819580085 -3.498293280601501 -1.0377526283264158 1.0000000180025095e-35
decision_type=2 2 2 2 2 2 2 2 2 2 2 2 2 2
left_child=8 5 12 4 -4 6 7 -2 -1 -7 -11 -8 13 -3
right_child=1 2 3 -5 -6 9 11 -9 -10 10 -12 -13 -14 -15
leaf_value=-0.20538251686463763 0.42259542746078005 -0.054622695624674283 0.88016031655789861 -0.332078121314554 0.036091382117341191 0.72741887199012401 -0.34781726436684768 0.095232733371571593 -0.20538251686463763 0.0633891211006921 1.1782468075455599 0.011942087865659361 -0.14257103679916494 2.0403401699729433
leaf_weight=8763.605401456356 1742.6417655944824 10111.237222671509 2447.608719587326 2584.9723745584488 10384.233883976936 1802.3782033324242 2481.0399661064148 14282.30891674757 25535.914460301399 4706.2143241167068 2110.2871815562248 24224.887948572636 11539.375311851501 260.63185048103333
leaf_count=6902 462 11368 1465 1298 5420 1684 1229 14343 32972 4657 2036 25153 13723 45
internal_value=-0.000809856 0.000146859 -0.000477966 0.000352233 0.000928595 0.000602197 0.000345311 0.00108905 -0.00328489 0.00186869 0.00128106 -9.88459e-05 -0.00106472 -0.000373041
internal_weight=122977 88677.8 37328.1 15416.8 12831.8 51349.8 42730.9 16025 34299.5 8618.88 6816.5 26705.9 21911.2 10371.9
internal_count=122757 82883 33319 8183 6885 49564 41187 14805 39874 8377 6693 26382 25136 11413
is_linear=0
shrinkage=0.0386495


Tree=30
num_leaves=15
num_cat=0
split_feature=8 4 45 21 6 25 27 12 23 37 16 44 11 54
split_gain=196.651 16.2998 15.015 10.6747 8.69335 8.40135 8.05004 8.04049 8.49905 8.75241 7.78004 7.26544 6.78397 4.93266
threshold=1.0000000180025095e-35 -26.028379440307614 1.0000000180025095e-35 -7.8262052536010733 1.0000000180025095e-35 -4.1568382584955535e-06 0.011957017704844477 -0.32768723368644709 2.6333374977111821 0.052225945517420776 -1.0377526283264158 -0.56174489110708226 0.25193984806537634 0.099992740899324431
decision_type=2 2 2 2 2 2 2 2 2 2 2 2 2 2
left_child=5 7 3 6 -5 -1 -3 8 11 -10 12 -2 -4 -12
right_child=1 2 10 4 -6 -7 -8 -9 9 -11 13 -13 -14 -15
leaf_value=-0.19744457642773788 0.84613170925731862 0.21639574306537729 -0.035783824681692417 -0.10685506930207869 0.088698850064731841 -0.19744457642773788 -0.13692615380637763 -0.14509465820942716 0.72974354046161127 -0.38530695074871268 0.0051132082957971257 0.32149302853402123 0.55349760456179542 -0.14924517459968673
leaf_weight=7565.5287946462631 992.28859746456146 16677.163912832737 18888.161793529987 12555.352995216846 17263.687411308289 26733.731082201004 2239.9382020235062 1060.0357637405396 136.53404897451401 76.376195311546326 3515.467915892601 1871.2069996595383 1381.7385901212692 11548.678764224052
leaf_count=5355 656 15898 16117 11104 18724 34502 2228 375 67 26 3200 1427 323 12734
internal_value=-0.000810707 0.000154302 3.70335e-05 0.000477475 1.98864e-05 -0.00329395 0.00119563 0.00252252 0.00352394 0.011041 -0.000568818 0.00293748 -7.13451e-05 -0.00123426
internal_weight=122506 88206.6 84070.2 48736.1 29819 34299.3 18917.1 4136.44 3076.41 212.91 35334 2863.5 20269.9 15064.1
internal_count=122736 82879 80328 47954 29828 39857 18126 2551 2176 93 32374 2083 16440 15934
is_linear=0
shrinkage=0.0386495


Tree=31
num_leaves=15
num_cat=0
split_feature=8 4 45 47 13 21 31 25 6 27 6 10 9 1
split_gain=193.515 13.1579 13.9381 10.6504 14.8455 9.54394 9.16623 8.41984 8.19794 7.46184 7.01502 11.925 10.1397 5.90313
threshold=1.0000000180025095e-35 -26.028379440307614 1.0000000180025095e-35 1.0000000180025095e-35 0.71599951386451732 -7.8262052536010733 42.500000000000007 -4.1568382584955535e-06 1.0000000180025095e-35 0.011957017704844477 29.796347618103031 0.074901316314935698 0.10080161690711976 -13.330539226531981
decision_type=2 2 2 2 2 2 2 2 2 2 2 2 2 2
left_child=7 10 5 6 -5 9 -4 -1 -7 -3 11 13 -13 -2
right_child=1 2 3 4 -6 8 -8 -9 -10 -11 -12 12 -14 -15
leaf_value=-0.18981343376185436 1.3117196974063174 0.20803214646779669 0.026774538413441764 1.0697113233422864 0.0091082278062321956 -0.10272516969597091 -0.16623503555404096 -0.18981343376185436 0.085270680036513807 -0.13163402052375181 -0.10290015232494365 1.3431574722306958 0.8568056810756759 -0.014746771826679142
leaf_weight=7565.5287946462631 269.68083560466766 16677.163912832737 6440.183734536171 787.84448647499084 9424.515680372715 12555.352995216846 18681.503162384033 26733.731082201004 17263.687411308289 2239.9382020235062 883.65043860673904 269.16130894422531 1368.1276037096977 1345.8214182853699
leaf_count=5355 193 15898 5179 222 10104 11104 16869 34502 18724 2228 472 132 848 906
internal_value=-0.000828215 0.000129059 2.36298e-05 -0.000560082 0.000488484 0.00044802 -0.000988653 -0.00329157 1.5245e-05 0.00112707 0.00225679 0.00308951 0.00541733 0.000690676
internal_weight=122506 88206.6 84070.2 35334 10212.4 48736.1 25121.7 34299.3 29819 18917.1 4136.44 3252.79 1637.29 1615.5
internal_count=122736 82879 80328 32374 10326 47954 22048 39857 29828 18126 2551 2079 980 1099
is_linear=0
shrinkage=0.0386495


Tree=32
num_leaves=15
num_cat=0
split_feature=8 52 1 45 33 25 6 38 11 11 22 28 54 37
split_gain=189.886 12.6299 9.13111 8.81295 8.47868 8.41984 8.00375 6.80965 8.9431 6.74821 6.18587 6.00419 5.9027 5.11388
threshold=1.0000000180025095e-35 1.0000000180025095e-35 -3.8703106641769405 1.0000000180025095e-35 2458.233276367188 -4.1568382584955535e-06 65.087280273437514 0.21745944768190387 4.7916159629821786 0.019847867079079155 0.35512739419937139 50.404489517211921 0.10702083259820939 2.1987653970718388
decision_type=2 2 2 2 2 2 2 2 2 2 2 2 2 2
left_child=5 2 11 6 9 -1 10 8 -4 -5 -3 12 -2 -9
right_child=1 3 7 4 -6 -7 -8 13 -10 -11 -12 -13 -14 -15
leaf_value=-0.18247723127331411 0.38738593205319882 0.46740074932548237 -0.10205042403057288 0.17251606240364409 -0.035519976741523962 -0.18247723127331411 1.6582474459563983 0.011618268465981033 0.32031977665698103 -0.20069053503718273 0.13362430680521645 -0.22537320804791036 0.059618416281075171 0.83451607655247984
leaf_weight=7565.5287946462631 3938.2622258663177 1899.2791734933853 37436.970286130905 2977.833425283432 83.598341643810272 26733.731082201004 1709.5083578228951 21419.644377946854 955.38809514045715 2739.6427741646767 5052.0454332828522 1748.1036395430565 7614.3494896888733 632.00557029247284
leaf_count=5355 2838 1861 35820 2906 58 34502 1533 21462 709 2511 5090 1065 6400 626
internal_value=-0.000851438 9.68058e-05 -0.00010729 0.00114142 -1.45193e-05 -0.00329157 0.00192219 -0.000309732 -0.000621035 -0.000205185 0.0013267 0.00080824 0.00113036 0.00022963
internal_weight=122506 88206.6 73744.7 14461.9 5801.07 34299.3 8660.83 60444 38392.4 5717.48 6951.32 13300.7 11552.6 22051.6
internal_count=122736 82879 68920 13959 5475 39857 8484 58617 36529 5417 6951 10303 9238 22088
is_linear=0
shrinkage=0.0386495


Tree=33
num_leaves=15
num_cat=0
split_feature=8 16 25 2 29 28 37 13 25 39 49 38 27 10
split_gain=188.766 12.116 14.1516 21.3518 10.8764 13.9357 9.67727 8.90191 8.5172 8.04742 8.03547 6.60937 5.07934 3.69969
threshold=1.0000000180025095e-35 -1.0988626480102537 -0.050800846889615052 -2.275836586952209 292.30262756347662 8.9410014152526873 0.51110029220581066 0.70710840821266185 -4.1568382584955535e-06 -1.1587501168251035 1.0000000180025095e-35 0.040944229811429984 -0.0051927925087511531 0.26878573000431066
decision_type=2 2 2 2 2 2 2 2 2 2 2 2 2 2
left_child=8 2 3 -2 6 9 12 -4 13 -6 -9 -7 -3 -1
right_child=1 4 7 -5 5 11 -8 10 -10 -11 -12 -13 -14 -15
leaf_value=-0.17542456965902192 1.4993391182780005 0.0034590425700300746 -0.18623838224330988 0.20494353105221549 0.00020780859226443278 0.93025104940134873 0.18185433032500919 0.13824020803516573 -0.17542456965902192 0.93409440567719915 -0.039446973194606445 -0.48960756263672561 -0.12692535820685699 0.23069533030298345
leaf_weight=7252.1091690659523 159.46554690599442 8312.7054288387299 2219.8657553792 261.86922341585159 118.87699925899506 608.75077605247498 4175.3265100717545 35228.179640173912 26733.731082201004 219.71630430221558 12077.175238728523 674.26734817028046 24150.432419002056 313.41962558031082
leaf_count=5315 46 9835 1048 68 26 167 4443 29328 34502 59 10536 159 27164 40
internal_value=-0.000856822 8.86192e-05 0.00048561 0.00753037 -0.000428115 0.00266118 -0.000566567 0.000424204 -0.00328974 0.00962634 0.000537443 0.000765812 -0.000792914 -0.00212517
internal_weight=122506 88206.6 49946.6 421.335 38260.1 1621.61 36638.5 49525.2 34299.3 338.593 47305.4 1283.02 32463.1 7565.53
internal_count=122736 82879 41026 114 41853 411 41442 40912 39857 85 39864 326 36999 5355
is_linear=0
shrinkage=0.0386495


Tree=34
num_leaves=15
num_cat=0
split_feature=7 16 25 2 25 37 19 52 47 9 25 26 29 31
split_gain=183.026 13.3103 13.9692 21.3518 11.7118 9.87063 8.55182 7.94584 10.6398 7.69995 5.25112 5.17304 20.1027 4.98483
threshold=1.0000000180025095e-35 -1.0988626480102537 -0.050800846889615052 -2.275836586952209 -4.1568382584955535e-06 0.31939291954040533 -0.063618440181016908 1.0000000180025095e-35 1.0000000180025095e-35 0.87371963262557995 0.0018718718201853337 0.52901870012283336 660.09707641601574 1038.5000000000002
decision_type=2 2 2 2 2 2 2 2 2 2 2 2 2 2
left_child=4 2 3 -2 -1 6 9 8 -4 -3 -6 -7 -13 -9
right_child=1 5 7 -5 10 11 -8 13 -10 -11 -12 12 -14 -15
leaf_value=-0.16864449019373884 1.4413903464093187 -0.0035291323023869557 -0.0045658463823552023 0.19702255721639186 -0.16864449019373884 0.090590682015332588 -0.11318947987378243 0.2290948860979386 0.22446846322307104 0.4997744677192833 18.026738075095988 0.43382300486978426 0.78487953489115547 0.84420900932845522
leaf_weight=9424.1661711335182 159.46554690599442 3728.7191355228424 32241.022299945354 261.86922341585159 26934.22892677784 6764.4172180294991 26332.586311459541 9090.8454765081406 5072.698287665844 1020.3864715099335 57.69842129945755 375.30196124315262 38.664687931537628 1003.820927798748
leaf_count=6450 46 4104 25743 68 34644 7041 29597 8345 4620 746 7 360 5 960
internal_value=-0.000869816 0.000101161 0.000531517 0.00753037 -0.00316674 -0.000435319 -0.000734655 0.000467778 0.000205675 0.000767788 -0.00357904 0.000852546 0.0050546 0.00143063
internal_weight=122506 86089.8 47829.7 421.335 36416.1 38260.1 31081.7 47408.4 37313.7 4749.11 26991.9 7178.38 413.967 10094.7
internal_count=122736 81635 39782 114 41101 41853 34447 39668 30363 4850 34651 7406 365 9305
is_linear=0
shrinkage=0.0386495


Tree=35
num_leaves=15
num_cat=0
split_feature=8 1 16 54 8 7 4 25 38 7 38 22 6 5
split_gain=196.56 16.148 10.165 7.85 7.39616 8.04196 7.26135 6.38646 5.87462 4.96588 4.59859 6.3605 4.46505 4.56406
threshold=1.0000000180025095e-35 -6.5569400787353507 -1.0988626480102537 0.29988396167755133 0.75780951976776134 1.0000000180025095e-35 -35.539758682250969 -2.6451473900124253e-08 0.12549185007810595 0.30997161567211157 1.04273396730423 0.43239240348339086 42.425176620483406 -23.3609504699707
decision_type=2 2 2 2 2 2 2 2 2 2 2 2 2 2
left_child=7 3 4 12 5 -3 9 -1 -8 -4 -5 -12 13 -2
right_child=1 2 6 10 -6 -7 8 -9 -10 -11 11 -13 -14 -15
leaf_value=-0.16212645770194931 0.79945378796827116 -0.31199094197496652 0.073130808299356864 -0.12344910445491467 0.66737141430507996 0.058386852090284033 -0.12339514595277881 -0.16212645770194931 -0.0033927329513713847 1.6265901985827498 0.5090554793964025 -0.25205487985753317 -0.023686151451127891 0.36724718977554993
leaf_weight=9902.5280925035477 883.77091300487518 2040.5857512950897 366.27338445186615 2764.2896450161934 543.79672318696976 40096.527787089348 21186.642754793167 24607.703667283058 13354.762510180473 218.81660282611847 437.67687541246414 289.86322194337845 1115.451891720295 5291.7934737205505
leaf_count=8439 555 1264 233 1932 59 34852 23269 31566 15808 117 443 165 680 3724
internal_value=-0.000866491 9.68169e-05 -9.67496e-05 0.0014987 0.000303115 0.00024375 -0.000584251 -0.00334091 -0.000658083 0.00366319 0 0.00272134 0.00222022 0.00262662
internal_weight=123100 88590.3 77807.4 10782.8 42680.9 42137.1 35126.5 34510.2 34541.4 585.09 3491.83 727.54 7291.02 6175.56
internal_count=123106 83101 75602 7499 36175 36116 39427 40005 39077 350 2540 608 4959 4279
is_linear=0
shrinkage=0.0386495


Tree=36
num_leaves=15
num_cat=0
split_feature=8 16 25 6 9 16 21 38 26 10 6 49 33 49
split_gain=194.005 12.1967 8.31593 15.1471 7.86312 10.5144 10.739 6.44704 6.42104 6.19258 13.2127 8.9898 5.95738 5.68794
threshold=1.0000000180025095e-35 -1.0988626480102537 -0.050800846889615052 -9.8151822090148908 0.87371963262557995 0.68788331747055065 2.5605055093765263 0.31754122674465185 -2.688099556280576e-07 0.1191803887486458 39.115680694580085 1.0000000180025095e-35 15.783333301544191 1.0000000180025095e-35
decision_type=2 2 2 2 2 2 2 2 2 2 2 2 2 2
left_child=8 2 3 -2 7 6 -6 -3 -1 11 -11 -4 -7 -9
right_child=1 4 9 -5 5 12 -8 13 -10 10 -12 -13 -14 -15
leaf_value=-0.15586034418785785 1.0800526305831468 -0.12035687924656285 0.11321230387435756 -0.06647160876007889 0.069343247842400965 0.35109285634877391 4.4713749262714071 0.08740959303940378 -0.15586034418785785 0.29822566943867279 -0.80928951631625845 -0.088033978925973019 -0.10606521732164997 -0.11978050528954456
leaf_weight=9290.8429318070412 126.32460600137711 22416.170160889626 33739.336427211761 270.6226407289505 390.1009566783905 1872.0197262167931 201.53105288743973 7931.7771155834198 25219.388827979565 4357.6631212234497 657.86193257570267 10988.851129591465 3039.1765580177307 2598.8161070346832
leaf_count=7605 49 25164 29716 62 93 1171 47 9475 32400 788 107 10442 2717 3270
internal_value=-0.000882637 7.43803e-05 0.000472053 0.00604105 -0.0004427 0.000905014 0.0057691 -0.000669598 -0.00334091 0.000426207 0.00171599 0.000280213 0.000305147 0.000114253
internal_weight=123100 88590.3 50140.7 396.947 38449.6 5502.83 591.632 32946.8 34510.2 49743.7 5015.53 44728.2 4911.2 10530.6
internal_count=123106 83101 41164 111 41937 4028 140 37909 40005 41053 895 40158 3888 12745
is_linear=0
shrinkage=0.0386495


Tree=37
num_leaves=15
num_cat=0
split_feature=8 1 16 8 33 7 26 33 38 29 49 14 16 12
split_gain=191.568 13.7797 9.48133 8.95918 14.0309 7.76463 6.42104 5.82626 5.78713 5.50986 3.93877 3.75151 6.40939 2.77097
threshold=1.0000000180025095e-35 -7.5455145835876456 -1.0988626480102537 0.75780951976776134 44.283332824707038 1.0000000180025095e-35 -2.688099556280576e-07 280.98333740234381 0.76837098598480236 292.30262756347662 1.0000000180025095e-35 0.56922850012779247 -3.2901258468627925 -0.55142045021057118
decision_type=2 2 2 2 2 2 2 2 2 2 2 2 2 2
left_child=6 7 3 5 -5 -3 13 11 9 -4 -10 -2 -13 -1
right_child=1 2 8 4 -6 -7 -8 -9 10 -11 -12 12 -14 -15
leaf_value=0.47927988215952561 0.20796893033277583 -0.30430823843496352 -0.10612192829301346 -0.72799702716421422 0.65603109688139705 0.052197986712187262 -0.14983641309807905 -0.14385466799497285 0.13096284164693156 0.45845288992556643 -0.087599553312495956 0.87228547679290191 0.36826353107758752 -0.14983641309807905
leaf_weight=125.65436804294586 4668.956322491169 2040.5857512950897 27576.730852425098 270.32483196258545 280.51958066225052 41016.128910660744 25219.388827979565 1537.9019021987915 5334.082672059536 934.24562054872513 1733.6785220503807 340.2449089884758 2856.8516592979431 9165.1885637640953
leaf_count=75 2847 1264 31212 29 31 35591 32400 1087 6313 277 2106 216 2128 7530
internal_value=-0.00089814 5.28386e-05 -0.000112607 0.000268484 0.00516169 0.000204299 -0.00334091 0.00145187 -0.000581315 -0.000827397 0.000403119 0.00187919 0.00291121 -0.00245221
internal_weight=123100 88590.3 79186.3 43607.6 550.844 43056.7 34510.2 9403.95 35578.7 28511 7067.76 7866.05 3197.1 9290.84
internal_count=123106 83101 76823 36915 60 36855 40005 6278 39908 31489 8419 5191 2344 7605
is_linear=0
shrinkage=0.0386495


Tree=38
num_leaves=15
num_cat=0
split_feature=7 16 12 26 37 1 15 3 26 16 3 13 23 12
split_gain=187.609 12.0803 10.0913 16.0826 7.7521 10.4709 8.4987 6.60421 6.29666 13.0206 9.32806 6.01368 5.79258 5.49601
threshold=1.0000000180025095e-35 -1.0988626480102537 -0.1879705414175987 0.0046596913598477849 0.23986398428678515 -18.913240432739254 16.283362388610843 -3.636085987091064 -0.042329447343945496 -1.9932655096054075 5.8985600471496591 1.4630439877510073 2.6333374977111821 -0.43336270749568934
decision_type=2 2 2 2 2 2 2 2 2 2 2 2 2 2
left_child=2 8 3 -1 7 6 -6 12 9 10 -2 13 -3 -10
right_child=1 4 -4 -5 5 -7 -8 -9 11 -11 -12 -13 -14 -15
leaf_value=-0.14550823456285336 0.12980746802353546 0.010130662105339265 -0.14404530419256711 0.88485311918520038 0.37301417786286284 0.046964536560664988 0.59835023820039024 -0.11393006088114664 0.3164858336260038 -0.080510097234255423 0.31781829911512993 -0.027894167503774211 1.3201644998435142 0.076845929649337258
leaf_weight=2452.6873635053635 81.69625449180603 6591.4623754620552 34126.600086808205 94.899797439575195 140.55238044261932 8495.3645476102829 104.23057848215103 22878.327481746674 7082.0674937963486 229.91619181632996 73.048550605773926 12942.563913762569 239.65431356430054 27567.411964893341
leaf_count=1604 33 7223 39668 10 101 9187 24 25335 6589 76 37 12277 67 20875
internal_value=-0.000909313 7.2925e-05 -0.00322551 -0.000847733 -0.000436693 0.00057129 0.00842925 -0.000735199 0.000482554 0.00540823 0.0140064 0.000441298 0.000312774 0.000707274
internal_weight=123100 86426.3 36674.2 2547.59 38449.6 8740.15 244.783 29709.4 47976.7 384.661 154.745 47592 6831.12 34649.5
internal_count=123106 81824 41282 1614 41937 9312 125 32625 39887 146 70 39741 7290 27464
is_linear=0
shrinkage=0.0386495


end of trees

feature_importances:
macd_line=36
price_std_14d=35
events_next_30d_major=34
bb_width=28
price_log=26
volume_mean_30d=26
distance_to_resistance=25
return_1d=23
return_60d=22
price_std_60d=22
macd_signal=22
return_3d=19
price_std_30d=19
volume_zscore_30d=19
price_std_7d=17
price_zscore_30d=14
vol_regime_60_30=13
item_type_sticker=11
item_volume_vs_market_30d=11
price_lag_1d=10
return_7d=10
return_14d=10
macd_histogram=10
bb_pct_b=9
events_next_30d_operation=9
events_next_30d_game_update=9
autocorr_7d=7
price_std_20d=6
volume_log_change_7d=6
distance_to_support=5
return_30d=4
price_accel_7d=4
events_next_30d_case_drop=4
volume_lag_7d=3
volume_std_30d=3
trend_divergence_30_60=2
rsi_14=2
volume_lag_1d=2
volume_std_60d=2
rsi_missing=2
macd_missing=2
log_return_7d=1
volume_price_conf_7d=1
dow_cos=1

parameters:
[boosting: gbdt]
[objective: quantile]
[metric: quantile]
[tree_learner: serial]
[device_type: cpu]
[data_sample_strategy: bagging]
[data: ]
[valid: ]
[num_iterations: 1000]
[learning_rate: 0.0386495]
[num_leaves: 15]
[num_threads: -1]
[seed: 13]
[deterministic: 0]
[force_col_wise: 0]
[force_row_wise: 0]
[histogram_pool_size: -1]
[max_depth: 5]
[min_data_in_leaf: 30]
[min_sum_hessian_in_leaf: 0.001]
[bagging_fraction: 0.7]
[pos_bagging_fraction: 1]
[neg_bagging_fraction: 1]
[bagging_freq: 5]
[bagging_seed: 16376]
[bagging_by_query: 0]
[feature_fraction: 0.75]
[feature_fraction_bynode: 1]
[feature_fraction_seed: 20348]
[extra_trees: 0]
[extra_seed: 30076]
[early_stopping_round: 0]
[early_stopping_min_delta: 0]
[first_metric_only: 0]
[max_delta_step: 0]
[lambda_l1: 1.5]
[lambda_l2: 2]
[linear_lambda: 0]
[min_gain_to_split: 0.1]
[drop_rate: 0.1]
[max_drop: 50]
[skip_drop: 0.5]
[xgboost_dart_mode: 0]
[uniform_drop: 0]
[drop_seed: 24096]
[top_rate: 0.2]
[other_rate: 0.1]
[min_data_per_group: 100]
[max_cat_threshold: 32]
[cat_l2: 10]
[cat_smooth: 10]
[max_cat_to_onehot: 4]
[top_k: 20]
[monotone_constraints: ]
[monotone_constraints_method: basic]
[monotone_penalty: 0]
[feature_contri: ]
[forcedsplits_filename: ]
[refit_decay_rate: 0.9]
[cegb_tradeoff: 1]
[cegb_penalty_split: 0]
[cegb_penalty_feature_lazy: ]
[cegb_penalty_feature_coupled: ]
[path_smooth: 0]
[interaction_constraints: ]
[verbosity: -1]
[saved_feature_importance_type: 0]
[use_quantized_grad: 0]
[num_grad_quant_bins: 4]
[quant_train_renew_leaf: 0]
[stochastic_rounding: 1]
[linear_tree: 0]
[max_bin: 63]
[max_bin_by_feature: ]
[min_data_in_bin: 3]
[bin_construct_sample_cnt: 200000]
[data_random_seed: 81]
[is_enable_sparse: 1]
[enable_bundle: 1]
[use_missing: 1]
[zero_as_missing: 0]
[feature_pre_filter: 0]
[pre_partition: 0]
[two_round: 0]
[header: 0]
[label_column: ]
[weight_column: ]
[group_column: ]
[ignore_column: ]
[categorical_feature: ]
[forcedbins_filename: ]
[precise_float_parser: 0]
[parser_config_file: ]
[objective_seed: 11872]
[num_class: 1]
[is_unbalance: 0]
[scale_pos_weight: 1]
[sigmoid: 1]
[boost_from_average: 1]
[reg_sqrt: 0]
[alpha: 0.9]
[fair_c: 1]
[poisson_max_delta_step: 0.7]
[tweedie_variance_power: 1.5]
[lambdarank_truncation_level: 30]
[lambdarank_norm: 1]
[label_gain: ]
[lambdarank_position_bias_regularization: 0]
[eval_at: ]
[multi_error_top_k: 1]
[auc_mu_weights: ]
[num_machines: 1]
[local_listen_port: 12400]
[time_out: 120]
[machine_list_filename: ]
[machines: ]
[gpu_platform_id: -1]
[gpu_device_id: -1]
[gpu_use_dp: 0]
[num_gpu: 1]

end of parameters

pandas_categorical:[]
