tree
version=v4
num_class=1
num_tree_per_iteration=1
label_index=0
max_feature_idx=19
objective=quantile
feature_names=event_decay_major event_density_30d_major event_density_90d_major event_decay_operation event_density_30d_operation event_density_90d_operation event_decay_case_drop event_density_30d_case_drop event_density_90d_case_drop event_decay_update event_density_30d_update event_density_90d_update event_decay_game_update event_density_30d_game_update event_density_90d_game_update event_decay_major_weighted event_decay_operation_weighted event_decay_case_drop_weighted event_decay_update_weighted event_decay_game_update_weighted
feature_infos=[0.031220927834510803:0.98347145318984985] [0:2] [0:3] [1.5229979055675358e-08:0.95349693298339844] [0:1] [0:1] [0:0.93106275796890259] [0:1] [0:3] none none none [0:0.86687791347503662] [0:2] [0:3] [0:0.98347145318984985] [0:0.95349693298339844] [0:0.93106275796890259] none [0:0.26006338000297546]
tree_sizes=1829 1901 1907 1916

Tree=0
num_leaves=16
num_cat=0
split_feature=0 3 0 17 13 0 15 16 3 15 15 16 12 3 0
split_gain=257.032 149.555 125.131 70.5251 118.053 102.328 93.1031 112.453 29.028 28.6503 27.8437 21.5823 10.6842 3.69207 2.86478
threshold=0.059310715645551688 0.27002508938312536 0.039757162332534797 1.0000000180025095e-35 1.5000000000000002 0.14588082581758502 0.05249301344156266 1.0000000180025095e-35 0.0059834124986082324 0.036201631650328643 1.0000000180025095e-35 0.22697485983371737 0.0015072760870680215 0.39522977173328405 0.71060970425605785
decision_type=2 2 2 2 2 2 2 2 2 2 2 2 2 2 2
left_child=1 2 10 6 5 -5 7 -2 -8 -4 -1 13 -13 -3 -6
right_child=3 11 9 4 14 -7 8 -9 -10 -11 -12 12 -14 -15 -16
leaf_value=-15.031313391421772 -13.99395424392582 -15.313459497821471 -16.117329680987478 -15.962238305122396 -17.375772284275705 -15.192040171367713 -15.48740893921973 -15.108488177281753 -15.007041637198656 -18.536844318465008 -17.154619724032209 -14.859134037018499 -15.928496271192147 -14.639293261920416 -17.216609552232676
leaf_weight=1957.2500132322311 38976.43423563242 1172.4162338972092 3988.5071009397507 8714.0945857167244 192.85923248529434 86949.258219659328 42457.688111007214 54953.536012351513 30228.847060799599 1836.5791906714439 982.95990884304047 158.8943122625351 468.81274843215942 3030.26236307621 838.70971989631653
leaf_count=2105 47293 1223 4507 7781 158 78323 45735 46786 36040 1616 963 158 419 3290 486
internal_value=-15.1898 -15.2004 -15.2065 -15.1893 -15.191 -15.1907 -15.1883 -15.1867 -15.1904 -15.2132 -15.1933 -15.1893 -15.2029 -15.1872 -15.2175
internal_weight=276907 13595.7 8765.3 263311 96694.9 95663.4 166617 93930 72686.5 5825.09 2940.21 4830.39 627.707 4202.68 1031.57
internal_count=276883 14281 9191 262602 86748 86104 175854 94079 81775 6123 3068 5090 577 4513 644
is_linear=0
shrinkage=1


Tree=1
num_leaves=16
num_cat=0
split_feature=0 3 0 19 19 12 19 19 0 3 6 12 3 3 3
split_gain=210.104 125.053 102.155 84.5302 66.379 46.2744 27.621 27.0562 25.943 131.024 34.3974 19.1748 7.25917 3.22606 1.8735
threshold=0.059310715645551688 0.27002508938312536 0.039757162332534797 1.0000000180025095e-35 5.6753237664963771e-09 0.0035517732612788682 0.00080072306445799779 0.00045218283776193863 0.52643263339996349 6.1887472838861881e-05 1.0000000180025095e-35 5.409343459272798e-11 0.00022386250930139798 0.39522977173328405 0.88801717758178722
decision_type=2 2 2 2 2 2 2 2 2 2 2 2 2 2 2
left_child=1 2 12 8 11 -6 -4 13 10 -10 -2 -5 -1 -3 -9
right_child=3 7 6 4 5 -7 -8 14 9 -11 -12 -13 -14 -15 -16
leaf_value=0.13502838849560209 0.46051776476624234 -0.10653979402134547 -1.5810462553167766 -0.018011920057503034 0.16687028797843043 -0.24954233094388736 -0.97307966152048586 -0.53140515334325944 -0.6577708510880691 0.29309350132278866 0.021258879130090582 -0.8361302893247653 -0.88039607179722179 0.47579763541681092 -0.80592404625405678
leaf_weight=1118.3313221335411 65170.946706950665 1186.3100143671036 5070.6338364481926 1922.2629010081291 38966.551222503185 58858.310967981815 754.45245516300201 219.69279271364212 8269.4451176524162 57992.42256706953 24763.470397770405 7368.0172966122627 1821.8785999417305 3182.2097851037979 242.1730654835701
leaf_count=1228 62448 1241 5425 1753 36300 51589 698 192 8214 67687 28083 6528 1840 3439 218
internal_value=8.42437e-05 -0.00945946 -0.0150647 0.000577185 -0.00112604 -0.000521599 -0.021104 0.000704337 0.00174546 0.000562597 0.00261652 -0.00748603 -0.00308487 0.00262876 -0.0173957
internal_weight=276907 13595.7 8765.3 263311 107115 97824.9 5825.09 4830.39 156196 66261.9 89934.4 9290.28 2940.21 4368.52 461.866
internal_count=276883 14281 9191 262602 96170 87889 6123 5090 166432 75901 90531 8281 3068 4680 410
is_linear=0
shrinkage=0.0787314


Tree=2
num_leaves=16
num_cat=0
split_feature=0 3 0 19 15 16 19 12 15 3 15 19 12 3 3
split_gain=163.562 98.0126 80.0967 71.6425 104.868 79.019 51.9349 38.5795 32.8872 25.1012 24.7303 22.6343 14.9348 2.98574 1.19323
threshold=0.059310715645551688 0.27002508938312536 0.039757162332534797 1.0000000180025095e-35 0.05249301344156266 1.0000000180025095e-35 5.6753237664963771e-09 0.0035517732612788682 0.036201631650328643 0.0059834124986082324 1.0000000180025095e-35 0.00045218283776193863 5.409343459272798e-11 0.39522977173328405 0.88801717758178722
decision_type=2 2 2 2 2 2 2 2 2 2 2 2 2 2 2
left_child=1 2 10 4 5 -2 12 -8 -4 -6 -1 13 -5 -3 -13
right_child=3 11 8 6 9 -7 7 -9 -10 -11 -12 14 -14 -15 -16
leaf_value=0.18261556540666377 1.0655058926058438 -0.098151770883130207 -0.73784581257436122 -0.016593817051073791 -0.27280475950739247 0.14940423811749962 0.15373236285382139 -0.22989552324025958 -2.9589811400883255 0.17225255240884677 -1.7407441147320055 -0.48956690160872912 -0.77030061246230064 0.43833743933097385 -0.74247254806298024
leaf_weight=1957.2500132322311 38976.43423563242 1186.3100143671036 3988.5071009397507 1922.2629010081291 42999.545549333096 43208.774977207184 38966.551222503185 58858.310967981815 1836.5791906714439 31011.530027270317 982.95990884304047 219.69279271364212 7368.0172966122627 3182.2097851037979 242.1730654835701
leaf_count=2105 47293 1241 4507 1753 46437 35648 36300 51589 1616 37054 963 192 6528 3439 218
internal_value=0.000158456 -0.00826205 -0.0132245 0.000593401 0.00166894 0.00360489 -0.000974589 -0.000439896 -0.0185722 -0.000480314 -0.00261492 0.00073518 -0.00660024 0.00249595 -0.0158185
internal_weight=276907 13595.7 8765.3 263311 156196 82185.2 107115 97824.9 5825.09 74011.1 2940.21 4830.39 9290.28 4368.52 461.866
internal_count=276883 14281 9191 262602 166432 82941 96170 87889 6123 83491 3068 5090 8281 4680 410
is_linear=0
shrinkage=0.0787314


Tree=3
num_leaves=16
num_cat=0
split_feature=0 4 15 19 19 15 16 19 12 12 19 16 0 2 12
split_gain=131.44 78.3573 72.0706 66.7327 61.6429 96.2522 76.1098 42.2253 32.1162 28.5855 22.3816 19.3975 12.2426 2.84715 0.3751
threshold=0.059310715645551688 1.0000000180025095e-35 0.036201631650328643 0.00080072306445799779 1.0000000180025095e-35 0.05249301344156266 1.0000000180025095e-35 5.6753237664963771e-09 0.0047263880260288724 0.0026690770173445348 0.00045218283776193863 1.3343175009339349e-08 0.08277477324008943 1.0000000180025095e-35 0.0020057506626471881
decision_type=2 2 2 2 2 2 2 2 2 2 2 2 2 2 2
left_child=1 2 3 -1 5 6 -2 12 -9 -4 13 -7 -6 -3 -12
right_child=4 10 9 -5 7 11 -8 8 -10 -11 14 -13 -14 -15 -16
leaf_value=-0.37583638289203058 0.98161716198475935 0.33997393144091698 -2.7260165234716407 -0.91482677638481313 -0.091359247622248077 -0.095280472276652997 0.13764143889502392 0.12942839259718616 -0.21894429056623355 -0.096074187123475499 -0.45102263243569496 0.66201252712486203 -0.74736867842797916 -1.1496613695388997 -0.68401667277384537
leaf_weight=5726.7155678272247 38976.43423563242 4252.3986058235168 1912.4236572980881 658.05253577232361 2498.7183153629303 71980.268000304699 43208.774977207184 41374.961005270481 56449.90118521452 284.36877799034119 219.69279271364212 2030.8075762987137 6791.5618822574615 203.45694905519485 338.5729848742485
leaf_count=6471 47293 4586 1552 607 2245 80950 35648 38425 49464 360 192 2541 6036 204 309
internal_value=0.000219588 -0.00732887 -0.0118976 -0.00765532 0.000609504 0.00160716 0.00346189 -0.000844922 -0.000362755 -0.024205 0.000483007 -0.000451889 -0.00591752 0.00235297 -0.0143606
internal_weight=276907 13595.7 8581.56 6384.77 263311 156196 82185.2 107115 97824.9 2196.79 5014.12 74011.1 9290.28 4455.86 558.266
internal_count=276883 14281 8990 7078 262602 166432 82941 96170 87889 1912 5291 83491 8281 4790 501
is_linear=0
shrinkage=0.0787314


end of trees

feature_importances:
event_decay_operation=12
event_decay_major=11
event_decay_game_update_weighted=11
event_decay_game_update=8
event_decay_major_weighted=8
event_decay_operation_weighted=5
event_density_90d_major=1
event_density_30d_operation=1
event_decay_case_drop=1
event_density_30d_game_update=1
event_decay_case_drop_weighted=1

parameters:
[boosting: gbdt]
[objective: quantile]
[metric: quantile]
[tree_learner: serial]
[device_type: cpu]
[data_sample_strategy: bagging]
[data: ]
[valid: ]
[num_iterations: 1000]
[learning_rate: 0.0787314]
[num_leaves: 23]
[num_threads: -1]
[seed: 128]
[deterministic: 0]
[force_col_wise: 0]
[force_row_wise: 0]
[histogram_pool_size: -1]
[max_depth: 4]
[min_data_in_leaf: 10]
[min_sum_hessian_in_leaf: 0.001]
[bagging_fraction: 0.7]
[pos_bagging_fraction: 1]
[neg_bagging_fraction: 1]
[bagging_freq: 5]
[bagging_seed: 7259]
[bagging_by_query: 0]
[feature_fraction: 0.85]
[feature_fraction_bynode: 1]
[feature_fraction_seed: 2349]
[extra_trees: 0]
[extra_seed: 22898]
[early_stopping_round: 0]
[early_stopping_min_delta: 0]
[first_metric_only: 0]
[max_delta_step: 0]
[lambda_l1: 0.5]
[lambda_l2: 0.5]
[linear_lambda: 0]
[min_gain_to_split: 0.1]
[drop_rate: 0.1]
[max_drop: 50]
[skip_drop: 0.5]
[xgboost_dart_mode: 0]
[uniform_drop: 0]
[drop_seed: 14092]
[top_rate: 0.2]
[other_rate: 0.1]
[min_data_per_group: 100]
[max_cat_threshold: 32]
[cat_l2: 10]
[cat_smooth: 10]
[max_cat_to_onehot: 4]
[top_k: 20]
[monotone_constraints: ]
[monotone_constraints_method: basic]
[monotone_penalty: 0]
[feature_contri: ]
[forcedsplits_filename: ]
[refit_decay_rate: 0.9]
[cegb_tradeoff: 1]
[cegb_penalty_split: 0]
[cegb_penalty_feature_lazy: ]
[cegb_penalty_feature_coupled: ]
[path_smooth: 0]
[interaction_constraints: ]
[verbosity: -1]
[saved_feature_importance_type: 0]
[use_quantized_grad: 0]
[num_grad_quant_bins: 4]
[quant_train_renew_leaf: 0]
[stochastic_rounding: 1]
[linear_tree: 0]
[max_bin: 63]
[max_bin_by_feature: ]
[min_data_in_bin: 3]
[bin_construct_sample_cnt: 200000]
[data_random_seed: 456]
[is_enable_sparse: 1]
[enable_bundle: 1]
[use_missing: 1]
[zero_as_missing: 0]
[feature_pre_filter: 0]
[pre_partition: 0]
[two_round: 0]
[header: 0]
[label_column: ]
[weight_column: ]
[group_column: ]
[ignore_column: ]
[categorical_feature: ]
[forcedbins_filename: ]
[precise_float_parser: 0]
[parser_config_file: ]
[objective_seed: 18400]
[num_class: 1]
[is_unbalance: 0]
[scale_pos_weight: 1]
[sigmoid: 1]
[boost_from_average: 1]
[reg_sqrt: 0]
[alpha: 0.1]
[fair_c: 1]
[poisson_max_delta_step: 0.7]
[tweedie_variance_power: 1.5]
[lambdarank_truncation_level: 30]
[lambdarank_norm: 1]
[label_gain: ]
[lambdarank_position_bias_regularization: 0]
[eval_at: ]
[multi_error_top_k: 1]
[auc_mu_weights: ]
[num_machines: 1]
[local_listen_port: 12400]
[time_out: 120]
[machine_list_filename: ]
[machines: ]
[gpu_platform_id: -1]
[gpu_device_id: -1]
[gpu_use_dp: 0]
[num_gpu: 1]

end of parameters

pandas_categorical:[]
