tree
version=v4
num_class=1
num_tree_per_iteration=1
label_index=0
max_feature_idx=42
objective=quantile
feature_names=price_lag_1d return_1d return_3d return_7d return_14d return_30d return_60d price_std_7d price_std_14d price_max_14d price_std_20d price_std_30d price_std_60d price_max_60d price_zscore_30d vol_regime_60_30 trend_divergence_30_60 price_accel_7d price_log price_tier log_return_1d log_return_7d autocorr_1d autocorr_7d bb_lower bb_pct_b bb_width rsi_14 macd_line macd_signal macd_histogram volume_missing volume_lag_1d volume_lag_7d volume_std_30d volume_std_60d volume_log_change_1d volume_log_change_7d volume_zscore_30d volume_price_conf_7d volume_price_conf_1d rsi_missing macd_missing
feature_infos=[0.029999999329447746:1224.47998046875] [-99.956832885742188:500] [-99.979118347167969:500] [-99.977058410644531:500] [-99.939308166503906:500] [-99.939308166503906:500] [-99.987953186035156:500] [0:350.64962768554688] [0:247.95817565917969] [0.029999999329447746:1241.4320068359375] [0:236.20703125] [0:236.20703125] [0:236.20703125] [0.029999999329447746:1241.4320068359375] [-4.96368408203125:5.2946515083312988] [0.70131605863571167:13161.775390625] [-466.173583984375:1784251284455424] [-599.97705078125:599.6595458984375] [-3.5065579414367676:6.7972259521484375] [0:4] [-7.7478847503662109:7.7478847503662109] [-8.3800830841064453:7.4071354866027832] [-49978.41796875:250000] [-49988.53125:250000] [-100.31544494628906:495.62811279296875] [-0.54432862997055054:1.5621323585510254] [0.0082756318151950836:17.794893264770508] [0:99.986900329589844] [-45.645408630371094:59.685207366943359] [-43.834243774414062:30.516359329223633] [-13.310965538024902:34.396476745605469] none [1:418610] [1:436437] [0:112122.078125] [0:112122.078125] [-6.6120409965515137:7.2534704208374023] [-6.7405195236206055:7.2534704208374023] [-4.7212743759155273:5.2904767990112305] [-99.977058410644531:500] [-99.892494201660156:500] [0:1] [0:1]
tree_sizes=4937 4936 4990 4957 5058 4978 5003 5069 5012 5005 5063 5041 5116 5052 4948 5052 5027

Tree=0
num_leaves=55
num_cat=0
split_feature=0 3 7 38 25 33 40 3 18 14 38 18 12 18 38 40 26 34 38 14 33 14 14 18 12 36 25 42 28 35 40 25 0 25 30 14 37 6 0 33 4 34 25 28 3 25 12 35 33 6 33 34 28 26
split_gain=13144.3 342.995 185.542 171.184 129.399 94.1994 82.2931 66.4875 51.1538 43.8905 36.2328 33.4305 32.3571 27.1333 24.57 24.0461 22.2002 21.3869 20.6269 19.8945 19.6996 19.6821 17.7594 16.3271 15.7604 14.9904 11.1458 10.8562 10.0953 9.06125 8.95294 8.65471 7.96018 7.42357 7.16455 6.70907 6.67421 6.5723 6.12788 6.55162 6.08273 5.64829 5.44733 5.26478 4.03605 3.79828 3.70358 3.47586 5.00517 3.45906 3.28437 2.94494 2.91097 2.81011
threshold=0.03024999983608723 16.809561729431156 1.0000000180025095e-35 -0.11661124229431151 0.44178433716297155 57.500000000000007 6.0814177989959726 56.017240524291999 -3.498293280601501 -0.42416670918464655 1.0000000180025095e-35 -3.498293280601501 1.0000000180025095e-35 -2.7295365333557124 0.77599388360977184 1.8190537095069887 0.34942208230495458 55.104843139648445 -0.77515381574630726 -1.2747872471809385 287.50000000000006 -0.57654550671577443 -0.42416670918464655 -3.498293280601501 0.037586010992527015 0.26081463694572454 0.39022751152515417 1.0000000180025095e-35 -5.3935609685140655e-05 53.928722381591804 13.341940879821779 1.2163895368576052 0.47325000166893011 0.44178433716297155 -0.0013429426471702752 -0.18257800489664075 -0.35138106346130366 43.184442520141609 0.11324999853968622 596.50000000000011 33.667001724243171 261.20214843750006 1.2163895368576052 -0.00022811874805483964 25.004378318786625 0.34179896116256719 0.004002197179943324 48.650415420532234 247.50000000000003 -3.6910763978958125 494.50000000000006 2366.6411132812505 -0.011341861914843319 2.0388765335083012
decision_type=2 2 2 2 2 2 2 2 2 2 2 2 2 2 2 2 2 2 2 2 2 2 2 2 2 2 2 2 2 2 2 2 2 2 2 2 2 2 2 2 2 2 2 2 2 2 2 2 2 2 2 2 2 2
left_child=2 3 12 4 5 11 8 10 22 41 29 21 -1 23 15 -10 18 30 -15 -13 24 -2 -5 -6 -7 -16 34 -18 -11 31 40 33 44 -3 -8 -14 -31 -25 -28 -40 -12 45 53 -22 -19 47 -44 49 -49 -4 -38 -34 -36 -9
right_child=1 7 9 6 13 20 26 42 14 28 17 19 35 16 25 -17 27 32 -20 -21 43 -23 -24 37 -26 -27 38 -29 -30 36 -32 -33 51 -35 52 -37 50 -39 39 -41 -42 -43 46 -45 -46 -47 -48 48 -50 -51 -52 -53 -54 -55
leaf_value=0 0.31001339525257882 0.024040922187075937 0.31001339525257882 0 0 0.025550556411760721 0.14156497078919392 -0.78189221491749961 0.028269496199061966 0 -0.084742144328813093 0.15647785738618128 0 -0.054212186706423929 0.065295072129315554 -0.016273781855778824 -0.12762129368366415 0.051668902904410882 -0.020690575438550497 0.058671923485049841 -0.035770777867770685 0 0 -0.089426940511822997 -0.032015249077313575 0.032405582930505557 -0.16412474388051501 -1.2707045886507795 0 -0.33215721395073872 -0.59522574194579325 -0.79059506623417619 0.074579333836656991 -0.37372453677879491 0.21923486766375178 0 -0.23162260869787346 -0.209024192065875 -0.11298960522817737 0.28216507816868186 -0.33819644932690218 0 0.14544245734120423 0 -0.15318309502761024 0 -2.2764582859086313 0 0 0 -0.038116400873891766 0.61677113179540854 -0.11772660705518802 -2.1137276807932914
leaf_weight=80000 233 148 151 301 327 8915 372 949 37627 2083 1618 3029 5961 13485 15214 5592 7229 595 17212 10088 8502 457 460 4392 8708 11751 1593 310 4099 1053 551 300 468 2947 50 10918 1228 398 2322 104 557 230 15.999999999999998 2908 625 667 725 320 142 245 409 81 267 578
leaf_count=80000 233 148 151 301 327 8915 372 949 37627 2083 1618 3029 5961 13485 15214 5592 7229 595 17212 10088 8502 457 460 4392 8708 11751 1593 310 4099 1053 551 300 468 2947 50 10918 1228 398 2322 104 557 230 16 2908 625 667 725 320 142 245 409 81 267 578
internal_value=-0.00902504 -0.0012133 -0.0220437 -0.000632108 -0.00204932 -0.000234461 0.000981322 -0.00852697 0.00137745 -0.0151706 -0.00696179 0.002925 -0.0226058 -0.00384053 0.00150867 0.00081826 -0.00341014 -0.00376009 -0.00284867 0.00345464 -0.00174021 -0.00700392 -0.010595 -0.00703777 -0.000758608 0.00261176 -0.00496772 -0.00568361 -0.0170288 -0.0093111 -0.00634467 -0.010963 0.000170818 -0.0101627 0.000370937 -0.0206965 -0.00719005 -0.00631934 -0.00590603 -0.00435028 -0.00492701 -0.0085693 -0.0157842 -0.00324807 -0.00186694 -0.00742264 -0.0194098 -0.00514583 -0.00794305 -0.00164194 -0.00521106 0.004866 -0.00461359 -0.0139582
internal_weight=279510 174694 104816 161846 86193 42840 75653 12848 70945 7937 10580 13807 96879 43353 70184 43219 38236 4495 30697 13117 29033 690 761 5117 17623 26965 4708 7539 6182 6085 2726 3395 1769 3095 689 16879 2690 4790 4019 2426 2175 1755 2268 11410 1220 1525 741 858 462 396 1637 549 317 1527
internal_count=279510 174694 104816 161846 86193 42840 75653 12848 70945 7937 10580 13807 96879 43353 70184 43219 38236 4495 30697 13117 29033 690 761 5117 17623 26965 4708 7539 6182 6085 2726 3395 1769 3095 689 16879 2690 4790 4019 2426 2175 1755 2268 11410 1220 1525 741 858 462 396 1637 549 317 1527
is_linear=0
shrinkage=0.046502


Tree=1
num_leaves=55
num_cat=0
split_feature=0 1 7 4 1 18 2 27 25 25 25 11 1 25 17 26 30 1 4 30 28 4 34 17 34 30 33 30 6 6 25 1 6 7 2 34 36 42 18 22 27 36 34 25 8 34 7 28 28 26 15 33 26 33
split_gain=13884.1 420.31 185.542 107.982 118.073 96.7235 71.0198 53.2347 45.137 43.1019 39.2362 33.5747 32.3792 26.9838 25.4603 23.5101 17.259 16.3488 16.1504 13.3895 12.984 11.6743 11.4675 10.5269 10.4184 13.4277 9.58346 10.7092 7.85958 7.22123 6.27484 6.00769 5.62436 5.58332 5.17014 5.0973 5.03041 4.94356 4.84709 4.67147 4.61711 4.46958 4.34979 3.91988 3.83339 3.62582 3.34453 3.28253 3.26258 2.88573 2.83855 3.86237 2.71017 2.67245
threshold=0.03024999983608723 8.6490583419799822 1.0000000180025095e-35 17.902720451354984 -2.7225788831710811 -3.498293280601501 25.17511081695557 25.845614433288578 0.4004888534545899 0.35497514903545385 0.37937483191490179 1.0000000180025095e-35 4.7283394336700448 0.4097497314214707 0.55238524079322826 0.47434468567371374 -0.018952758051455017 18.545414924621586 -3.124750971794128 0.021724384278059009 -5.3935609685140655e-05 -1.0000000180025095e-35 61.958923339843757 70.667591094970717 58.389596939086921 -3.0917382900952355e-05 7130.0000000000009 0.0022948903497308497 12.43206310272217 -1.0000000180025095e-35 0.44178433716297155 13.23684883117676 -5.5240588188171378 0.0069230461958795795 10.41838312149048 44.982992172241218 1.0000000180025095e-35 1.0000000180025095e-35 -1.0491083264350889 -5.6087677478790274 63.231445312500007 0.57067659497261058 2366.6411132812505 0.31515267491340643 0.13124074041843417 261.20214843750006 0.083279076963663115 -1.3004667120952716e-08 0.012984360568225385 0.30676151812076574 1.6636810302734377 247.50000000000003 0.34942208230495458 162.50000000000003
decision_type=2 2 2 2 2 2 2 2 2 2 2 2 2 2 2 2 2 2 2 2 2 2 2 2 2 2 2 2 2 2 2 2 2 2 2 2 2 2 2 2 2 2 2 2 2 2 2 2 2 2 2 2 2 2
left_child=2 3 11 4 5 9 13 21 -9 32 29 47 14 37 16 22 -6 -8 33 -16 -12 -7 38 26 25 34 27 -17 -24 35 -11 -27 -2 -14 -15 -4 -20 43 -5 -22 -26 -19 -30 44 -3 52 -28 -1 -42 -40 51 -37 -31 -13
right_child=1 6 10 15 12 7 17 8 -10 30 20 53 18 24 19 23 -18 41 36 -21 39 -23 28 -25 40 31 46 -29 42 45 -32 -33 -34 -35 -36 50 -38 -39 49 -41 48 -43 -44 -45 -46 -47 -48 -49 -50 -51 -52 -53 -54 -55
leaf_value=0 0.2180938058537909 0.058256471685338186 0.13559024009407691 -0.032845334141434486 0.023372890630550258 -0.029761645008344967 -0.41715093590810343 0.11441202253526604 0.030114848021785504 0 0 0 -0.080175878656026073 -0.11702740340739326 0.0073406338629915845 -0.14351266044345892 -0.010615087967213315 -1.450589537278379 -0.11206507659855272 -0.025711953457494687 -0.29063756497863219 -0.59803573725671488 -0.079312358730292354 -0.88552243170777112 -0.22978982053808375 -0.25477375690051735 0.29320575008380428 -0.25645899444750991 0.029662418839485203 0 0 -0.48177685339293874 0 0.022387087237288262 -0.33723429597274751 0 -0.068618240879289902 -0.68068144871576175 -0.044995381964007791 0 -0.147883375748735 -1.0422363272575648 0.28913064022429052 -0.059541368251271175 0.37875328017265969 0 -0.3410900934949303 0 0.10139473995974099 -0.13801243767510846 0 0.15500669762628941 0 0
leaf_weight=16162 319 338 279 1471 5594 2869 722 20021 12736 992 2265 6729 1109 1127 44820 2740 46280 1938 3502 4318 289 467 842 447 1351 1927 165 3649 1578 360 390 1736 370 2088 511 104 3854 145 777 3792 431 448 129 598 109 157 54 70304 214 1518 116 85 490 3684
leaf_count=16162 319 338 279 1471 5594 2869 722 20021 12736 992 2265 6729 1109 1127 44820 2740 46280 1938 3502 4318 289 467 842 447 1351 1927 165 3649 1578 360 390 1736 370 2088 511 104 3854 145 777 3792 431 448 129 598 109 157 54 70304 214 1518 116 85 490 3684
internal_value=-0.00866369 -0.00063513 -0.0220437 -2.63731e-05 0.000330605 0.00256365 -0.00918972 0.00312625 0.00369731 -0.00719474 -0.0151706 -0.0226058 -0.000432444 -0.0069664 -0.000175397 -0.00403095 -0.00089464 -0.0152289 -0.00288393 0.000582003 -0.0168232 -0.00245298 -0.00194755 -0.00588237 -0.00802594 -0.00912673 -0.00539011 -0.00572405 0.000428632 -0.00851733 -0.0119408 -0.0107195 0.0021919 -9.45311e-05 -0.00550588 -0.00413705 -0.0040835 -0.000390609 -0.0035804 -0.0184629 -0.00505431 -0.0171277 0.00227404 0.000644935 0.00400073 -0.010962 0.0039193 -0.0229142 -0.00162091 -0.0049328 -0.00829578 -0.00404899 -0.00951364 -0.0200347
internal_weight=279510 174694 104816 163099 149729 38164 11595 36093 32757 2071 7937 96879 111565 8487 101012 13370 51874 3108 10553 49138 6346 3336 6315 7055 7297 5301 6608 6389 2549 1591 1382 3663 689 3197 1638 584 7356 1190 3766 4081 1996 2386 1707 1045 447 1007 219 86466 645 2295 305 189 850 10413
internal_count=279510 174694 104816 163099 149729 38164 11595 36093 32757 2071 7937 96879 111565 8487 101012 13370 51874 3108 10553 49138 6346 3336 6315 7055 7297 5301 6608 6389 2549 1591 1382 3663 689 3197 1638 584 7356 1190 3766 4081 1996 2386 1707 1045 447 1007 219 86466 645 2295 305 189 850 10413
is_linear=0
shrinkage=0.046502


Tree=2
num_leaves=55
num_cat=0
split_feature=0 20 7 38 20 2 4 4 14 20 18 20 20 11 34 14 38 20 14 38 18 8 33 4 33 2 20 38 26 28 14 33 25 33 30 35 30 2 34 14 38 8 29 14 33 28 28 30 29 30 4 2 33 13
split_gain=13938.1 397.134 188.211 119.774 97.4865 69.2912 64.4305 52.3862 43.1741 38.7366 36.5922 41.7439 36.3615 33.5747 30.2688 28.0553 27.5719 24.6488 24.3219 20.5187 19.7519 21.9755 17.3353 16.529 16.4514 16.3641 15.5664 14.4146 12.3362 9.55186 9.29957 8.90881 7.9176 7.31758 6.87658 6.66944 7.20384 5.87667 5.64829 5.52724 4.94483 4.57645 4.3923 4.25798 4.1212 3.85803 3.28253 3.14556 3.32241 3.09789 3.0344 2.85468 2.72486 3.03918
threshold=0.03024999983608723 0.082952857017517104 1.0000000180025095e-35 -0.32456924021244044 -0.027603277936577793 25.17511081695557 23.334477424621586 -1.0000000180025095e-35 -0.42416670918464655 -0.079820346087217317 -3.498293280601501 -0.016976947896182534 -0.032858971506357186 1.0000000180025095e-35 25.630150794982914 -0.051575109362602227 0.77599388360977184 0.032228799536824233 -0.42416670918464655 0.37140361964702612 -3.498293280601501 0.0078455209732055681 143.50000000000003 16.13197231292725 7130.0000000000009 -2.1504275798797603 0.29355445504188543 -1.0068378448486326 0.50669118762016307 -5.3935609685140655e-05 0.27621090412139898 94.500000000000014 0.31515267491340643 2313.5000000000005 0.011630811728537084 38.655868530273445 0.0011077883536927404 25.17511081695557 261.20214843750006 -0.57654550671577443 -0.35189700126647944 0.0016182761173695328 0.014644119422882797 -0.14429374784231183 173.50000000000003 0.010533315129578115 -1.3004667120952716e-08 -8.4535109635908143e-05 0.014644119422882797 -0.0075052233878523103 -7.6689171791076651 -3.4645206928253169 389.50000000000006 0.10649999976158143
decision_type=2 2 2 2 2 2 2 2 2 2 2 2 2 2 2 2 2 2 2 2 2 2 2 2 2 2 2 2 2 2 2 2 2 2 2 2 2 2 2 2 2 2 2 2 2 2 2 2 2 2 2 2 2 2
left_child=2 3 13 4 7 15 10 9 38 25 11 18 14 46 -12 32 -14 23 -5 35 39 -22 -11 27 28 -2 40 -6 -8 -10 50 -32 49 42 -25 36 -17 -30 41 -9 -7 52 -21 -28 -42 -26 -1 48 -34 -3 -19 -43 53 -4
right_child=1 5 8 6 17 26 24 20 29 22 12 -13 16 -15 -16 19 -18 30 -20 33 21 -23 -24 34 45 -27 43 -29 37 -31 31 -33 47 -35 -36 -37 -38 -39 -40 -41 44 51 -44 -45 -46 -47 -48 -49 -50 -51 -52 -53 -54 -55
leaf_value=0 0.29807770808832701 0.20669408913897008 0 0 -0.046754720176449487 -0.76065681801798979 -0.034142681433000331 0.0016634130843008672 0 0.068804557932074795 0.12177321188117761 0.00049362293101197702 0.0038171782852009068 0 0.049620361969322964 -0.29520619597124126 0.041264222627675727 -0.044410884433092754 0 -0.18193410725168233 0.047562275843329109 -0.055061728319062045 -0.0038316156159864468 -0.097312046611670991 -0.43769479027310215 0.061016809120664053 -1.0862470758256244 -0.017736355877397077 -0.21369857699100825 0 -0.16030501793740573 -0.083664993653001646 -0.066632259700432808 0.50968982234332993 -0.20640052970816075 -0.27719195102123717 -0.44677132093825894 -0.69808163616023566 0 0 -0.58897747367542796 0 -0.0025451628298040355 -1.7866904393938521 -0.16623483929183469 0.48485499934693105 0 -0.21120195241022671 -0.34302346428197689 -0.00056585721931150842 -0.090504790268727681 0 0 0.13428523274264487
leaf_weight=16162 2806 174 346 390 13114 623 1791 97 2083 4683 8052 106 46675 10413 8756 1141 22659 1387 631 1627 2158 5462 3094 2435 29 895 69 25879 2445 4099 2433 2255 1037 49 974 1640 1286 507 230 575 764 407 324 1455 197 191 70304 760 135 314 2620 687 57 28
leaf_count=16162 2806 174 346 390 13114 623 1791 97 2083 4683 8052 106 46675 10413 8756 1141 22659 1387 631 1627 2158 5462 3094 2435 29 895 69 25879 2445 4099 2433 2255 1037 49 974 1640 1286 507 230 575 764 407 324 1455 197 191 70304 760 135 314 2620 687 57 28
internal_value=-0.00863374 -0.000589612 -0.0220397 9.979e-07 -0.00143606 -0.00890498 0.00110618 0.00133364 -0.0151179 0.00337062 0.00140008 -0.00690828 0.00150989 -0.0226058 0.00345269 -0.00670889 0.00103756 -0.0025095 -0.00985579 -0.0084037 -0.00147483 -0.000787187 0.00149177 -0.00204312 -0.00404263 0.00729283 -0.0148699 -0.00176797 -0.00463206 -0.0169611 -0.00477293 -0.00619895 -0.00242068 -0.00446308 -0.00516234 -0.0103179 -0.011944 -0.00648902 -0.0085693 -0.00912753 -0.0114751 -0.00742264 -0.00494449 -0.0183324 -0.00911662 0.00822485 -0.0229142 -0.00377791 -0.00214167 0.00276061 -0.00308079 -0.00565077 -0.0116929 -0.0131621
internal_weight=279510 174694 104816 163099 70867 11595 92232 19770 7937 11478 87269 1127 86142 96879 16808 8487 69334 51097 1021 6067 8292 7620 7777 42402 4963 3701 3108 38993 4743 6182 8695 4688 2420 2000 3409 4067 2427 2952 1755 672 1584 1525 1951 1524 961 220 86466 1932 1172 488 4007 1094 431 374
internal_count=279510 174694 104816 163099 70867 11595 92232 19770 7937 11478 87269 1127 86142 96879 16808 8487 69334 51097 1021 6067 8292 7620 7777 42402 4963 3701 3108 38993 4743 6182 8695 4688 2420 2000 3409 4067 2427 2952 1755 672 1584 1525 1951 1524 961 220 86466 1932 1172 488 4007 1094 431 374
is_linear=0
shrinkage=0.046502


Tree=3
num_leaves=55
num_cat=0
split_feature=0 1 7 38 14 1 2 4 14 26 23 24 11 14 1 5 4 35 1 27 34 9 38 34 1 5 11 2 4 34 11 17 29 35 30 35 26 30 29 8 34 38 14 10 8 35 4 15 30 29 38 2 2 15
split_gain=13986.2 379.417 188.211 107.433 93.9563 75.8023 66.1921 50.1253 43.1741 41.9792 39.8496 35.4072 33.5747 26.6107 25.1956 21.5949 20.8789 20.6909 20.1004 23.454 21.6413 19.0842 18.5735 18.3042 16.0052 14.2222 14.1965 13.6208 11.0138 10.3449 9.47566 8.73928 8.40027 7.50229 7.24871 7.09038 6.69846 5.85264 5.7814 6.1316 5.64829 5.43822 5.44574 5.26961 4.57645 4.15753 4.06461 3.39982 3.11955 2.93956 2.9312 2.85788 2.85468 2.68165
threshold=0.03024999983608723 8.6490583419799822 1.0000000180025095e-35 1.0000000180025095e-35 0.18056201934814456 -4.7693531513214102 25.17511081695557 -1.0000000180025095e-35 -0.42416670918464655 0.31958146393299108 -1.0000000180025095e-35 0.029605124145746235 1.0000000180025095e-35 -0.10006615892052649 4.286015748977662 -1.0000000180025095e-35 23.334477424621586 13.20586156845093 -2.4791339635848995 22.824982643127445 261.20214843750006 0.03024999983608723 0.69905886054039013 12.291128635406496 18.545414924621586 1.0000000180025095e-35 0.051800867542624481 18.148090362548832 -3.5372321605682369 2366.6411132812505 0.022341861389577392 70.667591094970717 -7.7999833592912169e-05 42.345102310180671 -8.4535109635908143e-05 17.470601081848148 0.50669118762016307 0.0019215283100493254 0.014644119422882797 0.93394401669502269 261.20214843750006 1.0628355741500857 0.47980126738548284 0.006210930412635208 0.0016182761173695328 10.804215431213381 -3.9982237815856929 1.48016893863678 0.033466346561908729 -7.282502068051143e-08 -0.07993921265006064 -6.8956840038299552 -3.4645206928253169 5.572324514389039
decision_type=2 2 2 2 2 2 2 2 2 2 2 2 2 2 2 2 2 2 2 2 2 2 2 2 2 2 2 2 2 2 2 2 2 2 2 2 2 2 2 2 2 2 2 2 2 2 2 2 2 2 2 2 2 2
left_child=2 3 12 4 5 7 13 23 40 14 -9 15 49 34 26 35 18 28 19 -13 -20 -19 33 -2 -8 45 -6 30 -7 36 -11 -27 -10 37 46 43 -18 -15 47 -40 44 42 -26 -5 53 -17 51 -24 -16 -1 -35 -3 -46 -4
right_child=1 6 8 11 9 17 24 10 32 27 -12 16 -14 22 48 25 29 21 20 -21 -22 -23 38 -25 41 31 -28 -29 -30 -31 -32 -33 -34 50 -36 -37 -38 -39 39 -41 -42 -43 -44 -45 52 -47 -48 -49 -50 -51 -52 -53 -54 -55
leaf_value=0 0.26674873365684276 0.25643912580325529 0 0 -0.0079806058643265322 0.063950092150575066 -0.36801725981102434 0.078084273500013901 0 -0.088088632029302213 0 -0.087026679509214888 0 -0.29025407215309174 -0.10346016280460647 0 -0.0049714099489813523 0.00047066847234206719 0.018691081891305559 0.084737379333124738 0.072361403466317795 -0.014803337709444479 -0.1885860655445688 0.11600818361897185 -1.1209981492181205 -0.019272124781927108 -0.036415668624183557 -0.47969240534417723 -0.0011461179692745817 0.38739715650616852 -0.14741644335926915 -0.83279139080608833 0 -0.28318800660505827 -0.21782436972985866 0 -0.16068289304270597 -0.41105835623886483 0.17729666973510066 -0.44202039071095084 0 -0.81040616917233455 -1.4141663671870546 0.24456040805159629 0 0 -0.13915751294430423 -0.048042995492011437 -0.15713143285354803 0 -0.13789042250525452 0.0012802432134327948 0 0.13590132619381251
leaf_weight=15032 2008 243 407 71 15422 3299 722 2193 1784 3362 1548 1090 10413 1632 2846 93 1318 77 43827 12879 3615 39357 925 6710 416 1337 8045 1100 2987 164 5829 162 4398 1184 783 827 1420 1250 201 41 230 461 1509 500 407 745 486 428 268 71434 559 755 687 24
leaf_count=15032 2008 243 407 71 15422 3299 722 2193 1784 3362 1548 1090 10413 1632 2846 93 1318 77 43827 12879 3615 39357 925 6710 416 1337 8045 1100 2987 164 5829 162 4398 1184 783 827 1420 1250 201 41 230 461 1509 500 407 745 486 428 268 71434 559 755 687 24
internal_value=-0.00861062 -0.000552611 -0.0220397 2.46624e-05 -0.000984575 0.000177841 -0.0086804 0.00339448 -0.0151179 -0.00282121 -0.00108751 0.00143575 -0.0226058 -0.00653357 -0.00183951 -0.00295656 0.0016923 -0.000696709 0.00187526 0.00343035 0.00141537 -0.00109314 -0.00811103 0.00532838 -0.0145108 -0.0056996 -0.00131278 -0.00534763 0.00177531 -0.00214686 -0.00474304 -0.00289959 -0.0169611 -0.00961608 -0.0021636 0.00156281 -0.00285278 -0.0111314 -0.00368693 0.00268465 -0.0085693 -0.0163873 -0.0175696 0.00557373 -0.00742264 -0.0105926 -0.00018795 -0.00489585 -0.00577822 -0.0229142 -0.00705465 0.00144373 -0.00565077 -0.0116929
internal_weight=279510 174694 104816 163099 95051 58179 11595 12459 7937 36872 3741 68048 96879 8487 26581 3735 64313 45720 61411 13969 47442 39434 6220 8718 3108 2337 23467 10291 6286 2902 9191 1499 6182 4625 2267 1398 2738 2882 1595 242 1755 2386 1925 571 1525 838 1484 1353 3114 86466 1743 998 1094 431
internal_count=279510 174694 104816 163099 95051 58179 11595 12459 7937 36872 3741 68048 96879 8487 26581 3735 64313 45720 61411 13969 47442 39434 6220 8718 3108 2337 23467 10291 6286 2902 9191 1499 6182 4625 2267 1398 2738 2882 1595 242 1755 2386 1925 571 1525 838 1484 1353 3114 86466 1743 998 1094 431
is_linear=0
shrinkage=0.046502


Tree=4
num_leaves=55
num_cat=0
split_feature=18 1 7 14 1 38 1 14 9 34 38 3 26 11 1 1 1 14 24 32 34 1 38 30 15 7 14 26 34 1 32 26 18 14 25 32 25 25 25 34 38 1 14 26 34 1 28 30 37 26 14 18 9 24
split_gain=13575 481.063 360.35 105.476 97.3696 84.6529 78.1986 75.5545 51.6565 45.541 44.4699 39.8768 34.2674 33.5747 32.2526 30.4287 51.6507 29.5191 28.8306 28.8499 27.6944 27.5263 20.7884 18.2795 17.5699 16.9102 16.5162 15.1133 13.8876 13.7113 12.5043 11.3794 11.2432 10.6338 9.47556 9.13469 8.1973 7.67761 7.67326 7.64901 7.07711 6.59013 6.47308 5.49935 5.43968 5.20361 5.17325 4.65118 4.62528 4.46217 4.27206 4.25118 4.19979 3.89764
threshold=-3.498293280601501 8.6490583419799822 1.0000000180025095e-35 -0.19681309908628461 -4.7693531513214102 -0.041539140045642846 18.545414924621586 -0.42416670918464655 0.03024999983608723 12.291128635406496 -0.54435962438583363 20.003839492797855 0.88965594768524181 1.0000000180025095e-35 3.0122694969177251 -1.0000000180025095e-35 -4.7693531513214102 -0.19681309908628461 0.029605124145746235 1098.5000000000002 29.569021224975589 -1.0000000180025095e-35 -0.11661124229431151 -0.0010696228710003195 0.87975308299064647 0.00437593529932201 -0.051575109362602227 0.34942208230495458 13.234511852264406 34.118625640869148 313.50000000000006 1.3827978968620303 -1.0044393539428709 1.1520437598228457 0.4004888534545899 64.500000000000014 1.0376678705215456 0.44409830868244177 0.4097497314214707 120.24778366088869 1.1852917671203616 -11.053619384765623 1.0296435952186587 0.50669118762016307 261.20214843750006 -4.7693531513214102 -0.00022811874805483964 0.011630811728537084 0.035115342587232597 0.22310502082109454 -0.66186919808387745 0.52900928258895885 0.036249998956918723 0.12090423330664636
decision_type=2 2 2 2 2 2 2 2 2 2 2 2 2 2 2 2 2 2 2 2 2 2 2 2 2 2 2 2 2 2 2 2 2 2 2 2 2 2 2 2 2 2 2 2 2 2 2 2 2 2 2 2 2 2
left_child=2 3 13 4 9 11 22 21 -9 34 28 14 30 -1 25 16 -10 51 42 27 23 45 26 -12 -14 -5 -3 -20 37 40 -11 -22 -30 -21 41 -16 -31 -6 -24 52 -19 -2 -7 47 -23 50 -17 -13 -18 -28 -4 -8 -40 -41
right_child=1 6 7 5 10 18 17 8 15 12 20 43 24 -15 35 46 48 29 19 33 31 44 38 -25 -26 -27 49 -29 32 36 -32 -33 -34 -35 -36 -37 -38 -39 39 53 -42 -43 -44 -45 -46 -47 -48 -49 -50 -51 -52 -53 -54 -55
leaf_value=0 0.49136059132430548 -0.14685756900274077 0.13775950661546141 0.0018166895442225022 0.036280618113490086 -0.070561029992961613 -0.29223320131600405 0.00044878144214787342 0 0.1295449046054685 0.062528916806954243 -0.0835707808468618 0.1149166978192567 0 -0.13657409301722354 0 0.00068838496406868892 -0.64672812318887107 0.014457318557208951 0.03344065448905055 0.0036701971847897148 0 0.048424809302005371 0.018118831011495723 -0.29161978714435072 -0.030625364184883305 -0.31651004222053902 -0.039833094197862032 -0.013900869186664005 -1.372986764956541 0.037746842849385648 -0.16030327329114569 -0.0464799289259425 0.14451887901803448 0.12183538302377153 -0.066598480382065353 -1.9914570335032735 -0.074664594594038111 -0.42274554502821288 -0.087242809198731591 -0.28630164895994004 0.18615687416872556 -0.29063756497863219 -0.41819572218995299 0 0.0020067841004888479 0 -0.23621856342404096 0.00047066847234206719 -0.32726021126489718 0 0.18257626513555442 -0.15182334093468325 0.17812087478482624
leaf_weight=86466 1305 1083 427 7368 2940 1147 502 77 1005 7664 11124 792 556 10413 3450 1144 145 1818 25641 1310 22858 1346 503 8357 1133 28187 674 5706 8983 1092 2129 665 8023 1550 812 4843 1323 475 102 393 378 1743 619 1942 206 232 3119 321 93 2077 234 78 2726 211
leaf_count=86466 1305 1083 427 7368 2940 1147 502 77 1005 7664 11124 792 556 10413 3450 1144 145 1818 25641 1310 22858 1346 503 8357 1133 28187 674 5706 8983 1092 2129 665 8023 1550 812 4843 1323 475 102 393 378 1743 619 1942 206 232 3119 321 93 2077 234 78 2726 211
internal_value=-0.00859897 -0.00065477 -0.02182 3.58165e-05 0.00125483 -0.00112164 -0.00927493 -0.0123256 -0.0153202 0.00457973 0.00044907 -0.00242358 0.00309811 -0.0226058 -0.0020627 -0.0158596 -0.00929292 -0.0137092 0.000573301 0.00087478 0.00129868 -0.00544789 -0.00629942 0.00259584 -0.00298637 -0.00144978 -0.00875589 0.000463574 -0.00133553 -0.0149595 0.0041571 0.000220417 -0.00188124 0.00534842 0.00896192 -0.00467908 -0.0174707 0.00135469 -0.00388157 -0.00467391 -0.0121521 0.0101745 -0.00521223 -0.00757151 -0.00919557 0.000962828 -0.0177511 -0.00478175 0.00994383 -0.0106896 -0.00101932 -0.00360481 -0.00568842 0
internal_weight=279510 174603 104907 161643 78767 82876 12960 8028 5583 15342 63425 46903 11482 96879 43848 5506 1243 5191 35973 34207 43004 2445 7769 19481 1689 35555 3834 31347 20421 4611 9793 23523 17006 2860 3860 8293 2415 3415 3935 3432 2196 3048 1766 3055 1552 893 4263 1113 238 2751 661 580 2828 604
internal_count=279510 174603 104907 161643 78767 82876 12960 8028 5583 15342 63425 46903 11482 96879 43848 5506 1243 5191 35973 34207 43004 2445 7769 19481 1689 35555 3834 31347 20421 4611 9793 23523 17006 2860 3860 8293 2415 3415 3935 3432 2196 3048 1766 3055 1552 893 4263 1113 238 2751 661 580 2828 604
is_linear=0
shrinkage=0.046502


Tree=5
num_leaves=55
num_cat=0
split_feature=0 1 9 2 4 1 18 14 33 14 1 14 25 1 10 18 39 14 17 22 0 32 28 35 14 32 34 32 25 5 30 30 16 25 14 13 39 29 1 2 14 25 4 1 15 13 9 32 32 17 39 10 5 16
split_gain=13954.9 319.125 205.698 93.6335 84.5882 68.1457 64.4079 48.9178 46.4974 58.0974 39.4748 33.8374 33.6526 28.939 25.3024 22.5659 22.8545 22.8499 19.9576 18.3975 14.7323 13.3903 12.5262 11.9624 10.8572 10.3942 9.87741 8.5882 8.1296 7.48473 6.67403 6.40133 5.58177 5.38932 5.21545 5.20536 4.96811 4.95809 4.67917 4.50226 4.48594 4.42184 4.39037 4.36983 3.48239 3.14706 3.12671 3.0275 3.00677 2.65166 2.51739 2.46548 2.36728 2.33567
threshold=0.03024999983608723 5.8317196369171151 0.03024999983608723 45.193710327148445 20.206720352172855 -2.7225788831710811 -3.498293280601501 -0.42416670918464655 60.500000000000007 -0.24165572971105573 -4.7693531513214102 -0.19681309908628461 0.35497514903545385 13.23684883117676 0.013828079681843521 -3.498293280601501 0.46466369926929479 -0.19681309908628461 28.779239654541019 -3.0603169202804561 0.14724999666213992 7103.5000000000009 -1.3004667120952716e-08 51.125766754150398 -0.61914086341857899 90.500000000000014 42.812992095947273 57.500000000000007 0.7426966428756715 -2.5861384868621822 -0.0013429426471702752 0.011630811728537084 0.21081006526947024 0.37937483191490179 1.2810520529747011 1.5489999651908877 9.4251565933227557 0.011837614234536888 1.592522978782654 45.193710327148445 1.9664790034294131 0.43386942148208624 -1.857265770435333 3.2753771543502812 0.72286230325698864 1.0354999899864199 0.85275000333786022 30.500000000000004 127.50000000000001 0.55238524079322826 -1.6595618724822996 0.015911555849015716 12.454751968383791 -0.10094181820750235
decision_type=2 2 2 2 2 2 2 2 2 2 2 2 2 2 2 2 2 2 2 2 2 2 2 2 2 2 2 2 2 2 2 2 2 2 2 2 2 2 2 2 2 2 2 2 2 2 2 2 2 2 2 2 2 2
left_child=2 4 22 11 5 6 10 23 9 -8 12 30 -2 25 -10 -7 17 -17 21 40 -18 27 -1 24 32 34 28 41 -15 -21 33 -29 -4 46 -13 52 -27 -28 45 -20 -9 -6 -12 -26 -31 51 -3 50 -5 -49 -32 -25 -23 -46
right_child=1 3 7 48 18 15 8 19 14 -11 42 13 -14 26 -16 16 20 -19 39 29 -22 35 -24 38 43 36 37 31 -30 44 47 -33 -34 -35 -36 -37 -38 -39 -40 -41 -42 -43 -44 -45 53 -47 -48 49 -50 -51 -52 -53 -54 -55
leaf_value=0 0.13187603718955035 0.02291064810685365 0.31001339525257882 -1.6959613451526856 0.1564307354674595 0.0004279122028593204 0.15710959940944838 -0.14365551632980117 0.070747174416107991 0.0068551349677845926 0.00065637367931271656 -0.12737144434560255 0 -0.34748740890673385 -0.0054144112890803673 0.0016622658042066156 -0.0033749163649600951 -0.020209726637184216 -0.31258781442053701 0 0.024521420782561691 -0.090237930831490967 0 0 0 -0.08760026846251763 -0.31385595423171614 -0.042244788628194252 -0.52779520470632479 0 0.16411585716423094 -0.10917910226136664 0 -0.07826270329181878 -0.2017396508909684 -0.27261489822996499 -0.021894982204905485 0.021934596294388042 -0.076403473295428126 -1.0551397487150564 -0.64524066853371664 -0.1940163699724799 0.00065637367931271656 0.074160681043525412 -0.28070446449780023 1.0724827206460623 0.17219566383736892 -0.20617826632692163 -1.0755022611053517 -0.086406387776036597 -0.067780340056786875 0 0.24364171993753725 0
leaf_weight=22058 503 669 77 1261 141 136 9992 371 10202 4877 153 3176 1165 1061 11372 45517 5219 38434 1311 828 17544 22 70493 1097 539 2943 1134 4037 1691 4141 120 1462 420 716 2040 31 1115 208 107 260 96 2386 240 43 88 17 376 638 405 998 444 155 225 4435
leaf_count=22058 503 669 77 1261 141 136 9992 371 10202 4877 153 3176 1165 1061 11372 45517 5219 38434 1311 828 17544 22 70493 1097 539 2943 1134 4037 1691 4141 120 1462 420 716 2040 31 1115 208 107 260 96 2386 240 43 88 17 376 638 405 998 444 155 225 4435
internal_value=-0.00859762 -0.000527411 -0.0219918 -0.00621683 0.000168208 0.000451729 0.00212918 -0.0163428 0.00258327 0.00458625 -0.00585364 -0.00519641 -0.00900219 -0.00631691 0.00119841 -0.000151887 -0.000176919 -0.000532036 -0.00399544 -0.0178057 0.00112866 -0.00306859 -0.0227484 -0.0103685 -0.00652622 -0.00485853 -0.00959682 -0.00342399 -0.0112348 -0.0182579 -0.00139101 -0.00236336 -0.00126186 0.000699576 -0.006249 0.0068459 -0.00304781 -0.00616563 -0.0133104 -0.00883287 -0.00840518 -0.00569431 0.00726779 -0.0108571 -0.0186931 -0.0141209 0.00286885 -0.00310647 -0.0167703 -0.00412025 0 -0.0144054 0.0093004 -0.0175944
internal_weight=279189 174224 104965 18995 155229 145354 38504 12414 36443 14869 2061 17329 1668 13368 21574 106850 106714 83951 9875 9959 22763 8304 92551 2455 1079 9274 4094 8026 2752 9492 3961 5499 497 1761 5216 278 4058 1342 1376 1571 467 2527 393 582 8664 1269 1045 2200 1666 1636 564 1252 247 4523
internal_count=279189 174224 104965 18995 155229 145354 38504 12414 36443 14869 2061 17329 1668 13368 21574 106850 106714 83951 9875 9959 22763 8304 92551 2455 1079 9274 4094 8026 2752 9492 3961 5499 497 1761 5216 278 4058 1342 1376 1571 467 2527 393 582 8664 1269 1045 2200 1666 1636 564 1252 247 4523
is_linear=0
shrinkage=0.046502


Tree=6
num_leaves=55
num_cat=0
split_feature=0 1 7 2 38 25 1 14 4 38 26 13 14 18 1 18 38 36 1 24 30 1 5 38 14 6 1 2 14 2 26 30 32 36 1 5 24 1 34 32 38 26 14 37 26 32 26 6 30 2 6 1 25 4
split_gain=13953.2 296.474 213.455 89.4046 84.4137 65.0656 59.559 44.1932 38.8821 35.1791 33.246 29.3445 26.2129 26.0232 37.2705 24.2157 21.7792 21.7348 20.2448 19.607 18.5382 16.1586 15.7599 15.3525 15.3315 14.8915 13.8438 12.0507 11.3475 10.8332 10.7683 9.25691 8.82387 8.75073 8.41806 8.28585 8.17544 8.03106 7.10921 7.08474 7.00374 6.64926 6.40166 6.21742 7.17873 5.07865 5.70252 5.05636 4.89312 4.83908 4.66678 4.24949 13.0854 4.64428
threshold=0.03024999983608723 5.8317196369171151 1.0000000180025095e-35 45.193710327148445 -0.2700898796319961 0.44178433716297155 -4.3008320331573477 -0.42416670918464655 23.334477424621586 -0.041539140045642846 0.29491575062274938 0.03024999983608723 -0.19681309908628461 -3.498293280601501 -4.7693531513214102 -3.498293280601501 0.77599388360977184 -0.66365501284599293 -2.9854844808578487 0.047074776142835624 0.011630811728537084 2.1167180538177495 -9.0897955894470197 1.0000000180025095e-35 -0.66186919808387745 -27.865723609924313 13.23684883117676 6.0617263317108163 -0.39026075601577753 18.148090362548832 0.4481616616249085 -3.0917382900952355e-05 7103.5000000000009 -0.018682946451008316 1.592522978782654 -2.5861384868621822 0.55118155479431163 18.545414924621586 52.205606460571296 231.50000000000003 1.6935247778892519 0.27396221458911901 -0.18257800489664075 0.65280544757843029 0.88965594768524181 90.500000000000014 0.17886149883270266 22.356758117675785 0.0089599983766675013 25.17511081695557 14.783777713775637 1.592522978782654 0.92190834879875194 16.13197231292725
decision_type=2 2 2 2 2 2 2 2 2 2 2 2 2 2 2 2 2 2 2 2 2 2 2 2 2 2 2 2 2 2 2 2 2 2 2 2 2 2 2 2 2 2 2 2 2 2 2 2 2 2 2 2 2 2
left_child=2 4 11 9 5 6 15 34 13 12 21 -1 -3 14 28 24 18 -17 -15 47 29 33 -21 -16 -2 -18 40 48 -6 -12 50 36 49 -7 45 -9 -28 -29 -33 -23 41 -11 -13 -5 -45 46 -4 -8 -14 -32 -10 -37 53 -53
right_child=1 3 7 43 8 10 19 35 30 26 20 42 27 16 23 17 25 -19 -20 22 -22 39 -24 -25 -26 -27 31 37 -30 -31 32 38 -34 -35 -36 51 -38 -39 -40 -41 -42 -43 -44 44 -46 -47 -48 -49 -50 -51 -52 52 -54 -55
leaf_value=0 0.28092841179260164 -0.084430157428914618 0 -1.6082604365443558 0 -0.00019887833726427284 0.0055887291248466961 0 -0.085703143752635103 -0.084347345552685041 -0.073901221320117338 0 -0.12088777334797036 0.063716958400087439 0.00040801342515313236 0.26937880662808189 -0.012061948068094186 0.079344824113078874 0.0048660992398924276 -0.046789524573598036 -0.19067785943501839 -0.07500464271865398 -0.0027061086043365852 -5.2409725853635937e-05 0 0.051770147937658627 -0.15296685327453141 -0.24885219915236198 0 -0.49312028293609045 -0.14273429287144279 -0.37492594222263775 0.4251427276694843 -0.030959434830886187 0.0033822435618743145 0 0.21786551591189038 -0.65817137668207071 -0.12422425500550295 -0.02391573605128882 0.033793493706807343 -0.025726624324897619 0 -0.091415669927250337 -1.3920255946364337 0 0 -0.11412016933454873 -0.24667349820378792 -0.58955201893939979 0.058545266763808647 -0.14365551632980117 -0.74495931913621349 -1.251728889058134
leaf_weight=80111 253 2106 138 1283 290 13329 2286 619 340 2409 8249 5921 2316 11278 152 1731 2350 7161 40406 9603 2324 4131 13932 125 525 23950 540 3323 440 645 2497 1054 143 5867 216 3897 146 993 485 1851 1161 2448 10970 134 249 607 773 226 348 413 732 578 884 251
leaf_count=80111 253 2106 138 1283 290 13329 2286 619 340 2409 8249 5921 2316 11278 152 1731 2350 7161 40406 9603 2324 4131 13932 125 525 23950 540 3323 440 645 2497 1054 143 5867 216 3897 146 993 485 1851 1161 2448 10970 134 249 607 773 226 348 413 732 578 884 251
internal_value=-0.00859712 -0.000527411 -0.0219905 -0.0060112 0.000143044 -0.00102047 0.000387327 -0.0146364 0.00115365 -0.00501394 -0.00240454 -0.0225932 -0.00701637 0.00138432 -0.00602334 0.0035055 0.0014812 0.00419917 0.000924021 -0.000766777 -0.00451403 -0.00146089 -0.00118648 0.00829495 -0.00430076 0.00257259 -0.00279514 -0.00839374 -0.0115857 -0.00352902 -0.00324066 -0.00594465 -0.00465249 -0.000796977 -0.00796258 -0.0164786 -0.00128702 -0.00994356 -0.00795926 -0.00357558 -0.00161484 -0.0023981 -0.0207699 -0.0163238 -0.0104887 -0.00918709 -0.00675975 0.0031279 -0.00584657 -0.00522459 0.000693736 -0.0170741 -0.0148041 -0.0103431
internal_weight=279189 174224 104965 18995 155229 72113 35717 7963 83116 17329 36396 97002 9086 78991 1007 9670 77984 8892 51684 26047 11218 25178 23535 277 778 26300 8243 6980 730 8894 4125 2225 3053 19196 1734 6229 686 4316 1539 5982 6018 4857 16891 1666 383 1518 911 2512 2664 2910 1072 5610 1713 829
internal_count=279189 174224 104965 18995 155229 72113 35717 7963 83116 17329 36396 97002 9086 78991 1007 9670 77984 8892 51684 26047 11218 25178 23535 277 778 26300 8243 6980 730 8894 4125 2225 3053 19196 1734 6229 686 4316 1539 5982 6018 4857 16891 1666 383 1518 911 2512 2664 2910 1072 5610 1713 829
is_linear=0
shrinkage=0.046502


Tree=7
num_leaves=55
num_cat=0
split_feature=0 20 7 14 33 2 26 14 20 18 20 12 27 20 21 14 20 30 33 9 6 13 4 20 22 6 20 7 2 37 33 14 8 18 37 5 5 14 2 37 26 30 35 14 6 5 14 35 12 26 2 33 33 35
split_gain=14018.4 283.365 215.039 85.2302 77.046 63.441 63.0957 43.7979 36.8488 35.5431 34.2087 29.3445 26.6632 25.3725 24.3662 23.8411 22.0039 18.3156 16.5901 16.1952 15.7441 15.0918 15.027 14.5382 13.9322 13.7714 13.4162 11.3213 11.1183 9.20081 9.02271 10.7337 10.3964 8.41806 8.11785 7.82572 6.5271 6.40166 5.66881 5.39883 8.34454 5.31828 5.7005 5.16521 4.93648 4.65708 4.60304 3.96223 5.41853 3.95035 4.75996 3.64726 3.53937 3.4509
threshold=0.03024999983608723 0.082952857017517104 1.0000000180025095e-35 -0.14429374784231183 85.500000000000014 45.193710327148445 0.34942208230495458 -0.42416670918464655 -0.015265094116330145 -3.498293280601501 0.024968574754893783 1.0000000180025095e-35 25.845614433288578 -0.094967782497405992 0.28877939283847814 -0.19681309908628461 -0.048868374899029725 -0.00084575996152125288 118.50000000000001 0.03024999983608723 -14.988941192626951 0.70324999094009411 -2.2563246488571163 -0.030309574678540226 -3.0603169202804561 28.736372947692875 0.17012594640254977 0.0026737255975604062 -0.79970932006835926 0.20586760342121127 2313.5000000000005 0.47980126738548284 0.13124074041843417 -3.498293280601501 0.11317259073257448 21.096520423889164 -2.5861384868621822 -0.18257800489664075 45.193710327148445 0.47666022181510931 0.88965594768524181 0.0002715534064918757 42.345102310180671 -0.75089904665946949 -27.865723609924313 -7.5706706047058097 1.9664790034294131 56.735368728637702 0.0015773377381265166 1.0654745697975161 -3.7852963209152217 454.50000000000006 54.500000000000007 56.735368728637702
decision_type=2 2 2 2 2 2 2 2 2 2 2 2 2 2 2 2 2 2 2 2 2 2 2 2 2 2 2 2 2 2 2 2 2 2 2 2 2 2 2 2 2 2 2 2 2 2 2 2 2 2 2 2 2 2
left_child=2 3 11 4 8 15 10 33 9 16 20 -1 21 -11 30 43 -2 35 34 -14 45 28 -23 -21 46 -22 29 -20 -6 51 31 -8 -32 47 -12 -10 -26 -13 53 -7 -41 -28 -43 49 -19 -5 -9 48 -4 50 -3 -17 -31 -16
right_child=1 5 7 6 12 39 14 24 17 13 18 37 19 -15 38 26 -18 44 27 23 25 22 -24 -25 36 -27 41 -29 -30 52 32 -33 -34 -35 -36 -37 -38 -39 -40 40 -42 42 -44 -45 -46 -47 -48 -49 -50 -51 -52 -53 -54 -55
leaf_value=0 0 0.28148468221438999 0 -0.093709259348407722 -0.038077015132410769 -1.5549691701254045 -0.036412876276296295 -0.13336471584507628 0.040355117657578474 0.25958308793721147 -0.080565297013429488 0 0.00038903998061471669 0.070570838543817779 -0.40942673432251775 -0.22668472152614735 0.00061700179367663727 -0.052948884784648667 -0.074178286832668611 0.037141150415977181 0.0088890388262199832 -0.059846739093912457 -0.79997630292085342 -0.0021647721395716296 0 -0.026399013466326025 -0.34109387708912248 0.006710472396753017 0.048095228120064608 -0.15623042649974425 0.14672798871562515 -0.10998931866565366 -0.21444710266836747 0.0032249624365962657 -0.037688836082135795 -0.1454341630217543 0 0 -0.98753361044230703 -0.16679083613692763 -1.4899687486685309 -0.6430926287227029 -0.41385472740942247 -0.1104538212809517 -0.00094527989399058559 -0.024872235366012699 -0.57676444290607587 0 0 -0.27293130675363142 0.014293228507288558 -0.080437933343987258 -0.033582461011397613 -0.23559165626505171
leaf_weight=80111 1147 184 156 936 3043 1159 5924 371 10052 4710 4944 5921 75 12824 771 3101 271 1355 1844 9779 35236 3599 462 29429 532 5876 771 5497 1201 1118 471 9464 113 216 3433 238 5230 10970 312 166 291 1067 489 1415 5607 3217 96 746 616 117 298 369 941 908
leaf_count=80111 1147 184 156 936 3043 1159 5924 371 10052 4710 4944 5921 75 12824 771 3101 271 1355 1844 9779 35236 3599 462 29429 532 5876 771 5497 1201 1118 471 9464 113 216 3433 238 5230 10970 312 166 291 1067 489 1415 5607 3217 96 746 616 117 298 369 941 908
internal_value=-0.00856364 -0.000475097 -0.0219883 2.2574e-05 0.0010561 -0.00753408 -0.00107322 -0.0146072 0.00267289 0.00409016 -0.00035801 -0.0225932 -0.000171982 0.00466492 -0.00349603 -0.00611986 -0.00295043 0.0011105 -0.00222769 0.000332043 0.00028919 -0.00256711 -0.00459696 0.000288203 -0.0164412 0.000566677 -0.00728027 -0.000598575 -0.000602571 -0.00599199 -0.00288227 -0.00310044 0.00270499 -0.00796258 -0.00364411 0.00235888 -0.0170837 -0.0207699 -0.00837106 -0.0161096 -0.0112316 -0.0102994 -0.0119504 -0.0015466 -0.000721324 -0.0024351 -0.00830571 -0.00918709 -0.00656145 0.00197798 0.00395147 -0.00747677 -0.00344334 -0.00718504
internal_weight=279189 174224 104965 162738 83792 11486 78946 7963 36204 18952 60983 97002 47588 17534 17963 9870 1418 17252 15718 39283 45265 8305 4061 39208 6229 41112 7856 7341 4244 5529 15972 15388 584 1734 8377 10290 5762 16891 1991 1616 457 2327 1556 2014 6962 4153 467 1518 772 599 482 3470 2059 1679
internal_count=279189 174224 104965 162738 83792 11486 78946 7963 36204 18952 60983 97002 47588 17534 17963 9870 1418 17252 15718 39283 45265 8305 4061 39208 6229 41112 7856 7341 4244 5529 15972 15388 584 1734 8377 10290 5762 16891 1991 1616 457 2327 1556 2014 6962 4153 467 1518 772 599 482 3470 2059 1679
is_linear=0
shrinkage=0.046502


Tree=8
num_leaves=55
num_cat=0
split_feature=0 1 7 2 3 1 5 5 14 37 11 33 14 1 18 5 25 17 22 26 37 0 17 1 34 1 25 15 15 14 28 33 37 26 30 28 18 28 35 11 14 18 26 0 30 37 40 5 25 17 14 37 36 5
split_gain=14032.2 266.323 215.675 85.37 73.8457 52.049 63.466 43.6567 43.6403 38.0354 30.1955 29.2761 26.9756 24.9527 21.7046 20.5576 18.6904 17.2556 14.6399 10.5245 10.063 9.17628 11.852 9.23082 8.50053 8.41806 8.34085 7.6613 7.62899 7.35656 7.34975 6.2695 6.12873 7.22869 5.77349 5.67787 4.64857 4.31751 3.96223 5.29181 3.94373 3.78348 3.19404 3.1429 3.04419 3.00131 2.86093 2.91657 2.8042 2.58703 2.53774 2.5294 2.47634 2.43921
threshold=0.03024999983608723 5.8317196369171151 1.0000000180025095e-35 45.193710327148445 25.004378318786625 -4.3008320331573477 -1.0000000180025095e-35 1.0000000180025095e-35 -0.42416670918464655 0.02021121792495251 1.0000000180025095e-35 48.500000000000007 -0.19681309908628461 13.23684883117676 -3.498293280601501 17.587073326110843 0.4004888534545899 -0.30564224720001215 -3.0603169202804561 0.40280085802078253 0.096236117184162154 0.078250002115964903 1.0233092308044436 -1.3463482260704038 42.812992095947273 1.592522978782654 0.8226948380470277 2.4605462551116948 1.0156294703483584 -0.19681309908628461 -5.3935609685140655e-05 126.50000000000001 0.47666022181510931 0.88965594768524181 -8.4535109635908143e-05 -0.0056561818346381179 -2.1265354156494136 -1.3004667120952716e-08 56.735368728637702 0.0011719910544343295 2.2553086280822758 -0.28734885156154627 1.3827978968620303 56.814001083374031 0.0013351524248719218 -0.46833366155624384 1.653205990791321 11.396534919738771 0.36752617359161383 6.4866442680358896 0.58270448446273815 -0.38601441681385035 0.63921222090721141 29.490133285522464
decision_type=2 2 2 2 2 2 2 2 2 2 2 2 2 2 2 2 2 2 2 2 2 2 2 2 2 2 2 2 2 2 2 2 2 2 2 2 2 2 2 2 2 2 2 2 2 2 2 2 2 2 2 2 2 2
left_child=2 4 10 12 5 6 11 19 25 14 37 16 34 20 29 -9 -2 -16 40 -8 31 23 -23 -11 26 38 -15 -13 42 -7 46 -14 50 -34 41 -30 -22 -1 39 -4 -10 52 53 -43 49 -26 -20 -48 -41 -36 -5 -46 -3 -6
right_child=1 3 8 32 28 9 7 15 18 21 -12 27 13 24 17 -17 -18 -19 30 -21 36 22 -24 -25 45 -27 -28 -29 35 -31 -32 -33 33 -35 44 -37 -38 -39 -40 48 -42 43 -44 -45 51 -47 47 -49 -50 -51 -52 -53 -54 -55
leaf_value=0 0.24635760180522698 -0.065374754668826654 0 -1.2515529611020551 -0.31182769296522461 0.00033727201996171724 0 0.06383233292206586 -0.12716298844231144 0.048053085095717901 0 0.074337514660567969 -0.16298538354225955 -0.31623925483987358 -0.025093541894414633 -0.043855821917100239 0.052678897454179342 -0.0022035971085653124 0 -0.0017271381627847551 -0.13069530056301626 0.0058875261204188994 0.027996407422264676 -0.0070846633293526048 -0.43777222994541826 0.0030749951998410821 -0.47373921053446705 -0.0088102432558815787 0.10812546673593565 0.00037094883939148542 0 -0.076697407731345674 -0.1658883119236621 -1.3786347300611066 -0.25131342267109941 -0.19914344321610936 -0.03091633277123047 0 0 0 -0.6567368433193862 0.11583883887306438 -0.75966087026469553 -0.20250967116160226 -0.32655469195594694 -0.17864877392775463 -0.13044356553049824 -0.91798065303679066 0 -0.082395708779292684 -1.5551070081112199 0.021409118023615135 0.095110267742635882 -0.24228884055371283
leaf_weight=16150 4442 1664 62 269 528 223 1040 6004 390 2160 10416 7201 3333 1297 31856 3397 1511 36236 1693 1899 1388 27997 21703 4799 262 216 1455 1308 165 111 3841 2017 169 307 505 1083 2536 70436 746 511 77 515 523 47 94 1080 145 83 199 411 921 377 348 1043
leaf_count=16150 4442 1664 62 269 528 223 1040 6004 390 2160 10416 7201 3333 1297 31856 3397 1511 36236 1693 1899 1388 27997 21703 4799 262 216 1455 1308 165 111 3841 2017 169 307 505 1083 2536 70436 746 511 77 515 523 47 94 1080 145 83 199 411 921 377 348 1043
internal_value=-0.00855614 -0.00046362 -0.0219874 -0.00566112 0.000171803 0.000322847 0.00218261 -0.000260009 -0.0145956 -7.491e-05 -0.0225932 0.0042732 -0.00468656 -0.00568731 -0.00081347 0.0012786 0.00678374 -0.000872777 -0.0164263 -0.00521259 -0.00433207 0.000815393 0.00103763 -0.000758385 -0.00873368 -0.00796258 -0.0102549 0.00250557 -0.00666401 0.0109825 -0.0170837 -0.00565794 -0.0157379 -0.010735 -0.00128536 -0.00365014 -0.00250017 -0.0228862 -0.00918709 -0.00656145 -0.00810677 0 -0.00841454 0.00338948 -0.0037034 -0.00554214 -0.0144842 -0.00854742 -0.00523598 -0.00527682 -0.0176555 -0.000443816 -0.000924264 -0.00720537
internal_weight=279189 174224 104965 18995 155229 151887 26802 12340 7963 125085 97002 14462 17329 13368 68426 9401 5953 68092 6229 2939 9274 56659 49700 6959 4094 1734 2752 8509 3342 334 5762 5350 1666 476 3961 1248 3924 86586 1518 772 467 2574 2094 562 1387 1342 1921 228 710 916 1190 471 2012 1571
internal_count=279189 174224 104965 18995 155229 151887 26802 12340 7963 125085 97002 14462 17329 13368 68426 9401 5953 68092 6229 2939 9274 56659 49700 6959 4094 1734 2752 8509 3342 334 5762 5350 1666 476 3961 1248 3924 86586 1518 772 467 2574 2094 562 1387 1342 1921 228 710 916 1190 471 2012 1571
is_linear=0
shrinkage=0.046502


Tree=9
num_leaves=55
num_cat=0
split_feature=0 1 8 38 1 1 25 3 25 3 4 35 22 1 17 38 36 12 6 1 26 12 25 1 25 8 25 0 35 0 24 35 6 15 38 35 37 6 15 4 38 24 25 35 24 8 4 1 3 38 0 17 26 24
split_gain=14106.9 252.427 208.379 81.1271 79.488 58.5757 44.6522 35.0756 34.8598 34.466 26.1819 23.914 21.0949 20.6721 23.07 18.9585 18.1841 17.4839 17.7246 16.4174 14.2329 12.3761 12.1421 12.0133 11.8043 10.9036 10.8191 10.4526 10.3723 9.68895 8.82674 8.69234 8.05829 7.7846 7.70393 7.70443 7.66331 5.49383 5.47276 5.39107 5.30987 5.27993 5.26306 4.98773 4.15673 4.05658 3.86908 3.74457 6.85415 3.56141 3.32738 3.31852 3.29155 3.03416
threshold=0.03024999983608723 8.6490583419799822 1.0000000180025095e-35 -0.2700898796319961 -4.3008320331573477 34.118625640869148 0.37937483191490179 10.383291244506838 0.48413470387458807 25.004378318786625 -3.5372321605682369 46.281982421875007 -3.0603169202804561 3.0122694969177251 -0.30564224720001215 -0.60386419296264637 -0.29169549047946924 0.0015773377381265166 -18.918340682983395 -6.6398146152496329 0.47434468567371374 1.0000000180025095e-35 0.36752617359161383 1.592522978782654 0.92190834879875194 0.044102901592850692 0.59994614124298107 0.042249999940395362 150.90134429931643 1.4754999876022341 0.12090423330664636 75.333126068115249 57.29351997375489 0.72286230325698864 1.4921007156372073 40.552232742309577 -0.46833366155624384 -1.0000000180025095e-35 1.0326097607612612 -5.4341542720794669 0.95492544770240795 0.075023468583822264 0.4187778532505036 51.125766754150398 0.029605124145746235 0.001329090853687376 71.118057250976577 1.592522978782654 7.197439670562745 -0.77515381574630726 0.224250003695488 15.478946208953859 1.0654745697975161 0.21191466599702838
decision_type=2 2 2 2 2 2 2 2 2 2 2 2 2 2 2 2 2 2 2 2 2 2 2 2 2 2 2 2 2 2 2 2 2 2 2 2 2 2 2 2 2 2 2 2 2 2 2 2 2 2 2 2 2 2
left_child=2 3 21 4 8 15 23 13 16 10 11 19 51 14 -6 26 28 27 -19 -5 49 -1 41 31 42 36 -3 -12 -2 -13 52 37 -18 -14 35 -24 -9 43 46 -15 -26 -17 -7 -4 -44 -39 -32 -35 -49 -10 -22 -8 -11 -36
right_child=1 5 6 9 7 24 12 25 20 30 17 29 33 39 -16 22 32 18 -20 -21 50 -23 34 -25 40 -27 -28 -29 -30 -31 38 -33 -34 47 53 -37 -38 45 -40 -41 -42 -43 44 -45 -46 -47 -48 48 -50 -51 -52 -53 -54 -55
leaf_value=0 0.15556313050213416 -0.16958999420442639 0.13428523274264487 0.18566893304796028 -0.031848588067777447 0.33531299412672638 -0.10466468262036897 -0.17811819125361578 -0.018983419354715352 -0.18549442872632535 -0.0017271381627847551 0.0022280874139034524 0 -0.043454865571222842 0.00032158819298298152 -0.097062528819102545 0.034739473091243513 -0.024030253485716777 0.010680055155462716 0.049423619629710626 -0.14772944850960379 0 -0.22321729069300961 0.02594005269834199 -1.5268321125827786 -0.16858267853151968 -0.35141899681465782 0.1856988271881688 -0.0001580493205402355 0.061301181552955795 -0.21505693165761039 0 -0.17208016194397993 0 -0.080344949302546528 -0.12337846737023134 -0.054842289336101947 0 0.061922492983540647 -0.076126524848846341 -0.84190333299682396 0.18824218458729025 -1.2807615141822162 0 -0.39015541110120738 0 0.27747104535176348 -0.13397909811850459 -0.86546465044433363 0.05402995415547826 -0.31279436877843114 -0.64644992546180924 -0.6319885967054707 0.058195277442583342
leaf_weight=80111 3914 835 241 2447 24609 66 295 1149 1112 670 408 11587 4243 2102 21824 273 5969 5129 48571 15397 736 12440 3107 168 860 2358 1603 61 560 1840 465 910 208 4568 667 2322 2814 138 403 6114 247 326 464 94 291 580 73 419 570 1047 671 188 500 425
leaf_count=80111 3914 835 241 2447 24609 66 295 1149 1112 670 408 11587 4243 2102 21824 273 5969 5129 48571 15397 736 12440 3107 168 860 2358 1603 61 560 1840 465 910 208 4568 667 2322 2814 138 403 6114 247 326 464 94 291 580 73 419 570 1047 671 188 500 425
internal_value=-0.00852 -0.000405968 -0.021987 6.37215e-05 -0.00105606 -0.00706852 -0.0163016 -0.001787 0.00207203 0.00102643 0.00117234 0.00224469 -0.0175838 -0.00140528 -0.00102201 -0.00556068 0.00340748 0.000551557 0.000631278 0.00336169 -0.00189059 -0.0227484 -0.00432334 -0.0100683 -0.0144919 -0.00507208 -0.00913449 -0.00836937 0.0056744 0.000753244 -0.00483409 -0.0110956 0.00175018 -0.0180589 -0.0049094 -0.00563129 -0.00353737 -0.0080115 -0.00135826 -0.00355988 -0.01774 0.00190042 -0.009991 -0.0027028 -0.01111 -0.0103554 -0.00449044 -0.0167893 -0.0136992 0.000441441 -0.00553399 -0.00774232 -0.00754838 -0.00123438
internal_weight=279189 174224 104965 162738 75187 11486 12414 60970 14217 87551 85440 31271 10283 54649 46433 9558 10651 54169 53700 17844 3566 92551 7120 2131 1928 6321 2438 469 4474 13427 2111 1963 6177 9800 6521 5429 3963 1053 941 8216 1107 599 821 335 755 718 538 5557 989 2159 1407 483 1170 1092
internal_count=279189 174224 104965 162738 75187 11486 12414 60970 14217 87551 85440 31271 10283 54649 46433 9558 10651 54169 53700 17844 3566 92551 7120 2131 1928 6321 2438 469 4474 13427 2111 1963 6177 9800 6521 5429 3963 1053 941 8216 1107 599 821 335 755 718 538 5557 989 2159 1407 483 1170 1092
is_linear=0
shrinkage=0.046502


Tree=10
num_leaves=55
num_cat=0
split_feature=0 1 7 4 33 26 1 25 1 1 42 11 25 6 25 18 1 6 22 37 9 18 5 5 33 26 27 1 7 27 29 2 37 33 2 26 26 37 34 18 34 11 5 25 22 37 22 29 22 11 18 27 6 17
split_gain=14175.8 245.172 200.98 67.1845 76.649 59.9549 51.7329 39.6841 36.6276 30.8006 29.918 29.8503 27.2948 26.5875 23.5876 17.5832 17.1599 17.2305 16.8947 16.6574 16.4363 15.7247 14.364 13.3181 13.0959 12.2597 12.0899 10.1633 10.1563 9.91104 9.84835 9.65367 9.43435 8.8752 10.2472 8.20667 5.5789 5.28669 5.25039 5.10997 4.98456 4.81154 4.59803 7.82134 5.36359 3.76121 3.73141 3.64844 3.60062 3.59834 3.54613 3.422 3.24824 3.17564
threshold=0.03024999983608723 10.297059059143068 1.0000000180025095e-35 -1.0301302075386045 57.500000000000007 0.31958146393299108 34.118625640869148 0.35497514903545385 -4.7693531513214102 4.286015748977662 1.0000000180025095e-35 1.0000000180025095e-35 0.58298641443252575 24.162321090698246 0.4187778532505036 -1.6081894636154173 -9.0597767829895002 -11.547014713287352 -3.0603169202804561 0.050554759800434119 0.3275000005960465 -3.498293280601501 -1.0000000180025095e-35 12.454751968383791 118.50000000000001 0.47434468567371374 57.145635604858406 0.81307998299598705 0.0026737255975604062 67.108470916748061 -0.00016657225205563006 -19.412280082702633 0.65280544757843029 173.50000000000003 10.41838312149048 0.78531077504158031 1.0654745697975161 0.52629244327545177 25.630150794982914 -3.498293280601501 12.291128635406496 0.0021124969935044651 19.316411972045902 0.51600396633148204 -12.986742496490477 0.36102561652660375 -12.986742496490477 -7.282502068051143e-08 34.38191223144532 0.0017145421588793399 -3.263633012771606 13.165773868560793 158.88150024414065 7.7216768264770517
decision_type=2 2 2 2 2 2 2 2 2 2 2 2 2 2 2 2 2 2 2 2 2 2 2 2 2 2 2 2 2 2 2 2 2 2 2 2 2 2 2 2 2 2 2 2 2 2 2 2 2 2 2 2 2 2
left_child=2 3 11 4 8 9 14 38 22 19 12 47 21 16 51 50 35 -18 53 20 -5 -7 31 27 45 -14 36 -10 -26 -21 -20 -2 33 34 -16 -6 -8 -28 41 -24 -17 -4 44 -44 -15 -11 -40 -1 -35 -48 -12 -3 -25 -9
right_child=1 6 7 5 13 10 26 18 23 24 15 -13 25 42 32 40 17 -19 30 29 -22 -23 39 52 28 -27 37 -29 -30 -31 -32 -33 -34 48 -36 -37 -38 -39 46 -41 -42 -43 43 -45 -46 -47 49 -49 -50 -51 -52 -53 -54 -55
leaf_value=0 0.67846761707856196 -0.74743964310133548 0 0.0058690599215528768 0.18189571389359824 -0.00049664403587538727 -0.23923152983439866 -0.099797564461001728 0.057987358715505262 -0.093372418037123608 -0.040333975334037847 0 -0.054811859016498307 0.002545968663074384 -0.17483335560915111 -0.11251384867753129 -0.010350671520982336 0.010224691204216001 0 0.011209294030716637 -0.012977966920073702 0.00050586925927123018 -0.0085536632581162293 -0.035413347077042377 -0.084551912161437009 -0.17929504923912026 -1.4555474426200239 0.019233612582234931 0.019360661048968639 0.056796798448346113 0 0.16396723510476618 -0.094955004032190718 -0.18361389592953156 -0.37275431418357352 -0.0086401755530015108 -1.1643447251783916 -0.8853377002616194 0.077918920208397607 0.085623558585047652 -0.83026617285136761 0.12804069945353908 0.0089857274694817319 -0.13536462274526218 -0.089408878971856939 -0.034350775330297227 0 0 -0.00029291671483448647 0 -0.068697408928376516 0.056844621229992606 -0.3420353016153474 -0.39671093622668291
leaf_weight=15044 751 36 86 11786 1668 796 252 265 9513 3568 128 10285 6929 511 1666 106 19389 26272 1750 18936 22179 9342 158 1492 1008 6602 897 6091 2397 3074 4424 3900 1144 687 2414 433 510 282 52 1791 800 263 1057 296 2655 1037 92 71361 352 673 441 881 47 266
leaf_count=15044 751 36 86 11786 1668 796 252 265 9513 3568 128 10285 6929 511 1666 106 19389 26272 1750 18936 22179 9342 158 1492 1008 6602 897 6091 2397 3074 4424 3900 1144 687 2414 433 510 282 52 1791 800 263 1057 296 2655 1037 92 71361 352 673 441 881 47 266
internal_value=-0.00848262 -0.00036049 -0.022019 4.88521e-05 0.00106492 -0.000816777 -0.0077822 -0.014837 0.00325603 -5.92308e-05 -0.0027408 -0.0226026 -0.00233497 6.80433e-05 -0.00593863 -0.00918694 0.000392365 0.000201135 -0.0162242 0.000325241 -0.000318315 -0.000499948 0.00620684 0.00211441 -0.00275744 -0.00370291 -0.0145506 0.00252409 -0.000539371 0.00132256 -0.0169228 0.00762287 -0.00696027 -0.00782527 -0.00882062 0.00450305 -0.00969681 -0.0176033 -0.00677698 0.00277891 -0.013235 -0.00166316 -0.00333884 -0.000979171 -0.00431757 -0.00437708 -0.00884534 -0.022893 -0.00382484 -0.00968918 -0.0025721 0.000937643 -0.00197849 -0.00791803
internal_weight=278835 174274 104561 165153 76024 89129 9121 7871 23743 63985 25144 96690 23669 52281 7180 1475 47762 45661 6705 55975 33965 10138 6600 17143 8010 13531 1941 15604 3405 22010 6174 4651 6263 5119 4080 2101 762 1179 1166 1949 906 349 4519 1353 3166 4605 817 86405 1039 765 569 917 1539 531
internal_count=278835 174274 104561 165153 76024 89129 9121 7871 23743 63985 25144 96690 23669 52281 7180 1475 47762 45661 6705 55975 33965 10138 6600 17143 8010 13531 1941 15604 3405 22010 6174 4651 6263 5119 4080 2101 762 1179 1166 1949 906 349 4519 1353 3166 4605 817 86405 1039 765 569 917 1539 531
is_linear=0
shrinkage=0.046502


Tree=11
num_leaves=55
num_cat=0
split_feature=0 2 8 38 1 1 18 14 1 36 25 4 1 1 22 14 38 30 1 4 27 28 37 0 14 36 38 18 25 21 32 2 8 24 32 32 24 37 1 2 25 24 35 14 1 15 21 30 17 38 35 4 1 14
split_gain=14167.5 231.658 193.618 81.9092 68.0219 64.9674 58.191 45.9909 41.5317 27.5059 26.2366 24.9439 21.3655 20.6739 20.6524 19.3283 18.2713 14.7145 14.193 13.4084 18.4628 12.6206 11.8342 11.733 10.907 9.88111 9.02538 8.73211 8.4313 8.39583 7.8549 7.5218 7.50974 7.23396 6.76078 6.06763 5.44663 5.22766 5.11113 4.68967 4.57463 4.37754 4.23529 9.19162 4.18439 4.16832 3.6368 3.63614 3.61371 3.6077 3.47716 3.25302 3.05705 5.77774
threshold=0.03024999983608723 14.412447452545168 1.0000000180025095e-35 -0.40564861893653864 18.545414924621586 -2.0603644847869869 -3.498293280601501 -0.39026075601577753 6.5522515773773202 -0.46986833214759821 0.35497514903545385 23.334477424621586 3.2753771543502812 -4.7693531513214102 -3.0603169202804561 -0.39026075601577753 0.16951908171176913 -3.0917382900952355e-05 1.592522978782654 11.009637832641603 33.774347305297859 -1.3004667120952716e-08 0.52629244327545177 0.3262500017881394 -0.19681309908628461 -1.3628318905830381 -0.70217609405517567 -3.3740954399108882 0.99204611778259288 0.13686273992061618 95.500000000000014 -1.0000000180025095e-35 0.0096078682690858858 0.12090423330664636 760.50000000000011 135.50000000000003 0.34240551292896276 -0.64210763573646534 34.118625640869148 45.193710327148445 0.44409830868244177 0.020535112358629707 56.735368728637702 -0.57654550671577443 -2.9854844808578487 0.72286230325698864 0.075993519276380553 0.0002715534064918757 -7.1181104183197013 1.1852917671203616 26.768971443176273 -5.9778883457183829 3.2753771543502812 0.6898268759250642
decision_type=2 2 2 2 2 2 2 2 2 2 2 2 2 2 2 2 2 2 2 2 2 2 2 2 2 2 2 2 2 2 2 2 2 2 2 2 2 2 2 2 2 2 2 2 2 2 2 2 2 2 2 2 2 2
left_child=2 3 21 5 16 9 15 18 11 10 25 13 23 -8 47 -5 24 36 31 20 -11 -1 28 48 -3 -2 40 -12 -6 -25 -19 -4 -21 44 -13 46 -10 -17 49 50 -14 -24 43 -33 -18 -16 -35 -9 -7 -30 -26 -28 -47 -54
right_child=1 4 7 6 22 12 8 14 17 19 27 34 26 -15 45 37 33 30 -20 32 -22 -23 41 29 39 -27 51 -29 38 -31 -32 42 -34 35 -36 -37 -38 -39 -40 -41 -42 -43 -44 -45 -46 52 -48 -49 -50 -51 -52 -53 53 -55
leaf_value=0 0.30431268764568825 -0.040551224109490261 0 -0.00099883258720631207 -0.71637662441573635 -0.055827093400806965 0.080795627299599465 -0.098226517223947138 -0.042639204053666516 -0.058282069475910171 -0.0071305879690131274 -0.10048418473170781 -0.071976271680129086 0.016605215972079455 0 -0.00019260768868806086 -0.51949749638736531 -0.14220586685341943 -0.0018976492967988094 0.020698136219608462 0.018218153894560957 0 -1.5972408763323835 -0.028145480692367827 -0.29194208627547519 0.1190278570579395 0.0028165933664872551 0.04052943636337987 -0.55146213646339526 -0.16166100893260976 -0.048659846847788381 0 -0.1281050138075312 0.13007722367093999 0.06029771736198767 0.15734025844145669 0.057686728896886239 -0.0004409393107525713 -1.4434828301967646 -0.9500955425239781 -0.11356203047409673 -0.33217580941839564 0 0 -0.10541140977077543 0 -0.10030822825737157 -0.48152656285302359 -0.0037800825679778168 0.09946563925844093 -0.19827117094613825 -0.076313844945511272 -0.14190449801427896 -0.56976795799512903
leaf_weight=21980 703 636 703 523 1019 3292 11729 318 1945 2725 364 3282 1496 76054 4162 67 263 2454 242 405 11170 70304 207 20714 1231 1894 776 2309 428 688 1745 352 1410 172 560 561 854 716 740 392 4296 558 966 516 964 3931 561 170 9416 34 2011 2910 360 557
leaf_count=21980 703 636 703 523 1019 3292 11729 318 1945 2725 364 3282 1496 76054 4162 67 263 2454 242 405 11170 70304 207 20714 1231 1894 776 2309 428 688 1745 352 1410 172 560 561 854 716 740 392 4296 558 966 516 964 3931 561 170 9416 34 2011 2910 360 557
internal_value=-0.00848745 -0.000367694 -0.0220199 4.50893e-05 -0.0073219 -0.00124522 0.000879741 -0.0165044 0.00100974 0.00087771 0.0037851 0.00127414 -0.00226917 0.00143532 -0.0180603 -0.00886261 -0.00472792 -0.00243856 -0.0111508 -9.17579e-05 0.00039322 -0.0227525 -0.0131884 -0.00172182 -0.00658792 0.00711628 -0.00422902 0.000513114 -0.0149564 -0.00238784 -0.00418014 -0.0121776 -0.00385489 -0.00153992 -0.0023841 0.000826223 0.000141192 -0.0135025 -0.01775 -0.00757441 -0.00538677 -0.00792751 -0.013815 -0.0110834 -0.00411036 -0.018574 -0.00187022 -0.00837703 -0.000592779 -0.0132719 -0.0069269 -0.00238407 -0.0174652 -0.0144701
internal_weight=278835 174274 104561 164497 9777 64568 99929 12277 98623 20980 5270 91625 43588 87783 9498 1306 6791 6998 2779 15710 13895 92284 2986 34110 4270 2597 9478 2673 2221 21402 4199 2537 1815 2521 3842 1294 2799 783 1202 3634 5792 765 1834 868 1227 9010 733 488 12708 462 3242 3686 4848 917
internal_count=278835 174274 104561 164497 9777 64568 99929 12277 98623 20980 5270 91625 43588 87783 9498 1306 6791 6998 2779 15710 13895 92284 2986 34110 4270 2597 9478 2673 2221 21402 4199 2537 1815 2521 3842 1294 2799 783 1202 3634 5792 765 1834 868 1227 9010 733 488 12708 462 3242 3686 4848 917
is_linear=0
shrinkage=0.046502


Tree=12
num_leaves=55
num_cat=0
split_feature=0 20 7 4 33 20 24 20 32 4 20 11 4 6 3 30 37 3 11 30 6 30 2 35 4 27 20 2 28 20 3 4 2 37 2 34 16 6 37 20 28 28 6 37 30 20 27 3 20 2 15 4 34 30
split_gain=14162.2 213.578 200.98 60.6077 68.755 49.6571 42.3045 41.2905 31.8105 30.682 30.2556 29.8503 25.3398 19.9263 18.8174 17.8336 17.0497 16.8593 16.7697 16.19 17.9957 13.8987 13.103 12.3144 11.7866 11.122 15.3418 11.8329 10.7542 10.1616 8.14796 7.6083 7.52343 7.30498 7.26112 6.52531 5.22907 4.87553 4.73938 4.55018 4.29127 4.25 3.7735 4.63706 4.25538 3.69681 3.61392 5.99181 3.50286 7.75917 3.50021 3.35905 3.06012 5.23877
threshold=0.03024999983608723 0.098007075488567366 1.0000000180025095e-35 -1.0301302075386045 85.500000000000014 0.29355445504188543 0.029605124145746235 -0.068705212324857698 112.50000000000001 -1.857265770435333 0.019171666353940967 1.0000000180025095e-35 23.334477424621586 24.162321090698246 1.7246507406234743 -3.0917382900952355e-05 -0.21934218704700467 -1.0000000180025095e-35 0.014355322811752559 -0.00015665611863369119 38.441875457763679 0.0032716704299673442 -1.915510296821594 36.851125717163093 1.0000000180025095e-35 28.366073608398441 -0.079820346087217317 1.0000000180025095e-35 -5.3935609685140655e-05 -0.0054486261215060941 33.479722976684577 -3.124750971794128 14.412447452545168 0.02021121792495251 2.6403745412826543 7.2452919483184823 0.48835869133472448 -7.329775094985961 0.02021121792495251 -0.06093796715140342 -1.3004667120952716e-08 -0.00038214506639633322 12.43206310272217 -0.82361847162246693 -0.0058485365007072678 0.015799753367900852 50.000041961669929 16.809561729431156 0.032228799536824233 8.2139348983764666 1.0856830477714541 5.7972307205200204 871.75588989257824 -0.029093991965055462
decision_type=2 2 2 2 2 2 2 2 2 2 2 2 2 2 2 2 2 2 2 2 2 2 2 2 2 2 2 2 2 2 2 2 2 2 2 2 2 2 2 2 2 2 2 2 2 2 2 2 2 2 2 2 2 2
left_child=2 3 11 4 7 17 15 22 10 36 12 40 -8 25 18 50 -16 34 -10 20 -9 32 35 31 39 27 -27 -6 48 -21 -26 -19 -7 -12 51 -2 45 -36 -33 -17 -1 -24 44 -44 -25 -4 -30 -48 -11 -50 -5 -3 -15 -54
right_child=1 5 9 6 13 21 8 19 14 28 33 -13 -14 52 16 24 -18 23 -20 29 -22 -23 41 42 30 26 -28 -29 46 -31 -32 38 -34 -35 37 -37 -38 -39 -40 -41 -42 -43 43 -45 -46 -47 47 -49 49 -51 -52 -53 53 -55
leaf_value=0 0.41932845006463387 0.11551858128297084 0 -0.0016967178493631765 -0.037979382076237418 -0.17763936807910585 -0.00039536358434721675 0.047317572979313084 0.0086474894430231507 0 -0.076652861855564622 0 -0.17656915815744489 -0.059987186016002815 -0.019694952415992679 -0.0020998672913254387 0.026604419529964094 -0.083305558793440149 -0.027686207346677965 0.033851773839457824 -0.078193082568315725 -1.3493348953234954 0.12178650088639752 0.39423296176906586 -0.12529824739438575 0.13578199685075035 0.0025727739772981508 0.035883356142716066 0 -0.029133934385964382 -0.60116452544492716 -0.35662390137445077 -0.85835752230950957 -0.037205919163595863 0.080949886812062166 0.19076992804784268 0 -0.22813846600153112 -0.21538589880968248 -0.0022443471682054559 0 -0.0081353961559455772 -0.34897700700353385 -0.0625760872102466 -0.21891914638382384 -0.1211499562628917 -0.17968225508826816 -1.8689040513076585 -0.10625647225612257 -0.79745409789846111 0.14223090428141461 -0.15133818404024682 0.11620447398780841 -0.16560798556650333
leaf_weight=16150 962 527 1057 1612 7235 246 24342 18288 7783 1619 7040 10285 2138 3294 5218 1205 19634 394 10187 3436 1131 1097 874 41 2373 1714 28892 1826 3311 3840 671 1492 598 6194 205 3468 396 580 1280 439 70255 599 175 1272 1042 183 466 309 254 276 293 172 78 387
leaf_count=16150 962 527 1057 1612 7235 246 24342 18288 7783 1619 7040 10285 2138 3294 5218 1205 19634 394 10187 3436 1131 1097 874 41 2373 1714 28892 1826 3311 3840 671 1492 598 6194 205 3468 396 580 1280 439 70255 599 175 1272 1042 183 466 309 254 276 293 172 78 387
internal_value=-0.00848912 -0.000370896 -0.022019 1.1122e-05 0.000976228 -0.00729788 -0.000811038 0.00259054 -0.000523409 -0.014837 -0.00147183 -0.0226026 -0.000560191 -0.000233439 0.000354011 -0.00439736 0.00118442 -0.00549178 -0.000789244 0.00180726 0.00250835 -0.0139278 0.00611651 -0.00664489 -0.00594107 7.09238e-05 0.000496828 -0.00135737 -0.0163434 -5.11257e-05 -0.00416983 -0.00860577 -0.00919578 -0.00328882 -0.0010024 0.0073891 -0.00903614 -0.00411444 -0.00947651 -0.00916184 -0.022893 0.0022249 -0.00415311 -0.00248974 -0.00628754 -0.0105712 -0.0178202 -0.0143614 -0.0134887 -0.00964226 -0.000549092 0.00236 -0.00346956 -0.00714263
internal_weight=278835 174274 104561 165153 76024 9121 89129 32598 82536 7871 39714 96690 26480 43426 42822 6593 24852 7180 17970 26695 19419 1941 5903 5696 4688 39667 30606 9061 6235 7276 3044 3166 844 13234 1484 4430 1636 785 2772 1644 86405 1473 2530 1447 1083 1240 4086 775 2149 530 1905 699 3759 465
internal_count=278835 174274 104561 165153 76024 9121 89129 32598 82536 7871 39714 96690 26480 43426 42822 6593 24852 7180 17970 26695 19419 1941 5903 5696 4688 39667 30606 9061 6235 7276 3044 3166 844 13234 1484 4430 1636 785 2772 1644 86405 1473 2530 1447 1083 1240 4086 775 2149 530 1905 699 3759 465
is_linear=0
shrinkage=0.046502


Tree=13
num_leaves=55
num_cat=0
split_feature=0 7 1 38 25 33 3 25 18 26 11 0 18 1 32 24 22 25 18 7 1 3 32 5 38 25 25 28 25 38 25 38 26 1 25 27 7 34 11 34 12 34 1 24 32 28 37 22 11 3 22 16 1 4
split_gain=14176.2 204.081 197.315 85.409 56.8845 52.4708 39.9574 39.4941 36.6115 33.8589 29.8503 23.3401 22.4319 29.6695 20.9069 19.715 19.0051 17.5061 16.6812 15.5478 15.1833 19.2438 14.5998 16.2994 14.2186 13.8514 13.619 12.9486 12.2453 10.234 9.7931 9.39031 8.8534 8.84584 7.77365 6.58688 5.93622 5.92563 5.19086 5.16179 5.44615 4.88247 4.67791 4.62322 4.77621 4.29127 3.77152 3.6952 3.54753 3.00242 2.66847 2.65834 2.57343 6.78187
threshold=0.03024999983608723 1.0000000180025095e-35 13.23684883117676 -1.0000000180025095e-35 0.44178433716297155 48.500000000000007 56.017240524291999 0.35497514903545385 -3.498293280601501 0.29491575062274938 1.0000000180025095e-35 0.3262500017881394 -3.498293280601501 -7.6717796325683585 164.50000000000003 0.12090423330664636 -3.0603169202804561 0.4187778532505036 -3.3740954399108882 0.007872117683291437 -0.23161559551954267 25.004378318786625 1472.5000000000002 17.587073326110843 0.5541251301765443 0.86924567818641674 0.34179896116256719 -5.3935609685140655e-05 0.8226948380470277 -1.0692182183265684 0.58298641443252575 -0.70217609405517567 1.0654745697975161 -4.7693531513214102 0.36752617359161383 65.702121734619155 0.15988987684249881 24.446823120117191 0.04043227061629296 25.630150794982914 0.0015773377381265166 173.28775024414065 -0.85433590412139881 0.65782228112220775 30.500000000000004 -1.3004667120952716e-08 0.58509704470634472 -12.986742496490477 0.0017145421588793399 3.7684800624847417 -104.03011322021483 -0.80523803830146778 3.2753771543502812 10.046888351440431
decision_type=2 2 2 2 2 2 2 2 2 2 2 2 2 2 2 2 2 2 2 2 2 2 2 2 2 2 2 2 2 2 2 2 2 2 2 2 2 2 2 2 2 2 2 2 2 2 2 2 2 2 2 2 2 2
left_child=1 10 3 4 5 12 17 39 34 14 45 33 26 -14 18 20 49 43 -6 42 21 -10 23 -17 25 32 -2 52 -24 -13 -21 -16 -19 -7 -5 -22 46 50 -39 40 -3 -27 -11 44 -4 -1 51 -41 -49 -9 -26 -8 -18 -54
right_child=2 7 6 8 9 11 36 16 15 19 -12 29 13 -15 31 22 27 24 -20 30 35 -23 28 -25 37 41 -28 -29 -30 -31 -32 -33 -34 -35 -36 -37 -38 38 -40 47 -42 -43 -44 -45 -46 -47 -48 48 -50 -51 -52 -53 53 -55
leaf_value=0 0.35845337352633089 0 0.15697502765799409 -0.0063816387714345857 -0.00063105291609999762 0.06641749967812495 -0.51155152793779946 -0.07506919928663619 0.060732410242115842 0.0017024303382632475 0 -0.06256749633182479 0.2714647822206061 0.034946125909994623 -0.014871430378348238 0.027199274745863717 0 -0.17598770616308546 -0.030040493645937423 -0.055891756428988956 -0.009026934577485244 -0.4707239881483824 0.035031533747692259 -0.014044540062892276 -0.089217603575629661 -0.45563907671209175 -0.0025747602016477351 0 0.15767785568039391 -0.017139185264587679 -0.14898824437575728 0.0092417839674206366 -0.66674948832180148 -0.00098766854835210345 -0.00036477010450092895 0.059509449702904026 -2.1013010496811502 -0.11089260698682978 0.20938601255809908 0.077200636540946305 0.11625300173614009 -0.20159917390262796 -0.073365604700940237 0.30008505409717118 -0.24711974034272735 0 -0.60035374645035355 0 0 -0.32935430117907716 -0.28950206935583994 -1.1309325050451808 -0.11720819926438782 -1.0371849734422856
leaf_weight=16150 224 65 232 221 403 4291 29 227 7271 2083 10285 4054 2798 9295 6849 42661 1826 1381 18935 4144 9286 434 2214 5719 241 1324 504 3869 963 12053 7531 8033 538 13168 426 1211 623 415 195 52 284 121 2969 120 229 70255 216 92 673 304 377 493 286 193
leaf_count=16150 224 65 232 221 403 4291 29 227 7271 2083 10285 4054 2798 9295 6849 42661 1826 1381 18935 4144 9286 434 2214 5719 241 1324 504 3869 963 12053 7531 8033 538 13168 426 1211 623 415 195 52 284 121 2969 120 229 70255 216 92 673 304 377 493 286 193
internal_value=-0.00847795 -0.0220145 -0.000355687 -4.62967e-05 -0.000939266 0.000237084 -0.00828347 -0.014778 0.00118688 -0.00201214 -0.0226026 -0.000727319 0.00276912 0.00325112 -0.00117001 0.00129021 -0.0161618 -0.00638633 -0.0021786 -0.00372933 -2.04376e-05 0.00154192 0.00175473 0.00155133 -0.00735122 -0.00892861 -0.0051066 -0.0169002 0.00482216 -0.00200501 -0.00466593 0.000134358 -0.00623822 0.000446123 -0.00980313 -0.00117612 -0.015421 -0.00295251 0.000152341 -0.00673711 -0.00166316 -0.0124338 -0.00154623 0.00107958 -0.000856483 -0.022893 -0.0122158 -0.00878845 -0.00962844 -0.00739308 -0.00616518 -0.0145068 -0.0139677 -0.0102314
internal_weight=278835 104561 174274 167740 97334 46387 6534 7871 70406 50947 96690 33566 12821 12093 34220 69759 6705 5173 19338 16727 18202 7705 51557 48380 4592 3364 728 6174 3177 16107 11675 14882 1919 17459 647 10497 1361 1228 610 1166 349 1445 5052 581 461 86405 738 817 765 531 618 522 2305 479
internal_count=278835 104561 174274 167740 97334 46387 6534 7871 70406 50947 96690 33566 12821 12093 34220 69759 6705 5173 19338 16727 18202 7705 51557 48380 4592 3364 728 6174 3177 16107 11675 14882 1919 17459 647 10497 1361 1228 610 1166 349 1445 5052 581 461 86405 738 817 765 531 618 522 2305 479
is_linear=0
shrinkage=0.046502


Tree=14
num_leaves=55
num_cat=0
split_feature=18 7 2 14 14 33 24 2 26 2 11 33 39 2 11 15 30 15 27 35 26 33 4 33 8 13 14 35 35 33 4 10 14 14 35 11 28 4 28 28 39 13 26 14 2 30 33 15 24 33 15 30 30 16
split_gain=13903.2 322.513 269.809 75.6319 72.3243 70.4292 57.5161 35.2669 35.2259 34.3584 29.8503 23.8166 25.3047 21.8866 16.2719 14.2649 13.5091 13.1257 16.5484 12.3942 11.4203 11.2626 10.9224 9.82142 9.77985 9.5507 8.88044 8.75444 8.52401 7.34177 7.26868 7.05176 6.95036 6.58623 9.702 6.30849 5.15108 4.69353 4.29833 4.29127 4.23541 4.13222 4.09328 3.95508 3.76755 3.63013 3.27742 3.26195 3.24107 3.22326 2.88935 2.69018 2.65511 2.95652
threshold=-3.498293280601501 1.0000000180025095e-35 25.17511081695557 1.0000000180025095e-35 -0.42416670918464655 85.500000000000014 0.029605124145746235 45.193710327148445 0.34942208230495458 -2.1504275798797603 1.0000000180025095e-35 94.500000000000014 2.8123707771301274 8.2139348983764666 1.1815633773803713 0.7432038187980653 -0.00065748355700634409 0.99057510495185863 28.366073608398441 6.9256236553192148 1.3827978968620303 2313.5000000000005 4.6634933948516855 126.50000000000001 0.13124074041843417 0.1475000008940697 0.47980126738548284 38.655868530273445 103.95481491088869 230.50000000000003 8.4508790969848651 0.002349411835893989 -0.26104024052619929 -0.57654550671577443 48.650415420532234 0.0053743394091725358 -0.1613710671663284 27.664738655090336 0.063701279461383833 -1.3004667120952716e-08 2.8123707771301274 0.040249999612569816 0.26418638229370123 0.58270448446273815 12.162748813629152 -0.0010696228710003195 143.50000000000003 1.7181909680366518 7.7395133972167978 266.50000000000006 9.9814438819885272 1.5967128952354418e-08 -0.00036059951526112849 0.4690558016300202
decision_type=2 2 2 2 2 2 2 2 2 2 2 2 2 2 2 2 2 2 2 2 2 2 2 2 2 2 2 2 2 2 2 2 2 2 2 2 2 2 2 2 2 2 2 2 2 2 2 2 2 2 2 2 2 2
left_child=1 10 3 5 33 9 15 29 11 19 39 13 -13 -8 17 23 28 22 -19 30 37 26 -7 -5 -23 -21 -10 31 -11 32 -2 -17 -4 34 42 47 48 52 -38 -1 -39 51 -3 -22 -18 -35 -43 -36 -16 -31 -47 -6 -9 -54
right_child=2 4 7 6 41 14 8 20 21 16 -12 12 -14 -15 36 27 44 18 -20 25 43 24 -24 -25 -26 -27 -28 -29 -30 49 -32 -33 -34 45 35 -37 38 40 -40 -41 -42 46 -44 -45 -46 50 -48 -49 -50 -51 -52 -53 53 -55
leaf_value=0 0.16673942777074008 0 0.045461175227149493 -0.29731426857257381 0 0.026428820038680509 -0.011099225490811413 0.18166085864886852 -0.034912941015533355 0.037955730591850041 0 -0.0028397437439368692 0.046947293508281744 -0.10307710935905358 0.13005640357402387 -0.2093842961769988 -0.0031873857203975546 -0.051918264792695151 -0.0015794236872985804 0.17449863131700064 -1.3194871254664504 0.15550099891564537 -0.066930847329048887 -0.12275246359368028 -0.17516711600594562 0.050694104135324825 -0.1070303674749096 -0.11885119787703875 -0.08385687079978621 0.25749156626121389 -0.032660390993966067 -0.31439834243295989 -0.4241717751809842 0.37335755736574883 0 0 -0.38573789317268053 -0.96134018599587734 0.0012919797427132075 0 -0.62500569638205583 0 0.14230039242691978 -2.6113590853972117 -0.1567476006050347 0 0 0 -0.08607952255812662 -0.12434520080196358 0.15237714208711547 0 0.13522153382254271 -0.68364661068642685
leaf_weight=16150 2388 180 182 455 1146 9229 19645 43 4046 10051 10285 26457 8127 3593 80 382 8698 7140 33261 2725 492 458 791 243 128 15191 10872 1977 373 34 215 851 2027 58 349 394 389 441 67 70255 543 2617 536 951 537 656 971 157 502 398 26 887 47 139
leaf_count=16150 2388 180 182 455 1146 9229 19645 43 4046 10051 10285 26457 8127 3593 80 382 8698 7140 33261 2725 492 458 791 243 128 15191 10872 1977 373 34 215 851 2027 58 349 394 389 441 67 70255 543 2617 536 951 537 656 971 157 502 398 26 887 47 139
internal_value=-0.00846511 -0.0218598 -0.000414909 -9.01834e-05 -0.0128445 0.000812691 -0.00116263 -0.0107488 -0.000868189 0.00227195 -0.0226026 -0.000338577 0.000432958 -0.0014908 -0.000324867 -0.00666269 0.00087637 -0.000204282 -0.000579527 0.00360445 -0.0145642 -0.0028373 0.00129939 -0.0127822 0.00340935 0.00315871 -0.00308902 -0.00530127 0.00202522 -0.00687452 0.00663549 -0.00842578 -0.00796606 -0.00593979 -0.00417123 -0.00738455 -0.00608982 -0.0110172 -0.00988104 -0.022893 -0.0124698 -0.0157213 0 -0.0174765 -0.000410364 -0.00967091 -0.0146044 -0.00367242 -0.00295378 -0.00107519 -0.010629 -0.0176426 -0.0043564 -0.00698154
internal_weight=278835 104667 174168 168871 7977 91637 77234 5297 73326 40178 96690 57822 34584 23238 51459 3908 19659 50421 40401 20519 2656 15504 10020 698 586 17916 14918 3210 10424 2641 2603 1233 2209 2356 1616 900 1038 1213 456 86405 984 5621 716 1443 9235 740 3588 506 582 432 682 2033 229 186
internal_count=278835 104667 174168 168871 7977 91637 77234 5297 73326 40178 96690 57822 34584 23238 51459 3908 19659 50421 40401 20519 2656 15504 10020 698 586 17916 14918 3210 10424 2641 2603 1233 2209 2356 1616 900 1038 1213 456 86405 984 5621 716 1443 9235 740 3588 506 582 432 682 2033 229 186
is_linear=0
shrinkage=0.046502


Tree=15
num_leaves=55
num_cat=0
split_feature=0 7 3 38 14 14 34 13 18 32 24 14 15 27 4 14 22 0 5 26 18 6 18 5 6 38 3 38 13 18 14 28 34 29 16 3 22 32 14 14 14 34 32 0 7 3 14 15 28 37 15 7 28 13
split_gain=14095.5 228.801 172.801 77.5889 56.8329 48.2698 43.1618 28.9547 28.5593 28.1723 19.8258 19.4429 17.9315 17.9592 25.1169 24.3257 16.9272 16.3766 17.1451 16.3264 15.5547 14.1148 11.6802 11.3028 10.2869 9.51138 9.45619 9.24893 8.42167 7.34531 7.09813 7.06469 6.74828 8.28793 6.74697 6.55131 6.39383 6.18023 5.51687 4.8849 4.12255 8.76702 4.79192 3.62763 3.51552 3.42169 3.26226 3.03119 2.94426 2.5718 2.43582 2.39921 2.25471 1.92559
threshold=0.03024999983608723 1.0000000180025095e-35 33.479722976684577 0.12424013763666154 -0.19681309908628461 -0.39026075601577753 8.4034752845764178 0.03024999983608723 -3.498293280601501 48.500000000000007 1.0000000180025095e-35 0.58270448446273815 2.4605462551116948 22.824982643127445 -9.0631222724914533 -0.24165572971105573 -5.6087677478790274 0.38425000011920935 -9.0897955894470197 0.22008263319730761 -3.498293280601501 -1.1225454211235044 -3.498293280601501 0.74799644947052013 -33.791950225830071 -0.57335242629051197 -8.6207060813903791 -0.43312862515449518 0.11924999952316286 -0.35703220963478083 -0.39026075601577753 -5.3935609685140655e-05 58.389596939086921 0.0096015371382236498 -1.0000000180025095e-35 9.4783587455749529 34.38191223144532 21.500000000000004 -0.19681309908628461 1.2810520529747011 -0.61914086341857899 26.868271827697757 30.500000000000004 9.806000232696535 0.020883748307824138 11.572381019592287 1.2810520529747011 5.572324514389039 -0.0039360625669360152 0.72711282968521129 1.1048087477684023 0.11359297111630441 -0.00038214506639633322 2.1464999914169316
decision_type=2 2 2 2 2 2 2 2 2 2 2 2 2 2 2 2 2 2 2 2 2 2 2 2 2 2 2 2 2 2 2 2 2 2 2 2 2 2 2 2 2 2 2 2 2 2 2 2 2 2 2 2 2 2
left_child=1 7 3 4 6 22 21 -1 30 11 29 35 13 14 -10 -15 45 20 -19 25 -8 26 40 -21 37 -11 -2 39 -26 -4 52 -18 46 44 -23 -6 -13 -14 -9 53 41 -3 -43 -31 -34 -7 50 -41 -42 -48 -29 -35 -5 -12
right_child=2 5 10 8 9 16 17 38 12 19 27 36 24 15 -16 -17 31 18 -20 23 -22 34 -24 -25 28 -27 -28 32 -30 43 -32 -33 33 51 -36 -37 -38 -39 -40 47 48 42 -44 -45 -46 -47 49 -49 -50 -51 -52 -53 -54 -55
leaf_value=0 0.33626876626241614 0.022565676172513309 -1.0558543264066331 0.14139517007758987 -0.013058588138717497 -0.067986620710679485 -0.0021418462014719366 0 0.0004109300457401255 -0.021297375269765998 -0.3895929379872875 -0.098023023191665337 0.16116936491843289 0.049758377940501752 -0.32937821912001491 0.015969054186967157 0 -0.044951554338247081 -0.0004614258268966421 -0.084308359141747599 0.0078931241201133564 0.10162203777389105 0.021033606427879471 -0.037267407110441741 -0.091349136528698818 0.0031469965698185348 0.07365954536136593 -0.37279623206835161 0.0086362049702846961 -2.709687793312753 -0.00063445196314819907 0 -0.2045293580232663 0.22186840349535308 -0.0046718362353687657 -0.15259224781634159 -0.36074781981287474 -0.089995318885453007 0 -0.61026212700955995 0 0.092255273904747373 0 -0.15273910477327776 -0.4289304187721944 -0.51877172055470133 -0.53217568055674258 0.041869559612786787 0 -0.31527483812832352 0.065702174555242771 -0.18140503916629361 -0.0061839423952817635 0.069541862693707768
leaf_weight=80060 918 278 650 102 6194 275 1163 5442 2415 11586 235 6849 123 21955 536 29387 1794 8738 11496 3665 25571 845 243 13526 532 11465 1772 256 6213 393 291 3634 428 272 947 1166 609 1261 11534 879 72 82 543 21 276 200 723 32 767 235 115 210 131 76
leaf_count=80060 918 278 650 102 6194 275 1163 5442 2415 11586 235 6849 123 21955 536 29387 1794 8738 11496 3665 25571 845 243 13526 532 11465 1772 256 6213 393 291 3634 428 272 947 1166 609 1261 11534 879 72 82 543 21 276 200 723 32 767 235 115 210 131 76
internal_value=-0.00852707 -0.0219927 -0.000418567 -0.000171512 -0.000936934 -0.0143423 0.00017263 -0.0226135 0.00112217 -0.00197543 -0.00911833 -0.00371238 0.00121428 0.00151985 -0.00199306 0.00172359 -0.0164669 -0.000241577 -0.001241 -0.0013335 0.000511384 0.00453349 -0.00797478 -0.00241957 -0.000815122 -0.000519457 0.00667154 -0.00747143 -5.17034e-05 -0.014809 -0.00966391 -0.0172182 -0.00577693 -0.00309621 0.00127118 -0.00199642 -0.00539307 -0.00446715 -0.020807 -0.010879 -0.00931375 -0.00687108 -0.00992489 -0.0199695 -0.00633668 -0.00767699 -0.00809719 -0.0126777 -0.0118263 -0.00960605 -0.00394297 0.00144566 -0.00308686 -0.00529959
internal_weight=279181 104924 174257 169456 106510 7888 51450 97036 62946 55060 4801 14818 62422 54293 2951 51342 5903 46968 20234 40242 26734 4482 1985 17191 8129 23051 2690 3737 6745 1064 524 5428 2515 1186 1792 7360 7458 1384 16976 1222 1742 903 625 414 704 475 1329 911 839 958 371 482 233 311
internal_count=279181 104924 174257 169456 106510 7888 51450 97036 62946 55060 4801 14818 62422 54293 2951 51342 5903 46968 20234 40242 26734 4482 1985 17191 8129 23051 2690 3737 6745 1064 524 5428 2515 1186 1792 7360 7458 1384 16976 1222 1742 903 625 414 704 475 1329 911 839 958 371 482 233 311
is_linear=0
shrinkage=0.046502


Tree=16
num_leaves=55
num_cat=0
split_feature=0 7 2 38 20 14 20 20 12 38 5 20 36 36 18 24 33 35 18 38 36 14 14 18 14 38 33 5 14 33 5 24 26 24 24 14 21 14 20 14 35 13 7 33 28 35 14 14 26 8 12 5 14 35
split_gain=14160.1 228.801 183.895 63.2979 53.2124 47.9052 42.1771 36.7236 28.9547 24.3739 20.7304 19.8217 19.1382 17.9195 15.9553 15.5677 12.6764 11.91 11.2874 11.0373 10.338 9.96994 9.53521 8.85579 12.5809 8.35503 8.26506 7.75677 7.68818 7.44496 7.30601 7.23801 5.82708 5.7776 5.60643 5.51687 5.471 5.3171 4.95837 4.9308 4.89355 4.83785 4.61132 4.48667 4.34409 4.25556 8.72207 4.07432 3.91677 3.81569 3.67436 3.53861 3.47818 3.34854
threshold=0.03024999983608723 1.0000000180025095e-35 14.412447452545168 -0.60386419296264637 0.29355445504188543 -0.39026075601577753 -0.020818860270082947 0.063465304672718062 1.0000000180025095e-35 0.77599388360977184 33.459348678588874 0.051174929365515716 -1.3628318905830381 1.0000000180025095e-35 -3.498293280601501 0.24842337518930438 162.50000000000003 165.18840026855472 -3.498293280601501 0.26531144976615911 0.26081463694572454 -0.24165572971105573 -0.93712586164474476 -3.498293280601501 1.9664790034294131 1.4921007156372073 2313.5000000000005 -7.5706706047058097 0.37810069322586065 30.500000000000004 107.29643630981447 0.12090423330664636 0.27396221458911901 0.65782228112220775 0.11013996228575708 -0.19681309908628461 0.069502178579568877 -1.4941005110740659 0.17012594640254977 -0.32823035120964045 24.132470130920414 0.055250000208616264 0.022739204578101638 540.50000000000011 -0.013836704194545744 66.847442626953139 -0.61914086341857899 -1.5802651047706602 1.0654745697975161 0.0025277570821344857 0.0075296401046216497 47.912157058715827 0.58270448446273815 23.021447181701664
decision_type=2 2 2 2 2 2 2 2 2 2 2 2 2 2 2 2 2 2 2 2 2 2 2 2 2 2 2 2 2 2 2 2 2 2 2 2 2 2 2 2 2 2 2 2 2 2 2 2 2 2 2 2 2 2
left_child=1 8 3 6 16 18 12 9 -1 10 13 27 22 -5 -11 17 19 -14 45 21 -16 53 -2 -7 36 39 -12 32 -29 -17 -6 -18 -8 -21 -27 -10 -25 -13 -23 48 -35 -24 -32 -41 -33 46 -3 50 -9 -48 -47 -46 -39 -4
right_child=2 5 4 7 30 23 11 25 35 14 26 37 15 -15 20 29 31 -19 -20 33 -22 38 41 24 -26 34 -28 28 -30 -31 42 44 -34 40 -36 -37 -38 52 -40 43 -42 -43 -44 -45 51 47 49 -49 -50 -51 -52 -53 -54 -55
leaf_value=0 0.30559024865008039 0 0.12873021473145169 0.015697884168035695 -0.64632062241750343 0 -0.065149748084864983 0.010395865007556945 0 -0.0014711217807563321 -0.088675641002245773 0.33650111578287761 0.051223308845570359 -0.00044224355256777299 0.047789962459237487 0.027172421680404114 -0.20084055259756436 -0.028196839036888428 0.020055501443092622 -0.17903993852811226 0.02109529495658061 -0.26597467375406797 -0.0069394930448426016 -0.090794740584561759 -0.60383000255238017 -0.058824009298654417 0.15543445844316386 -0.0082677866433889923 -0.035242811598346219 -0.039454296541372738 -0.24622364418963383 0.25881937500845242 -0.030808794243984881 -0.072673376071055854 0.096578799652661418 0 -0.53720116295008091 -0.10837184510158847 -0.45234775059496285 -0.10647581977361403 0.22284249907988363 0.10402843389946882 -2.0165318060403505 0.023335566488436692 -0.067724804294727936 0.45781198090125402 0 0 -0.27232091303080797 0 0 0.19955125173741489 -0.15225946181573244 -0.20744976590657563
leaf_weight=80060 459 455 228 36884 961 3981 4933 1187 5442 235 3860 49 6454 39373 14965 1259 1125 1322 243 1508 12352 2899 91 598 832 543 290 10126 10916 5420 41 190 2958 335 641 11534 492 1867 749 4940 178 614 631 383 485 32 297 675 293 264 19 325 1922 266
leaf_count=80060 459 455 228 36884 961 3981 4933 1187 5442 235 3860 49 6454 39373 14965 1259 1125 1322 243 1508 12352 2899 91 598 832 543 290 10126 10916 5420 41 190 2958 335 641 11534 492 1867 749 4940 178 614 631 383 485 32 297 675 293 264 19 325 1922 266
internal_value=-0.00849626 -0.0219927 -0.000369198 1.41484e-06 -0.00651727 -0.0143423 -0.00141071 0.00059157 -0.0226135 0.000817321 0.000406855 -0.00235905 0.000573107 0.000582056 0.00201181 0.00010455 -0.00498767 0.00152485 -0.00799821 -0.0060622 0.00211849 -0.00745379 0.00630942 -0.016459 -0.0136422 -0.00244809 -0.00278978 -0.00193748 -0.00146296 -0.0015351 -0.0142196 -0.00182683 -0.00319088 -0.00316301 0.00109925 -0.020807 -0.010149 -0.00551216 -0.00829733 -0.00307917 0.000950869 0.00273541 -0.0181859 -0.00374305 0.000976054 -0.00931375 -0.00713656 -0.0122256 -0.000628193 -0.0110561 0 -0.000401621 -0.00572455 -0.00103442
internal_weight=279181 104924 174257 164336 9921 7888 48390 115946 97036 107959 80407 32771 15619 76257 27552 14455 8288 7776 1985 6163 27317 4142 1164 5903 1922 7987 4150 28933 21042 6679 1633 2125 7891 2021 1184 16976 1090 3838 3648 6803 513 705 672 5323 1000 1742 1016 726 1480 561 51 810 3789 494
internal_count=279181 104924 174257 164336 9921 7888 48390 115946 97036 107959 80407 32771 15619 76257 27552 14455 8288 7776 1985 6163 27317 4142 1164 5903 1922 7987 4150 28933 21042 6679 1633 2125 7891 2021 1184 16976 1090 3838 3648 6803 513 705 672 5323 1000 1742 1016 726 1480 561 51 810 3789 494
is_linear=0
shrinkage=0.046502


end of trees

feature_importances:
price_zscore_30d=77
return_1d=68
bb_pct_b=47
volume_zscore_30d=42
bb_width=38
volume_lag_7d=38
return_3d=37
price_log=37
return_14d=35
macd_histogram=34
volume_std_30d=32
log_return_1d=28
volume_std_60d=28
price_lag_1d=27
macd_line=27
return_30d=24
price_std_7d=24
volume_log_change_7d=24
return_60d=23
bb_lower=22
volume_lag_1d=21
return_7d=19
price_std_30d=19
vol_regime_60_30=18
autocorr_1d=15
price_std_14d=13
rsi_14=13
price_accel_7d=12
volume_log_change_1d=12
price_max_60d=11
price_std_60d=10
macd_signal=9
price_max_14d=7
trend_divergence_30_60=6
volume_price_conf_7d=5
price_std_20d=4
log_return_7d=4
volume_price_conf_1d=4
macd_missing=3
autocorr_7d=1

parameters:
[boosting: gbdt]
[objective: quantile]
[metric: quantile]
[tree_learner: serial]
[device_type: cpu]
[data_sample_strategy: bagging]
[data: ]
[valid: ]
[num_iterations: 1000]
[learning_rate: 0.046502]
[num_leaves: 55]
[num_threads: -1]
[seed: 91]
[deterministic: 0]
[force_col_wise: 0]
[force_row_wise: 0]
[histogram_pool_size: -1]
[max_depth: 7]
[min_data_in_leaf: 15]
[min_sum_hessian_in_leaf: 0.001]
[bagging_fraction: 0.7]
[pos_bagging_fraction: 1]
[neg_bagging_fraction: 1]
[bagging_freq: 5]
[bagging_seed: 2784]
[bagging_by_query: 0]
[feature_fraction: 0.7]
[feature_fraction_bynode: 1]
[feature_fraction_seed: 29510]
[extra_trees: 0]
[extra_seed: 8681]
[early_stopping_round: 0]
[early_stopping_min_delta: 0]
[first_metric_only: 0]
[max_delta_step: 0]
[lambda_l1: 2]
[lambda_l2: 0.5]
[linear_lambda: 0]
[min_gain_to_split: 0.1]
[drop_rate: 0.1]
[max_drop: 50]
[skip_drop: 0.5]
[xgboost_dart_mode: 0]
[uniform_drop: 0]
[drop_seed: 8477]
[top_rate: 0.2]
[other_rate: 0.1]
[min_data_per_group: 100]
[max_cat_threshold: 32]
[cat_l2: 10]
[cat_smooth: 10]
[max_cat_to_onehot: 4]
[top_k: 20]
[monotone_constraints: ]
[monotone_constraints_method: basic]
[monotone_penalty: 0]
[feature_contri: ]
[forcedsplits_filename: ]
[refit_decay_rate: 0.9]
[cegb_tradeoff: 1]
[cegb_penalty_split: 0]
[cegb_penalty_feature_lazy: ]
[cegb_penalty_feature_coupled: ]
[path_smooth: 0]
[interaction_constraints: ]
[verbosity: -1]
[saved_feature_importance_type: 0]
[use_quantized_grad: 0]
[num_grad_quant_bins: 4]
[quant_train_renew_leaf: 0]
[stochastic_rounding: 1]
[linear_tree: 0]
[max_bin: 63]
[max_bin_by_feature: ]
[min_data_in_bin: 3]
[bin_construct_sample_cnt: 200000]
[data_random_seed: 335]
[is_enable_sparse: 1]
[enable_bundle: 1]
[use_missing: 1]
[zero_as_missing: 0]
[feature_pre_filter: 0]
[pre_partition: 0]
[two_round: 0]
[header: 0]
[label_column: ]
[weight_column: ]
[group_column: ]
[ignore_column: ]
[categorical_feature: ]
[forcedbins_filename: ]
[precise_float_parser: 0]
[parser_config_file: ]
[objective_seed: 29977]
[num_class: 1]
[is_unbalance: 0]
[scale_pos_weight: 1]
[sigmoid: 1]
[boost_from_average: 1]
[reg_sqrt: 0]
[alpha: 0.5]
[fair_c: 1]
[poisson_max_delta_step: 0.7]
[tweedie_variance_power: 1.5]
[lambdarank_truncation_level: 30]
[lambdarank_norm: 1]
[label_gain: ]
[lambdarank_position_bias_regularization: 0]
[eval_at: ]
[multi_error_top_k: 1]
[auc_mu_weights: ]
[num_machines: 1]
[local_listen_port: 12400]
[time_out: 120]
[machine_list_filename: ]
[machines: ]
[gpu_platform_id: -1]
[gpu_device_id: -1]
[gpu_use_dp: 0]
[num_gpu: 1]

end of parameters

pandas_categorical:[]
