tree
version=v4
num_class=1
num_tree_per_iteration=1
label_index=0
max_feature_idx=19
objective=quantile
feature_names=event_decay_major event_density_30d_major event_density_90d_major event_decay_operation event_density_30d_operation event_density_90d_operation event_decay_case_drop event_density_30d_case_drop event_density_90d_case_drop event_decay_update event_density_30d_update event_density_90d_update event_decay_game_update event_density_30d_game_update event_density_90d_game_update event_decay_major_weighted event_decay_operation_weighted event_decay_case_drop_weighted event_decay_update_weighted event_decay_game_update_weighted
feature_infos=[0.031220927834510803:0.98347145318984985] [0:2] [0:3] [1.5229979055675358e-08:0.95349693298339844] [0:1] [0:1] [0:0.93106275796890259] [0:1] [0:3] none none none [0:0.86687791347503662] [0:2] [0:3] [0:0.98347145318984985] [0:0.95349693298339844] [0:0.93106275796890259] none [0:0.26006338000297546]
tree_sizes=6517 6428

Tree=0
num_leaves=63
num_cat=0
split_feature=16 15 0 0 16 16 12 3 0 15 16 0 6 3 0 12 16 6 17 12 12 3 14 16 12 16 8 3 0 12 3 0 15 3 3 0 0 0 15 14 0 6 0 3 15 3 3 15 3 3 12 0 0 6 6 6 12 0 3 15 0 0
split_gain=4144.2 581.973 165.735 198.002 154.775 149.304 126.399 118.632 129.306 114.062 100.465 173.752 125.589 100.236 99.9627 81.5788 77.182 71.228 110.707 111.155 72.4279 71.0114 65.248 64.688 84.8386 61.078 55.1099 54.8803 53.6937 46.3543 43.4385 41.3107 39.0671 35.9096 31.0988 28.9869 27.6004 22.8442 22.1969 32.4425 21.2527 20.885 20.869 20.2509 19.0585 18.1405 16.4289 24.198 14.7066 35.0977 14.2805 12.1506 11.3491 11.0496 10.7967 11.3047 10.7034 9.90465 9.87104 9.58082 23.86 9.28644
threshold=4.1121879235106469e-08 0.06305538117885591 0.54427608847618114 0.059310715645551688 2.6708329642133325e-05 1.0000000180025095e-35 0.026244251988828186 0.010595397092401983 0.75959849357604992 0.53237426280975353 1.9794097028125182e-07 0.091480273753404631 2.9535829071392078e-07 0.39522977173328405 0.86794066429138195 0.0011326837702654304 0.00042279197077732539 0.58562439680099498 0.069412656128406539 0.0001328855141764507 1.171554458778701e-05 0.10418143495917322 2.5000000000000004 2.0412185222085104e-06 0.1681051775813103 7.2818412633068887e-08 1.5000000000000002 1.1145458302053159e-05 0.099430277943611159 0.0026690770173445348 0.00034364305611234164 0.099430277943611159 0.3283281028270722 0.048629442229866988 0.018762275576591495 0.54427608847618114 0.58179801702499401 0.75959849357604992 0.11489439383149148 2.5000000000000004 0.69886434078216564 1.0683850177883871e-06 0.62190663814544689 0.10418143495917322 1.0000000180025095e-35 0.0059834124986082324 2.5468100375292128e-06 0.1958495378494263 0.00034364305611234164 6.1887472838861881e-05 0.14572666585445407 0.81196454167366039 0.059310715645551688 2.0319691884651552e-06 1.0000000180025095e-35 0.0075047470163553962 0.046473188325762756 0.08277477324008943 0.32668325304985052 0.15252777934074405 0.08277477324008943 0.34130960702896124
decision_type=2 2 2 2 2 2 2 2 2 2 2 2 2 2 2 2 2 2 2 2 2 2 2 2 2 2 2 2 2 2 2 2 2 2 2 2 2 2 2 2 2 2 2 2 2 2 2 2 2 2 2 2 2 2 2 2 2 2 2 2 2 2
left_child=1 5 3 13 37 44 17 8 36 27 12 16 22 30 29 -15 -12 18 20 -20 -6 33 25 28 -25 -5 -10 38 -13 40 -2 -24 59 -9 45 50 -8 -4 39 41 -7 -3 -23 -36 54 48 53 -48 49 -11 -34 -42 -46 -40 -1 -56 -45 -14 -32 60 -29 -61
right_child=2 9 4 10 6 14 7 21 26 34 11 23 57 15 -16 -17 -18 -19 19 -21 -22 42 31 24 -26 -27 -28 32 -30 -31 58 -33 35 -35 43 -37 -38 -39 46 -41 51 -43 -44 56 52 -47 47 -49 -50 -51 -52 -53 -54 -55 55 -57 -58 -59 -60 61 -62 -63
leaf_value=0 -0.041531017086025038 0 -0.49301337704776493 0.18015205271157397 0.019261864735928204 -0.038208536447913034 0.038217031173197059 -0.12073329404888923 0.10613481941770289 0 -0.047760670559891291 -0.16788599734794363 -0.19541583346174918 0.14983739801357318 0.042116561004999616 -0.23203564843639393 0.60839490307146993 -0.053067409708851446 -0.099674446472235084 0.090256387820557352 0 0 -0.28919570291677554 0 -0.29568824194801052 0 -0.14355808797399838 0 0.048985304773410933 -0.40019832331391003 -0.44871235985877583 0.050944716782154877 0 -0.19821334175352687 0 -0.027098253365251929 0 0 0 0 -0.32299479827522043 0 -0.035542825609005582 0 0 0 0 0 0 0 0 0 0 -0.035053702515520271 0 0 0 -0.38208536447913033 -0.07209157700045149 0 0.12736178512316845 0.020765508543012519
leaf_weight=19191.025834798813 1524.5417883396149 4315.0359666347504 1815.4799559116364 1348.6825483441353 6387.8209434151649 3082.9506461620331 969.16808038949966 8816.2557857036591 4742.3913970589638 1960.4364888072014 536.97121500968933 755.49367332458496 972.02424281835556 1444.6774497032166 980.87589025497437 703.90344929695129 1934.5453997254372 2968.710038125515 810.43163120746613 9228.0473104119301 18965.811805844307 1941.5415697693825 1114.359985768795 38248.370900571346 849.43133670091629 5528.6646594405174 416.48935681581497 695.18110573291779 20379.015084981918 2676.5193067193031 2423.7494930028915 361.12848311662674 10564.908778190613 2863.0533775687218 7919.2268041968346 872.6387123465538 9813.8840062618256 298.70240825414658 3616.2285267114639 1485.6877546310425 1089.1554020047188 742.09683322906494 1432.2627496123314 6253.851589858532 4021.1540576219559 5770.6355450749397 1542.6904131174088 4503.7416613698006 9682.8066158294678 3390.6325912475586 316.22038227319717 487.10158580541611 736.26880514621735 1191.1718306541443 7426.2593930959702 14511.543160974979 1573.0241641402245 1253.6990316510201 448.080630838871 3245.911558508873 1436.7069284319878 328.03092634677887
leaf_count=22620 1568 4484 1990 1111 5755 2336 845 7393 3841 2190 626 661 818 1322 735 615 2055 2782 860 8196 16763 1759 1169 34590 760 5139 438 700 16577 2706 2683 386 12107 2466 9286 1118 8381 315 4385 1878 780 798 1313 7371 4109 6835 1705 3935 10264 3755 393 363 795 1260 9039 18350 1896 1096 411 3849 1735 422
internal_value=-0.00686303 -0.0119931 -0.00260367 -0.00140635 -0.00394046 -0.0149796 -0.00362921 -0.00544464 -0.00314351 -0.00972554 -0.000837049 -0.000255308 -0.0042815 -0.00777425 -0.010255 -0.000990543 0.00967179 -0.00216131 -0.00168304 0.00171058 -0.00302821 -0.00787891 -0.00212661 -0.000663359 -0.00158435 -0.000556274 0.0018258 -0.00815748 0.00103862 -0.0117871 -0.0110804 -0.00941751 -0.00663674 -0.00929091 -0.0112197 -0.00789945 -0.00552447 -0.0141296 -0.0096813 -0.00789985 -0.0094627 -0.0064253 -0.00297895 -0.0125125 -0.0158349 -0.0102392 -0.0107513 -0.00939771 -0.010947 -0.00930345 -0.00843735 -0.0131061 -0.0134902 -0.0124445 -0.016105 -0.0155004 -0.0111075 -0.012349 -0.0138573 -0.00402844 -0.00197174 -0.00524415
internal_weight=276907 125610 151297 79827.3 71470.1 54202.9 69355.9 30995 15941.9 71406.9 73282.4 62703.8 10578.6 6544.95 8316.6 2148.58 2471.52 38360.8 35392.1 10038.5 25353.6 15053.1 8352.84 60232.3 39097.8 6877.35 5158.88 34856.3 21134.5 7335.73 4396.37 1475.49 17459.6 11679.3 36550.6 11753.8 10783.1 2114.18 17396.7 6542.82 4659.21 5057.13 3373.8 15746.1 45886.3 20804.5 10853.8 6046.43 15033.9 5351.07 10881.1 1576.26 4757.42 4807.4 41128.8 21937.8 7826.88 2225.72 2871.83 5705.83 2131.89 3573.94
internal_count=276883 142199 134684 71587 63097 61833 60792 26436 13505 80366 64988 55269 9719 6599 6920 1937 2681 34356 31574 9056 22518 12931 7805 52588 35350 6250 4279 38769 17238 6185 4662 1555 20324 9859 41597 13618 9226 2305 18445 7160 3479 5282 3072 18553 54913 23044 11285 5640 16209 5945 12500 1143 4904 5645 50009 27389 9267 1914 3094 6706 2435 4271
is_linear=0
shrinkage=0.0382085


Tree=1
num_leaves=63
num_cat=0
split_feature=16 3 12 0 16 0 16 3 12 3 19 16 0 5 0 0 6 3 3 0 0 0 8 0 19 0 3 3 12 3 0 3 3 0 0 0 12 0 3 0 0 3 0 0 12 16 3 3 0 16 16 3 3 0 3 2 16 12 19 12 12 0
split_gain=4634.26 82.086 143.294 110.686 107.686 97.8244 120.027 75.5565 74.0077 70.7142 70.6321 63.9322 160.875 62.3316 150.107 79.0763 60.5262 140.452 43.7717 43.1266 33.403 34.498 32.7025 36.2665 32.5395 27.0466 21.6709 28.2479 16.8637 29.7362 21.9013 17.632 16.0593 14.1497 13.7902 21.7981 13.3356 25.069 14.5415 10.4503 10.0857 12.4806 9.90294 18.8491 9.75978 9.3184 9.19263 7.8192 6.8205 6.49772 10.0199 6.3987 5.47464 6.59836 5.41653 5.04763 4.6896 4.62641 4.31186 3.72768 3.26443 3.20678
threshold=1.0000000180025095e-35 1.3946797139396952e-07 0.0026690770173445348 0.34130960702896124 6.2936000176705434e-05 0.059310715645551688 0.016540165059268478 2.6263362997269727e-05 0.0001328855141764507 0.00034364305611234164 0.012085974216461183 1.9794097028125182e-07 0.091480273753404631 1.0000000180025095e-35 0.74704343080520641 0.44561558961868292 1.0000000180025095e-35 0.00034364305611234164 3.4467325349396566e-07 0.54427608847618114 0.7723645567893983 0.54427608847618114 1.0000000180025095e-35 0.56272441148757946 0.00045218283776193863 0.059310715645551688 0.02269908040761948 0.0059834124986082324 1.171554458778701e-05 9.5001170848263441e-05 0.06777025014162065 0.018762275576591495 0.10418143495917322 0.08277477324008943 0.88252755999565136 0.69886434078216564 1.0504471603667299e-07 0.099430277943611159 1.1145458302053159e-05 0.039757162332534797 0.49248139560222631 2.4696917932942602e-07 0.074897710233926787 0.06777025014162065 0.053609842434525497 0.024209473282098774 3.4467325349396566e-07 0.32668325304985052 0.39654518663883215 3.1333989909398956e-06 4.8099648211064058e-06 0.012818581890314819 0.39522977173328405 0.039757162332534797 4.8103026983881147e-07 2.5000000000000004 0.00014830355212325233 0.014820604119449856 0.0033412043703719978 1.2533433735306689e-09 0.019721959717571739 0.49248139560222631
decision_type=2 2 2 2 2 2 2 2 2 2 2 2 2 2 2 2 2 2 2 2 2 2 2 2 2 2 2 2 2 2 2 2 2 2 2 2 2 2 2 2 2 2 2 2 2 2 2 2 2 2 2 2 2 2 2 2 2 2 2 2 2 2
left_child=16 2 34 5 7 8 11 49 9 56 13 18 -13 15 -15 -6 25 36 -7 60 21 -9 61 -24 39 52 27 57 29 30 -27 33 55 -31 35 42 37 46 -38 -10 41 -30 43 -2 -34 -8 -18 -11 -33 -5 -51 -29 53 -1 -43 -28 -3 -21 -4 -39 -19 -12
right_child=1 3 58 4 10 6 45 20 24 47 22 12 -14 14 -16 -17 17 19 -20 26 -22 -23 23 -25 -26 28 32 51 40 31 -32 48 44 -35 -36 -37 38 59 -40 -41 -42 54 -44 -45 -46 -47 -48 -49 -50 50 -52 -53 -54 -55 -56 -57 -58 -59 -60 -61 -62 -63
leaf_value=0 0.0014598922574914988 -0.043414284371529374 -0.57253262861969811 0 -0.10188943356430975 0 0.14418315400090298 0 -0.0057250676832620627 -0.43156771730248272 -0.11287105571130721 0.4695173169550883 0 0 -0.067768487105603514 0.039417593202734899 0 0 -0.10916763952181643 0 -0.00073596766081748355 -0.26433136522641326 0.04189532465299127 -0.0040552561161139693 -0.34491700100801248 0 0 0 0 0 0 0 0 0 0.058091626043643839 -0.12219594113310447 0 0 0 0.12542853184324218 0 0 0.0014598922574914988 -0.19754290781513889 0 0.37582165922712824 0 -0.082153349174453008 0 0.10188943356430975 0 0 0 0 0 0 0.22004060178372495 0 -0.29570872559319844 0 0 -0.2930839002642503
leaf_weight=1928.9807443022728 813.71293944120407 1476.6854333877563 1122.4026734828949 590.23345768451691 1484.6253566741943 5119.9828989505768 1082.0220496058464 4878.6543521881104 472.83986449241638 2423.7494930028915 314.53569680452347 2471.5166147351265 32787.042906761169 20618.569921076298 11454.804895401001 18502.288602530956 1185.7966643571854 6966.8171705007553 5373.669615983963 5415.3203055262566 1532.2199614048004 4493.2176368236542 2539.4741888046265 26345.814335048199 461.86585819721222 725.47780185937881 7181.8244709968567 6237.3519146442413 2608.9168534874916 1521.1650610566139 17992.595025360584 3747.3402606248856 7160.6439415216446 3886.242985188961 873.5057138800621 1726.0803822875023 2016.8979567289352 1033.4352539181709 8643.7060373425484 1442.453999876976 1950.8010434508324 1104.9657884836197 1639.3288457989693 680.85272264480591 2249.7326163053513 1857.0006702542305 2309.0318532586098 219.50180727243423 3548.8026254177094 912.68473887443542 1019.2810207605362 3817.0233292579651 1495.4947443008423 2870.2573630213737 2097.0033972859383 2523.7811350822449 33.962574481964111 8448.0008723735809 1612.7792618870735 3857.4539338946342 2726.5739380121231 1278.3134708404541
leaf_count=2142 634 1506 1072 581 1263 4761 755 4652 408 2683 301 2681 27874 18513 10550 16243 1013 7920 4848 5938 1522 4435 2239 22284 410 598 8617 7499 3307 1709 18894 4725 8543 4766 660 1273 2251 1155 10043 1325 2419 1410 1210 558 2765 1388 2596 205 4434 873 1074 4672 1912 2928 2659 3014 44 9622 1710 4318 3356 1123
internal_value=-0.00618888 -0.00195264 -0.00561519 -0.00174721 -0.00253153 -0.000383539 0.000204697 -0.0057065 -0.00477456 -0.00785177 -0.00201457 -0.000275339 0.000502939 -0.00115823 -0.00220211 0.000515002 -0.0119568 -0.0112616 -0.00289389 -0.0122791 -0.00708508 -0.00794136 -0.00347599 -0.0031799 0.000587072 -0.0130531 -0.0128011 -0.0120208 -0.0126735 -0.0122701 -0.0132483 -0.0108254 -0.013775 -0.00914037 -0.00217392 -0.0029717 -0.00844243 -0.00728054 -0.00935241 0.00279762 -0.0143008 -0.0134652 -0.00105765 -0.00331244 -0.0126208 0.00768926 -0.00976633 -0.0116217 -0.0120683 0.00023852 0.00132458 -0.0104587 -0.0154084 -0.0160792 -0.0118108 -0.0148895 -0.00122842 -0.0131505 -0.0128131 -0.00549567 -0.00995747 -0.00881869
internal_weight=276907 159656 8468.66 151187 95964.7 55222.3 48691.2 13426.3 6531.06 4153.9 82538.4 45752.2 35258.6 52060.3 32073.4 19986.9 117251 71773.4 10493.7 52727.1 10904.1 9371.87 30478.1 28885.3 2377.16 45478 43033.7 23917.7 39183.3 31421.6 18718.1 12703.6 19116 5407.41 5733.48 4859.97 19046.3 8385.72 10660.6 1915.29 7761.69 5810.89 3133.89 1494.57 9410.38 2939.02 3494.83 2643.25 7296.14 2522.2 1931.97 10054.4 6294.73 4799.24 3201.97 9705.61 1510.65 13863.3 2735.18 4890.89 9693.39 1592.85
internal_count=276883 141658 7117 134541 85653 48888 42307 13137 6581 4438 72516 40164 30555 46569 29063 17506 135225 83322 9609 61946 10609 9087 25947 24523 2143 51903 50670 27731 44921 35126 19492 15634 22939 6475 4335 3675 21376 9082 12294 1733 9795 7376 2402 1192 11308 2143 3609 2888 9159 2528 1947 12171 6982 5070 4069 11631 1550 15560 2782 5473 11276 1424
is_linear=0
shrinkage=0.0382085


end of trees

feature_importances:
event_decay_major=39
event_decay_operation=30
event_decay_game_update=16
event_decay_operation_weighted=15
event_decay_case_drop=7
event_decay_major_weighted=7
event_decay_game_update_weighted=3
event_density_90d_case_drop=2
event_density_90d_game_update=2
event_density_90d_major=1
event_density_90d_operation=1
event_decay_case_drop_weighted=1

parameters:
[boosting: gbdt]
[objective: quantile]
[metric: quantile]
[tree_learner: serial]
[device_type: cpu]
[data_sample_strategy: bagging]
[data: ]
[valid: ]
[num_iterations: 1000]
[learning_rate: 0.0382085]
[num_leaves: 63]
[num_threads: -1]
[seed: 128]
[deterministic: 0]
[force_col_wise: 0]
[force_row_wise: 0]
[histogram_pool_size: -1]
[max_depth: 7]
[min_data_in_leaf: 10]
[min_sum_hessian_in_leaf: 0.001]
[bagging_fraction: 0.7]
[pos_bagging_fraction: 1]
[neg_bagging_fraction: 1]
[bagging_freq: 5]
[bagging_seed: 7259]
[bagging_by_query: 0]
[feature_fraction: 0.85]
[feature_fraction_bynode: 1]
[feature_fraction_seed: 2349]
[extra_trees: 0]
[extra_seed: 22898]
[early_stopping_round: 0]
[early_stopping_min_delta: 0]
[first_metric_only: 0]
[max_delta_step: 0]
[lambda_l1: 1]
[lambda_l2: 0.5]
[linear_lambda: 0]
[min_gain_to_split: 0.1]
[drop_rate: 0.1]
[max_drop: 50]
[skip_drop: 0.5]
[xgboost_dart_mode: 0]
[uniform_drop: 0]
[drop_seed: 14092]
[top_rate: 0.2]
[other_rate: 0.1]
[min_data_per_group: 100]
[max_cat_threshold: 32]
[cat_l2: 10]
[cat_smooth: 10]
[max_cat_to_onehot: 4]
[top_k: 20]
[monotone_constraints: ]
[monotone_constraints_method: basic]
[monotone_penalty: 0]
[feature_contri: ]
[forcedsplits_filename: ]
[refit_decay_rate: 0.9]
[cegb_tradeoff: 1]
[cegb_penalty_split: 0]
[cegb_penalty_feature_lazy: ]
[cegb_penalty_feature_coupled: ]
[path_smooth: 0]
[interaction_constraints: ]
[verbosity: -1]
[saved_feature_importance_type: 0]
[use_quantized_grad: 0]
[num_grad_quant_bins: 4]
[quant_train_renew_leaf: 0]
[stochastic_rounding: 1]
[linear_tree: 0]
[max_bin: 63]
[max_bin_by_feature: ]
[min_data_in_bin: 3]
[bin_construct_sample_cnt: 200000]
[data_random_seed: 456]
[is_enable_sparse: 1]
[enable_bundle: 1]
[use_missing: 1]
[zero_as_missing: 0]
[feature_pre_filter: 0]
[pre_partition: 0]
[two_round: 0]
[header: 0]
[label_column: ]
[weight_column: ]
[group_column: ]
[ignore_column: ]
[categorical_feature: ]
[forcedbins_filename: ]
[precise_float_parser: 0]
[parser_config_file: ]
[objective_seed: 18400]
[num_class: 1]
[is_unbalance: 0]
[scale_pos_weight: 1]
[sigmoid: 1]
[boost_from_average: 1]
[reg_sqrt: 0]
[alpha: 0.5]
[fair_c: 1]
[poisson_max_delta_step: 0.7]
[tweedie_variance_power: 1.5]
[lambdarank_truncation_level: 30]
[lambdarank_norm: 1]
[label_gain: ]
[lambdarank_position_bias_regularization: 0]
[eval_at: ]
[multi_error_top_k: 1]
[auc_mu_weights: ]
[num_machines: 1]
[local_listen_port: 12400]
[time_out: 120]
[machine_list_filename: ]
[machines: ]
[gpu_platform_id: -1]
[gpu_device_id: -1]
[gpu_use_dp: 0]
[num_gpu: 1]

end of parameters

pandas_categorical:[]
