tree
version=v4
num_class=1
num_tree_per_iteration=1
label_index=0
max_feature_idx=40
objective=quantile
feature_names=price_lag_1d return_1d return_3d return_7d return_14d return_30d return_60d price_std_7d price_std_14d price_std_20d price_std_60d price_zscore_30d vol_regime_60_30 trend_divergence_30_60 price_accel_7d price_log price_tier log_return_1d log_return_7d autocorr_1d autocorr_7d bb_pct_b bb_width rsi_14 macd_line macd_signal macd_histogram volume_missing volume_lag_1d volume_lag_7d volume_mean_7d volume_mean_30d volume_std_30d volume_std_60d volume_log_change_1d volume_log_change_7d volume_zscore_30d volume_price_conf_7d volume_price_conf_1d rsi_missing macd_missing
feature_infos=[0.029999999329447746:726.3900146484375] [-98.001335144042969:500] [-98.001335144042969:500] [-98.001335144042969:500] [-99.363525390625:500] [-99.273765563964844:500] [-99.186729431152344:500] [0:155.79258728027344] [0:113.14417266845703] [0:97.831710815429688] [0:100.54641723632812] [-4.96368408203125:5.2946515083312988] [0.70291376113891602:805.0294189453125] [-1056138296557568:933262033682432] [-598.0013427734375:586.79248046875] [-3.5065579414367676:6.5880870819091797] [0:4] [-3.9126894474029541:4.9908404350280762] [-3.9126894474029541:4.8882842063903809] [-49000.66796875:60162.6015625] [-49000.66796875:34064.93359375] [-0.54432862997055054:1.5621322393417358] [0.014894707128405571:15.69301700592041] [0:99.844482421875] [-54.1455078125:48.291065216064453] [-42.52099609375:42.708404541015625] [-22.157054901123047:15.944230079650879] none [1:107040] [1:107040] [1:33132.71484375] [1:19356.69921875] [0.57735025882720947:18549.255859375] [0.57735025882720947:13367.96484375] [-6.1758670806884766:6.1158919334411621] [-6.4248690605163574:6.5434322357177734] [-3.7836604118347168:5.2921395301818848] [-97.603759765625:500] [-96.563575744628906:500] [0:1] [0:1]
tree_sizes=2794 2813 2801 2725 2614 2597 2917 2801 2804 3024 3024 3038 2594 3009 3046 3135 3058 3148 3131 2933 3128 3138

Tree=0
num_leaves=26
num_cat=0
split_feature=39 0 2 29 5 9 9 22 11 12 24 9 31 32 24 0 36 24 5 31 32 12 11 22 24
split_gain=124.732 62.7557 21.6828 13.2285 18.7305 10.9598 19.4655 10.0803 9.93137 10.8546 10.249 7.9469 5.4255 10.7948 5.09439 3.5871 2.97929 2.29006 2.14485 1.23598 2.84462 1.27465 0.677632 0.198715 0.148884
threshold=1.0000000180025095e-35 0.30924999713897711 -4.5355582237243643 28.500000000000004 2.8908698558807377 0.54713237285614025 0.10075879842042924 0.27220347523689276 -0.18771857768297193 0.71422952413558971 -0.00108265207381919 0.54713237285614025 248.58333587646487 49.320428848266609 -0.0051188992802053681 0.33249999582767492 0.4207314401865006 0.11648622527718545 -1.0000000180025095e-35 183.05000305175784 33.117599487304695 0.70710840821266185 -0.47482204437255854 0.082148600369691863 1.0000000180025095e-35
decision_type=2 2 2 2 2 2 2 2 2 2 2 2 2 2 2 2 2 2 2 2 2 2 2 2 2
left_child=1 2 3 4 -1 6 -4 16 9 10 -2 -5 13 -9 -11 -14 17 -3 -18 23 -21 -22 -16 24 -10
right_child=8 7 5 11 -6 -7 -8 12 19 14 -12 -13 15 -15 22 -17 18 -19 -20 20 21 -23 -24 -25 -26
leaf_value=36.284834584221827 35.460410865562132 34.30469274520874 35.188621292114256 35.298377342224121 35.188621292114256 36.351956058957903 34.333883651928446 34.68492446899414 33.969871292114256 44.988620986938479 33.688621292114256 35.31053496266523 35.954138565063474 35.505230593748131 36.388621292114259 34.378077640533448 34.882733764648435 34.630389251708984 34.53541690826416 36.488621368408204 34.688621253967284 33.688621292114256 33.688621292114256 33.688621292114256 38.188621292114256
leaf_weight=1028.8686400055885 123.38185167312622 5855.7776800990105 17394.769599795341 4784.9055605530739 601.07166558504105 266.34759020805359 1883.5199635028839 4425.8365345001221 17.084825515747074 16.532801747322083 57.950209736824036 56.467803001403809 45.505915641784668 1709.8087577819824 57.142106771469116 1511.9735005497932 1204.2893653512001 1074.8772565126419 2140.9925452470779 16.230583786964417 404.23331999778748 4119.3661348819733 306.43402034044266 9120.276390850544 11.674630761146544
leaf_count=568 18 7009 14765 3421 310 26 259 3961 28 10 31 8 44 1543 56 1487 1525 1455 2774 19 121 5131 225 13773 19
internal_value=34.7305 34.7313 34.7322 34.7337 34.7361 34.7317 34.7317 34.7299 34.7281 34.732 34.738 34.733 34.7308 34.7312 34.7291 34.7292 34.7293 34.729 34.7301 34.7279 34.7283 34.7283 34.7283 34.7277 34.7305
internal_weight=0 43985 26016 6471.31 1629.94 19544.6 19278.3 17969.1 14250.3 561.441 181.332 4841.37 7693.12 6135.65 380.109 1557.48 10275.9 6930.65 3345.28 13688.9 4539.83 4523.6 363.576 9149.04 28.7595
internal_count=58586 39155 19357 4307 878 15050 15024 19798 19431 340 49 3429 7035 5504 291 1531 12763 8464 4299 19091 5271 5252 281 13820 47
is_linear=0
shrinkage=1


Tree=1
num_leaves=25
num_cat=0
split_feature=39 15 9 9 9 9 6 11 26 14 5 33 25 11 25 26 26 7 26 25 32 28 28 33
split_gain=123.412 62.661 28.4366 26.3513 25.1224 26.5385 17.6161 8.02297 5.9156 5.63889 5.16813 4.5293 3.88576 5.50639 3.57644 3.42067 1.92003 1.66074 1.08882 3.51038 0.929916 0.56933 0.826449 0.105961
threshold=1.0000000180025095e-35 -1.2937155961990354 0.54713237285614025 1.09124231338501 0.069021213799715056 0.0049575832672417173 -36.733360290527337 -0.18771857768297193 -0.0001770676899468526 14.238104820251467 29.815089225769047 7.7520813941955575 -0.0095510692335665209 -0.78849112987518299 0.1526102423667908 0.00092237035278230916 6.4078709005599432e-10 0.0094418651424348372 0.00020210785442031923 -0.001116799423471093 84.357784271240249 1003.5000000000001 1209.5000000000002 22.829764366149906
decision_type=2 2 2 2 2 2 2 2 2 2 2 2 2 2 2 2 2 2 2 2 2 2 2 2
left_child=1 2 4 -4 5 -1 -6 8 -2 10 14 -12 17 -14 -3 20 21 -11 19 -18 -10 -9 -23 -20
right_child=7 9 3 -5 6 -7 -8 16 15 12 11 -13 13 -15 -16 -17 18 -19 23 -21 -22 22 -24 -25
leaf_value=0.16132244796752934 0.70961548673371921 -0.26596467933654783 3.4515894266093015 -0.073383496628131345 3.5489307865847248 0.82032130751949828 -0.36352899090547436 -1.0106586387634275 0.38618763588616339 2.2571572301367744 0.88925298614501946 0.068108690946682288 0.58265647219186811 0.17068156533674481 0.14094655966558342 9.9503410652160635 0.64485118826268872 -0.23270135530716596 -0.30013234405517569 -0.81065864353179917 -1.0106586387634275 2.2333411864589374 -1.0106586387634275 -1.0106586387634275
leaf_weight=8115.2157800793648 121.804867208004 12465.923348367214 169.9083137512207 163.4815456867218 111.06158417463303 13375.400922238827 3044.0729438662529 9873.2810216546059 216.21025794744492 22.906246423721313 79.459159135818481 1645.2398280501366 155.36742579936981 2365.4059945344925 1481.785765171051 20.570661306381226 99.598835468292236 789.78352105617523 26.17754602432251 2235.8443442583084 202.85520380735397 92.258058607578278 319.08264762163162 1042.6234321594238
leaf_count=7924 27 14068 17 18 32 9932 497 14641 161 22 62 1755 76 2071 1913 14 18 768 23 3338 138 119 487 465
internal_value=0 0.000725891 0.00171372 0.0104184 0.00159515 0.00196237 -0.000901223 -0.00248642 0.00100841 -0.000571623 -0.000810322 0.000733726 0.000546084 0.00113075 -0.00100235 -0.000583074 -0.00263089 -0.00124856 -0.00199765 -0.00161873 -0.00120708 -0.00283893 -0.00165319 -0.00281047
internal_weight=0 43985 24979.1 333.39 24645.8 21490.6 3155.13 14250.3 561.441 19005.9 15672.4 1724.7 3333.46 2520.77 13947.7 439.636 13688.9 812.69 3404.24 2335.44 419.065 10284.6 411.341 1068.8
internal_count=58586 39155 18420 35 18385 17856 529 19431 340 20735 17798 1817 2937 2147 15981 313 19091 790 3844 3356 299 15247 606 488
is_linear=0
shrinkage=0.03


Tree=2
num_leaves=25
num_cat=0
split_feature=39 15 9 9 9 9 33 14 12 24 24 5 7 9 21 36 8 26 33 33 33 30 30 21
split_gain=117.771 58.6657 28.8821 26.3513 22.7808 24.0248 12.0048 5.57055 4.47626 9.3785 21.3819 4.44378 3.76265 13.9346 3.73796 2.62967 2.23424 1.79761 1.119 0.673495 1.01576 0.670959 1.48388 0.345366
threshold=1.0000000180025095e-35 -1.2937155961990354 0.54713237285614025 1.09124231338501 0.069021213799715056 0.0049575832672417173 177.6032409667969 14.238104820251467 0.71422952413558971 -0.0018922754679806528 -0.00108265207381919 29.815089225769047 0.19500671327114108 0.54713237285614025 0.1663523614406586 0.90054661035537731 0.18821875005960467 5.886056345019015e-13 118.77382659912111 232.13334655761722 191.83596801757815 1095.714294433594 1416.7857055664065 0.42089331150054937
decision_type=2 2 2 2 2 2 2 2 2 2 2 2 2 2 2 2 2 2 2 2 2 2 2 2
left_child=1 2 4 -4 5 -1 -6 11 9 -2 -11 15 13 -9 -14 -3 -13 21 -12 20 -19 23 -23 -10
right_child=8 7 3 -5 6 -7 -8 12 17 10 18 16 14 -15 -16 -17 -18 19 -20 -21 -22 22 -24 -25
leaf_value=0.15648277452850351 -0.98033887960052468 -0.28787774549875372 3.3480417438110224 -0.07118199172928738 -0.35806461161483816 0.79571166829391338 -0.33079225607287199 0.16822472382389428 -0.37224428691349898 1.1290006568445872 -0.98033887960052468 0.37526760181279833 0.51127947941822827 0.33142303391550543 -0.2232483759972792 -0.018349242080784974 -0.22115120027160634 -0.98033887960052468 0.18366112168693555 -0.98033887960052468 0.21366112054252639 2.0196611203994754 -0.98033887960052468 -0.98033887960052468
leaf_weight=8115.2157800793648 665.38070213794708 11285.604887783527 169.9083137512207 163.4815456867218 3031.4696216583252 13375.400922238827 123.66490638256073 2163.0567436218262 54.181355059146881 136.89759254455566 244.7535388469696 1096.3913533091545 16.230584383010864 137.11637049913406 1017.0594893097878 2662.1042257547379 628.30763387680054 2619.9406604170799 111.29170405864716 796.037264585495 146.25932562351227 118.45479118824005 242.60452479124069 9114.5054168105125
leaf_count=7924 98 12755 17 18 494 9932 35 1911 45 21 189 1156 5 59 962 3226 661 3170 83 1158 233 153 338 13943
internal_value=0 0.000690464 0.00164629 0.0104184 0.00152681 0.0018765 -0.000850211 -0.000564987 -0.00244757 -0.000642443 0.0024758 -0.00080224 0.00054592 0.00122424 -0.000949414 -0.000980298 0.00062889 -0.0026061 -0.00136382 -0.00201562 -0.00177871 -0.00282513 -0.00146589 -0.00287694
internal_weight=0 43985 24979.1 333.39 24645.8 21490.6 3155.13 19005.9 14250.3 1158.32 492.943 15672.4 3333.46 2300.17 1033.29 13947.7 1724.7 13092 356.045 3562.24 2766.2 9529.75 361.059 9168.69
internal_count=58586 39155 18420 35 18385 17856 529 20735 19431 391 293 17798 2937 1970 967 15981 1817 19040 272 4561 3403 14479 491 13988
is_linear=0
shrinkage=0.03


Tree=3
num_leaves=24
num_cat=0
split_feature=39 15 8 6 22 8 22 7 22 25 36 25 25 25 30 5 25 22 33 5 25 28 30
split_gain=115.82 55.326 20.8125 17.6669 30.4205 12.0196 7.68514 8.37636 6.14894 4.37885 3.66259 3.60441 2.88899 13.0516 25.9623 2.78994 2.75125 2.02643 1.15023 0.829995 0.72494 0.614761 0.918649
threshold=1.0000000180025095e-35 -1.2937155961990354 0.62850299477577221 -9.0811004638671857 0.59029695391654979 0.066416289657354369 0.27220347523689276 0.23634916543960574 0.80985727906227123 -2.1264074945293029e-08 0.4207314401865006 0.11124897375702859 -0.0015133465058170257 -0.001116799423471093 238.50000000000003 -1.0130859017372129 0.1526102423667908 0.082148600369691863 263.34991455078131 -40.585058212280266 -0.0055178445763885966 1003.5000000000001 1416.7857055664065
decision_type=2 2 2 2 2 2 2 2 2 2 2 2 2 2 2 2 2 2 2 2 2 2 2
left_child=1 2 3 4 -1 -5 10 8 -8 12 16 -9 19 14 -14 -12 -3 -11 -15 20 -2 -19 -23
right_child=9 6 -4 5 -6 -7 7 11 -10 17 15 -13 13 18 -16 -17 -18 21 -20 -21 -22 22 -24
leaf_value=0.45003300908134453 4.3803303947790422 -0.38490781515760131 3.2458578942711735 0.40987904109058793 1.4406675869342402 -0.37057758995409401 0.017254995792795002 -0.45048732989924556 0.58812898441513639 1.8622970689434815 0.24369298880951235 -0.017837444527494792 -0.95092871321250905 -0.54283410145199695 0.60675404725249205 -0.16648415007258796 0.039878397420392987 -0.95092871321250905 -0.95092871321250905 -0.95092871321250905 -0.95092871321250905 -0.025695063004989506 -0.95092871321250905
leaf_weight=3299.1508760452271 58.634356439113617 6472.7040436267853 187.50357437133789 17512.139527320862 1645.6696159243584 2334.6774961352348 3971.7629130482674 1416.7941681742668 1810.1453796029091 19.647549152374268 1132.0735301971436 1028.5108634233475 137.22113728523254 1931.4180122613907 104.0492388010025 2360.0340789556503 813.84631150960922 9627.0487363934517 580.56833618879318 1295.5828724503517 55.341386914253235 192.35157972574234 248.44367045164108
leaf_count=3103 20 7711 18 14174 752 373 4394 959 931 29 1432 1155 56 2581 47 3040 1113 14877 811 344 17 279 370
internal_value=0 0.00066436 0.00159259 0.00151645 0.0031225 0.00111548 -0.000554819 0.000134052 0.000758219 -0.00244757 -0.001082 -0.00133551 -0.00161996 -0.00104531 0.00559803 -0.00027781 -0.00146531 -0.00278751 -0.00169034 -0.00273102 -0.000134493 -0.00280746 -0.00162694
internal_weight=0 43985 24979.1 24791.6 4944.82 19846.8 19005.9 8227.21 5781.91 14250.3 10778.7 2445.31 4162.82 2753.26 241.27 3492.11 7286.55 10087.5 2511.99 1409.56 113.976 10067.8 440.795
internal_count=58586 39155 18420 18402 3855 14547 20735 7439 5325 19431 13296 2114 3876 3495 103 4472 8824 15555 3392 381 37 15526 649
is_linear=0
shrinkage=0.03


Tree=4
num_leaves=23
num_cat=0
split_feature=39 15 9 10 9 22 24 22 10 15 25 10 10 9 36 36 25 5 22 5 28 30
split_gain=111.748 52.157 29.7049 33.8537 22.7687 22.9718 9.46742 7.2268 5.14604 6.28177 4.71755 3.84464 49.2556 3.61975 3.58137 2.73279 2.70734 2.58779 2.02643 0.94053 0.614761 0.918649
threshold=1.0000000180025095e-35 -1.2937155961990354 0.54713237285614025 0.36919142305850988 0.069021213799715056 0.55607157945632946 -0.033451821655035012 0.27220347523689276 0.17655493319034579 -0.54904720187187184 -2.1264074945293029e-08 0.02035543974488974 0.018715891987085346 0.011410463601350786 0.4207314401865006 -0.17834195494651792 0.1526102423667908 -1.0130859017372129 0.082148600369691863 -40.585058212280266 1003.5000000000001 1416.7857055664065
decision_type=2 2 2 2 2 2 2 2 2 2 2 2 2 2 2 2 2 2 2 2 2 2
left_child=1 2 4 -4 5 -1 -6 14 9 -9 11 12 13 -2 16 -10 -3 -16 -12 -13 -20 -22
right_child=10 7 3 -5 6 -7 -8 8 15 -11 18 19 -14 -15 17 -17 -18 -19 20 -21 21 -23
leaf_value=0.27767946678513039 -0.7406436947942695 -0.3733605807028732 3.1527924232419258 -0.10634144637104243 1.1821808196990546 1.0111768738951583 -0.33940679263857138 0.57304522421964132 -0.23322984244035799 -0.11954671840680099 1.806428156875177 -6.5779251556923155 0.94605306465570138 1.697314289063292 0.23638219914522693 0.036019837698648756 0.038682045497781134 -0.16148962557041024 -0.92240085181613374 -0.92240085181613374 -0.024924211114839848 -0.92240085181613374
leaf_weight=14499.34849101305 2463.2915766835213 6472.7040436267853 143.98218631744385 189.40767312049866 172.76597148180008 6991.2682113051414 2982.3685565590858 2287.2072184085846 2251.8422982692719 1314.5144815444946 19.647549152374268 103.75353866815567 89.630297183990479 47.999015331268311 1132.0735301971436 2373.6493260264397 813.84631150960922 2360.0340789556503 9627.0487363934517 1458.1409124732018 192.35157972574234 248.44367045164108
leaf_count=14116 3410 7711 11 24 54 3740 475 2051 1886 1473 29 29 17 15 1432 2029 1113 3040 14877 405 279 370
internal_value=0 0.00062183 0.00152309 0.0104184 0.00140195 0.00175158 -0.000974649 -0.000561909 0.000106019 0.000957744 -0.00243488 -0.00157653 -0.000861342 -0.00164861 -0.0010731 -0.000553981 -0.00145215 -0.00027781 -0.00278751 -0.00275724 -0.00280746 -0.00162694
internal_weight=0 43985 24979.1 333.39 24645.8 21490.6 3155.13 19005.9 8227.21 3601.72 14250.3 4162.82 2600.92 2511.29 10778.7 4625.49 7286.55 3492.11 10087.5 1561.89 10067.8 440.795
internal_count=58586 39155 18420 35 18385 17856 529 20735 7439 3524 19431 3876 3442 3425 13296 3915 8824 4472 15555 434 15526 649
is_linear=0
shrinkage=0.03


Tree=5
num_leaves=23
num_cat=0
split_feature=39 0 9 28 9 9 20 9 11 32 24 31 10 11 26 26 30 24 26 10 10 13
split_gain=117.206 43.8454 25.4379 27.5887 27.1378 26.9831 10.5446 10.7586 10.1718 9.52313 7.59086 5.92712 8.86963 4.85562 6.46705 4.42303 9.18516 4.08774 3.5433 2.12945 14.5286 1.37046
threshold=1.0000000180025095e-35 0.30924999713897711 0.54713237285614025 34.500000000000007 0.078500002622604384 0.0053704844322055587 431.29876708984381 0.12969527393579486 -0.95641532540321339 70.342563629150405 -0.30654329061508173 21.583333969116214 0.17655493319034579 -0.18771857768297193 0.00092237035278230916 -9.5496565336361514e-05 131.75714111328128 0.11648622527718545 5.886056345019015e-13 0.02035543974488974 0.018715891987085346 0.2666823565959931
decision_type=2 2 2 2 2 2 2 2 2 2 2 2 2 2 2 2 2 2 2 2 2 2
left_child=1 2 4 -4 5 -1 11 9 -6 -8 -9 12 -3 14 15 16 -2 -13 -15 20 -20 -17
right_child=13 6 3 -5 8 -7 7 10 -10 -11 -12 17 -14 18 -16 21 -18 -19 19 -21 -22 -23
leaf_value=0.11071220286545873 -0.95526682564874899 0.69801931839323084 -0.71645719062947455 1.9177356696324259 0.70872250255215763 0.72209170952500235 0.49967936915653094 0.50837511980169936 -0.32831273952538625 3.4154378962575995 0.10496389788244696 -0.22118298740971162 -0.21842430939666424 -0.89472882626164973 8.5801547825103999 0.85791307078820644 0.50145709485630363 0.097571893956810873 -0.7667443791863614 -0.89472882626164973 1.2095416699644626 -0.78118154574067711
leaf_weight=8821.7075420022011 78.316500723361969 492.40901654958725 151.57714009284973 210.50802850723267 114.37568157911301 14199.099508166313 65.872303664684296 26.196732401847839 2892.668475985527 94.132134735584259 491.19736808538437 13425.582294166088 1059.9756510853767 9825.7031912207603 25.105814814567566 24.102035701274872 60.589429378509521 2352.9891765117645 2914.1899902820587 1118.9885297417641 36.249900817871094 354.40172356367111
leaf_count=8562 23 378 16 21 56 10464 56 16 453 61 358 14939 806 14440 15 32 13 3059 4364 361 11 266
internal_value=0 0.000679047 0.00145796 0.00935645 0.00134733 0.00169772 -0.000461567 0.00320543 -0.00132999 0.0100025 0.00106683 -0.000605849 0.00115876 -0.00243249 0.000327172 -0.000372525 0.00416133 -0.000780443 -0.00254132 -0.00178658 -0.00135401 -0.00207926
internal_weight=0 44398.3 26389.9 362.085 26027.9 23020.8 18008.4 677.399 3007.04 160.004 517.394 17331 1552.38 14437.6 542.516 517.41 138.906 15778.6 13895.1 4069.43 2950.44 378.504
internal_count=58770 39245 19572 37 19535 19026 19673 491 509 117 374 19182 1184 19525 349 334 36 17998 19176 4736 4375 298
is_linear=0
shrinkage=0.03


Tree=6
num_leaves=26
num_cat=0
split_feature=39 0 9 28 9 22 22 12 24 22 21 7 0 24 21 24 9 29 36 12 32 24 9 12 32
split_gain=114.623 40.8734 25.728 27.5887 26.2292 26.9441 12.1993 17.2453 21.6846 9.2116 8.94296 3.95835 4.31118 3.80098 2.18796 2.80383 7.49174 1.86214 1.81036 4.18433 1.77584 0.778232 1.58962 0.208673 0.180289
threshold=1.0000000180025095e-35 0.30924999713897711 0.54713237285614025 34.500000000000007 0.078500002622604384 0.55607157945632946 0.80985727906227123 1.2059555649757387 0.025956453755497936 1.0810002684593203 0.39815440773963934 0.015194179490208628 0.65224999189376842 -8.2161766279398297e-10 1.1419847011566164 0.0058405438903719195 0.015791652724146846 6.5000000000000009 -0.54278934001922596 3.8086534738540654 70.342563629150405 -0.0018922754679806528 0.018525586463510994 1.4937903881073 10.802511215209963
decision_type=2 2 2 2 2 2 2 2 2 2 2 2 2 2 2 2 2 2 2 2 2 2 2 2 2
left_child=1 2 4 -4 5 -1 11 9 -9 -8 -6 17 -13 18 24 16 -16 -3 19 20 -2 23 -23 -20 -15
right_child=13 6 3 -5 10 -7 7 8 -10 -11 -12 12 -14 14 15 -17 -18 -19 21 -21 -22 22 -24 -25 -26
leaf_value=0.22006640173615999 -0.86788696147380029 2.1975105065396727 -0.6949634749105903 1.8602035995434532 0.52661372978392085 0.97237354042358848 0.43102114575059736 -0.20971060820214057 2.6270348072687333 -0.12775319166801102 -0.35792465694302006 0.1320376593771124 -0.1607710099285449 -0.86788696147380029 0.12827346696696831 -3.2135526435075574 14.128273505113942 -0.39399468646636898 -0.86788696147380029 7.1897645041754652 0.0045779521935208935 -0.74495171517146486 1.6313511475457039 -0.89629774209008695 -0.86788696147380029
leaf_weight=15466.649853289127 535.69853967428207 36.040332436561584 151.57714009284973 210.50802850723267 363.61876630783081 7554.1571968793869 514.50453841686249 77.053412556648254 106.35969638824463 2076.259996175766 2643.4253912568092 2181.073397397995 9936.4218852519989 151.20070707798004 72.839854955673218 104.80355727672577 13.089289665222166 3080.6414185762405 865.56158536672592 19.375674724578857 698.50914758443832 2359.971642434597 37.704222679138184 126.60683888196945 9452.2860559225082
leaf_count=15072 507 36 16 21 159 3954 366 37 44 797 350 2284 12374 225 97 17 1 3735 193 16 624 3148 8 33 14656
internal_value=0 0.000661315 0.00141337 0.00935645 0.00130211 0.0016466 -0.00043994 0.00138772 0.0102711 0.000751175 -0.00132999 -0.00077378 -0.000526707 -0.00241574 -0.00275345 0.000358355 0.00443068 -0.00172934 -0.00169997 -0.000707168 -0.000938043 -0.00206253 -0.00175235 -0.00279576 -0.00281683
internal_weight=0 44398.3 26389.9 362.085 26027.9 23020.8 18008.4 2774.18 183.413 2590.76 3007.04 15234.2 12117.5 14437.6 9794.22 190.733 85.9291 3116.68 4643.43 1253.58 1234.21 3389.84 2397.68 992.168 9603.49
internal_count=58770 39245 19572 37 19535 19026 19673 1244 81 1163 509 18429 14658 19525 14996 115 98 3771 4529 1147 1131 3382 3156 226 14881
is_linear=0
shrinkage=0.03


Tree=7
num_leaves=25
num_cat=0
split_feature=39 0 9 9 22 10 33 22 12 10 22 5 25 8 12 31 25 25 10 10 5 25 35 32
split_gain=111.95 39.2797 19.4568 25.5418 25.2078 14.0391 11.9091 11.1605 17.6097 21.9637 7.27933 4.74073 4.3139 6.107 4.10554 3.27271 2.79302 2.64759 3.53411 22.3474 1.95223 3.96954 0.529729 0.164617
threshold=1.0000000180025095e-35 0.30924999713897711 0.54713237285614025 0.078500002622604384 0.55607157945632946 0.50947561860084545 177.6032409667969 0.80985727906227123 1.2059555649757387 0.13795936107635501 1.0810002684593203 -5.9746012687683097 0.1526102423667908 0.12484395503997804 0.75071495771408092 11.84999990463257 -0.0055178445763885966 -2.1264074945293029e-08 0.02035543974488974 0.018715891987085346 2.8908698558807377 0.00042494235094636684 -0.18126922100782392 10.802511215209963
decision_type=2 2 2 2 2 2 2 2 2 2 2 2 2 2 2 2 2 2 2 2 2 2 2 2
left_child=1 2 3 4 -1 -4 -5 12 10 -10 -9 14 15 -14 -2 -3 -16 18 19 -13 23 -22 -18 -19
right_child=11 7 5 6 -6 -7 -8 8 9 -11 -12 17 13 -15 16 -17 22 20 -20 -21 21 -23 -24 -25
leaf_value=0.21346440968407512 1.0824104605314424 0.29856643566440727 2.1415604755783204 -0.33738593288423024 0.94320233421088084 0.059650724155650502 0.69292586649369325 0.4180905113780794 3.1743710764350892 0.24627032649710998 -0.12392059591797064 -0.59555938637228478 0.51609666699462919 0.067453605638759337 6.351391735501049 -0.22132212751910635 0.61648274353929644 -0.8418503526295863 -0.8418503526295863 1.1731180812997228 13.704425299960523 -2.3966309056859845 -0.67218462351330077 -0.8418503526295863
leaf_weight=15466.649853289127 20.349211156368256 284.23073220252991 148.34528350830078 2880.5168769955635 7554.1571968793869 213.73988509178162 126.52728056907654 514.50453841686249 80.5130695104599 102.90003943443298 2076.259996175766 2510.0277800559998 69.864070177078247 1986.6224911212921 55.074428200721741 12893.459740161896 58.644101679325104 156.32615476846695 1545.0921141505241 57.487516582012177 60.529953479766846 116.04472661018372 112.50648188591003 9745.5646476745605
leaf_count=15072 6 301 12 470 3954 25 39 366 25 56 797 3469 88 2667 27 15373 48 234 407 12 78 32 72 15140
internal_value=0 0.00062698 0.00136423 0.00126738 0.00160733 0.00827346 -0.00132999 -0.000452588 0.00129536 0.0102711 0.000652277 -0.00241397 -0.000771911 0.000501107 0.00167123 -0.000971725 0.000427771 -0.00248606 -0.00183312 -0.00114103 -0.00275091 0.000299153 -0.00139453 -0.00280682
internal_weight=0 44398.3 26389.9 26027.9 23020.8 362.085 3007.04 18008.4 2774.18 183.413 2590.76 14437.6 15234.2 2056.49 246.574 13177.7 226.225 14191.1 4112.61 2567.52 10078.5 176.575 171.151 9901.89
internal_count=58770 39245 19572 19535 19026 37 509 19673 1244 81 1163 19525 18429 2755 153 15674 147 19372 3888 3481 15484 110 120 15374
is_linear=0
shrinkage=0.03


Tree=8
num_leaves=25
num_cat=0
split_feature=8 15 10 5 10 9 22 20 12 10 24 3 5 22 22 12 25 10 10 0 25 32 32 28
split_gain=110.864 43.0378 40.0469 27.5776 27.2179 20.8908 30.895 8.76822 13.6888 18.625 6.69716 5.45693 5.01195 4.74033 5.3714 4.003 2.99697 3.74509 19.4345 2.66706 1.85351 0.307555 0.163325 0.175735
threshold=1.0000000180025095e-35 -1.2937155961990354 0.32348060607910162 14.597000122070314 0.50947561860084545 0.069021213799715056 0.55607157945632946 431.29876708984381 1.2059555649757387 0.13795936107635501 -0.021710057742893692 -15.525191307067869 -3.241906881332397 0.27220347523689276 1.3542608618736269 0.80654114484786998 -2.1264074945293029e-08 0.02035543974488974 0.018715891987085346 2.4414999485015874 -0.0055178445763885966 84.357784271240249 10.802511215209963 390.50000000000006
decision_type=2 2 2 2 2 2 2 2 2 2 2 2 2 2 2 2 2 2 2 2 2 2 2 2
left_child=12 2 5 4 -4 6 -2 13 11 -10 -7 -9 15 19 -15 -1 17 18 -14 -3 -17 -22 -18 -24
right_child=1 7 3 -5 -6 10 -8 8 9 -11 -12 -13 16 14 -16 20 22 -19 -20 -21 21 -23 23 -25
leaf_value=1.0499381467154991 0.18598880190222003 -0.30624213037115539 2.6730960150109371 -1.1297731295139675 0.1642103459172608 0.30961583741721893 0.97409874328175861 0.65282808186388108 2.3270294837395231 -0.41982268963042191 -0.31328617522789992 -0.12411042152635564 -0.6052067242969098 0.061589928988073098 -0.68494407292142567 6.348265131248974 -0.81659484205069877 -0.81659484205069877 1.1379245388607313 -0.10627075967413389 -0.2178634208989606 -0.65468219081918189 -0.81659484205069877 -0.81659484205069877
leaf_weight=39.202706813812256 14665.918377876282 6239.9375115036964 232.58269023895264 176.17085552215576 485.92870491743088 76.014958381652832 6967.6120166182518 122.58290863037109 77.444181263446808 61.526060283184052 2740.6968538761139 582.73096269369125 2537.0632571578026 6148.7470170855522 1513.3440879583359 52.140393614768982 156.32615476846695 1611.2157720923424 64.544632136821747 4547.6218646168709 83.089688956737518 81.05810159444809 8487.5519810914993 1084.8864300847054
leaf_count=16 14358 7433 35 20 61 50 3735 95 25 49 435 377 3505 6508 429 26 234 415 12 5726 61 54 13456 1655
internal_value=0 0.000609283 0.00142216 0.00765753 0.0102688 0.00119323 0.00150996 -0.000457763 0.00252759 0.011124 -0.00123391 0.000805874 -0.00243418 -0.000595255 -2.26593e-05 0.00169211 -0.00251093 -0.00183174 -0.00111821 -0.00100054 1.50937e-05 -0.0014819 -0.00280339 -0.00282159
internal_weight=0 44638.9 25344.9 894.682 718.511 24450.2 21633.5 19293.9 844.284 138.97 2816.71 705.314 14197.1 18449.7 7662.09 255.491 13941.6 4212.82 2601.61 10787.6 216.288 164.148 9728.76 9572.44
internal_count=58770 39336 18694 116 96 18578 18093 20642 546 74 485 472 19434 20096 6937 157 19277 3932 3517 13159 141 115 15345 15111
is_linear=0
shrinkage=0.03


Tree=9
num_leaves=27
num_cat=0
split_feature=8 15 10 10 25 9 22 1 20 32 9 25 13 22 7 10 10 9 23 15 11 10 32 26 28 28
split_gain=108.767 40.2726 40.742 21.996 27.2667 19.9442 29.4901 17.1971 8.45729 9.66043 16.7761 4.60545 4.51944 4.46399 6.933 3.79908 25.7588 5.05808 3.30533 2.72877 2.26592 2.37584 0.162289 2.81056 0.172572 0.441383
threshold=1.0000000180025095e-35 -1.2937155961990354 0.32348060607910162 0.50947561860084545 0.013490748126059772 0.069021213799715056 0.55607157945632946 -8.7674083709716779 431.29876708984381 59.731283187866218 0.10075879842042924 -2.1264074945293029e-08 -0.26526427268981928 0.27220347523689276 0.16409990936517718 0.02035543974488974 0.018715891987085346 0.011410463601350786 16.25059795379639 1.5169936418533327 -0.21354664862155912 0.034932795912027366 10.802511215209963 5.886056345019015e-13 390.50000000000006 423.50000000000006
decision_type=2 2 2 2 2 2 2 2 2 2 2 2 2 2 2 2 2 2 2 2 2 2 2 2 2 2
left_child=11 2 5 4 -4 6 -2 -5 13 18 -11 15 -7 19 -15 16 17 -1 -10 -3 21 -17 23 -13 -24 -26
right_child=1 8 3 7 -6 12 -8 -9 9 10 -12 22 -14 14 -16 20 -18 -19 -20 -21 -22 -23 24 -25 25 -27
leaf_value=-0.63336246041056088 0.18040913784515347 -0.27680215690021787 0.15379705887354808 1.4905774487370469 13.255715000800304 0.012540069635451167 0.94487578098330582 -0.069677595811641541 0.44806567403787162 2.1360065629467395 0.57559434494451145 -0.79209699678917789 -0.50102507265221641 0.13005757273087781 -0.19118584333941469 -0.72860268642913928 1.1037868026949094 -0.0385515886034433 -0.45275244079626531 -0.097142180658479585 -0.79209699678917789 7.7595024204745497 -0.79209699678917789 1.5040633935046179 -0.79209699678917789 -0.79209699678917789
leaf_weight=2597.0537914037704 14665.918377876282 7440.042921602726 184.58862972259521 214.29678928852081 104.71431732177734 370.56226277351379 6967.6120166182518 391.0825143456459 29.752936065196991 114.85773205757141 314.1322158575058 143.51253581047058 2446.1495494842529 5027.0201128721237 2635.0709921717644 33.054930806159973 73.591358006000519 58.043488919734955 385.54122889041901 3347.5164545178413 1676.1915654540062 30.379417777061462 8487.5519810914993 12.813618957996367 100.51572418212891 984.37070590257645
leaf_count=3596 14358 8834 33 22 8 60 3735 53 22 69 239 216 425 4596 2341 22 14 19 216 4325 429 9 13456 18 153 1502
internal_value=0 0.000582147 0.00136848 0.00765753 0.0144784 0.00113759 0.00144708 0.0043639 -0.000450035 0.00248184 0.00564069 -0.00243237 -0.00123391 -0.000585079 -2.93483e-05 -0.00162673 -0.00091968 -0.0014115 -0.000747962 -0.000978388 -0.00272657 0.00270138 -0.00280075 -0.00158749 -0.00281891 -0.00237091
internal_weight=0 44638.9 25344.9 894.682 289.303 24450.2 21633.5 605.379 19293.9 844.284 428.99 14197.1 2816.71 18449.7 7662.09 4468.31 2728.69 2655.1 415.294 10787.6 1739.63 63.4343 9728.76 156.326 9572.44 1084.89
internal_count=58770 39336 18694 116 41 18578 18093 75 20642 546 308 19434 485 20096 6937 4089 3629 3615 238 13159 460 31 15345 234 15111 1655
is_linear=0
shrinkage=0.03


Tree=10
num_leaves=27
num_cat=0
split_feature=39 15 10 28 9 9 22 0 22 7 9 22 26 22 10 10 7 5 25 9 25 5 12 25 31 28
split_gain=107.417 41.7774 29.3777 23.2335 24.7633 23.0908 23.8909 22.8811 8.39506 8.32256 6.61587 6.06877 5.76588 3.98833 2.69849 26.8095 5.05984 2.57015 1.81769 5.18183 2.0087 1.66294 2.50433 0.289854 0.200879 0.11341
threshold=1.0000000180025095e-35 -1.3655122518539426 0.32348060607910162 34.500000000000007 0.026521341875195507 0.060543285682797439 0.55607157945632946 0.20225000381469729 0.26289092004299169 0.16409990936517718 0.44104269146919256 1.3542608618736269 6.4078709005599432e-10 0.62944594025611889 0.02035543974488974 0.018715891987085346 0.024527438916265968 -6.8609755039215079 0.1526102423667908 0.12969527393579486 0.0041352175176143655 -29.597450256347653 1.4937903881073 -2.0816682538902295e-17 1325.3499755859377 1003.5000000000001
decision_type=2 2 2 2 2 2 2 2 2 2 2 2 2 2 2 2 2 2 2 2 2 2 2 2 2 2
left_child=1 2 5 4 -4 6 -1 -5 18 10 -10 -7 17 -11 15 16 -14 -2 20 -20 -3 22 -16 24 -19 -25
right_child=12 8 3 7 -6 11 -8 -9 9 13 -12 -13 14 -15 21 -17 -18 23 19 -21 -22 -23 -24 25 -26 -27
leaf_value=0.18686118255745512 2.619596626266083 -0.18438562748501175 1.4044068881258904 12.858043550776296 -0.26438907000292938 0.4301166985811965 0.98336976006839183 -0.13757838992310667 0.13202089976346648 0.02019706861628414 0.58355904018966298 -0.28157755472194512 -0.60580680563449885 -0.41036443213800178 -0.60861570917965113 1.1206731223201167 13.235723305233755 -0.76833408688550253 1.5786386103123506 -0.034040982266609204 -0.33620678625008465 -0.76833408688550253 4.3627049892858389 -0.76833408688550253 -0.76833408688550253 -0.76833408688550253
leaf_weight=14018.577488481998 10.613392531871794 4910.3520654439926 177.11264419555664 119.78645420074463 354.2413969039917 97.892070591449738 6664.5786869525909 162.88949978351593 5478.3735567927361 1432.8506414890289 457.28706359863281 3092.7184058427811 2658.1545050144196 1600.4560301303864 75.552855849266052 53.167417824268341 24.8643718957901 1711.2513672709465 15.376342654228209 1057.6056939959526 4638.4214640259743 1128.0454455018044 51.589552342891693 8384.7582870721817 84.639927387237549 301.26242691278458
leaf_count=13640 9 5809 21 18 46 67 3540 21 5078 1843 257 486 3802 832 19 15 6 1961 20 1426 5872 372 21 12799 127 388
internal_value=0 0.000561518 0.00138254 0.00698902 0.0032498 0.0011906 0.00155736 0.0139466 -0.00047236 0.000202063 0.000856733 -0.00118207 -0.00241461 -0.001074 -0.00143605 -0.000899029 -0.00132398 -0.00278533 -0.00104323 0.000114787 -0.00117493 -0.00259394 0.000558824 -0.00280165 -0.00239896 -0.00288304
internal_weight=0 44278.5 24687.8 814.03 531.354 23873.8 20683.2 282.676 19590.7 8968.97 5935.66 3190.61 14483.9 3033.31 3991.37 2736.19 2683.02 10492.5 10621.8 1072.98 9548.77 1255.19 127.142 10481.9 1795.89 8686.02
internal_count=58495 38976 17839 106 67 17733 17180 39 21137 8010 5335 553 19519 2675 4235 3823 3808 15284 13127 1446 11681 412 40 15275 2088 13187
is_linear=0
shrinkage=0.03


Tree=11
num_leaves=27
num_cat=0
split_feature=7 15 10 28 12 7 13 15 14 22 7 25 22 37 10 26 37 36 26 25 25 8 28 22 30 28
split_gain=104.784 44.0652 28.9655 23.2335 23.8191 18.4404 15.494 13.7375 9.12559 7.87231 7.40873 5.53799 5.47668 4.13665 4.12395 8.58175 5.01327 3.74023 2.09176 2.02908 1.88582 6.44357 0.929823 0.852046 0.433518 0.428702
threshold=1.0000000180025095e-35 -1.3655122518539426 0.32348060607910162 34.500000000000007 7.8421380519866952 0.027276799082756046 0.29483956098556524 -3.2378240823745723 -35.881507873535149 0.26289092004299169 0.16409990936517718 -2.1264074945293029e-08 0.80985727906227123 -19.207859992980953 0.051187727600336082 0.0013004815555177631 -3.6682786941528316 0.53621533513069164 -0.020536644384264943 0.0011534758377820256 0.00023635484831174838 0.051850400865077979 157.50000000000003 0.055231951177120216 56.214284896850593 1003.5000000000001
decision_type=2 2 2 2 2 2 2 2 2 2 2 2 2 2 2 2 2 2 2 2 2 2 2 2 2 2
left_child=11 2 6 4 -4 -5 8 -8 -2 17 12 14 -11 -12 15 16 -1 18 -3 -19 23 22 -22 24 -13 -25
right_child=1 9 3 5 -6 -7 7 -9 -10 10 13 20 -14 -15 -16 -17 -18 19 -20 -21 21 -23 -24 25 -26 -27
leaf_value=0.18702833845780972 1.1961626364684965 -0.043247578346972126 -0.25182432880422367 -0.73273508346657035 1.3574715040502408 2.2256670183624756 0.76478026641060393 0.066739241428875926 0.46746224100162981 0.023752031590006977 0.37513313072945226 -1.1187446147722959 0.67931774237238274 -0.25880499153410441 -0.74528406427893745 8.7719972029670732 -0.39987544458665086 0.16865287285163261 -0.36012111791710133 -0.14665588919012953 -0.87217959039470894 -0.92348380604582314 1.6870283384578098 -0.74528406427893745 3.9812553852277039 -0.74528406427893745
leaf_weight=14.303612947463987 566.33161854743958 991.22263193130493 350.53653907775879 124.86074233055115 180.81750202178955 157.81521165370941 3265.7060742378235 12262.109179198742 6704.4038291573524 4056.9338798522949 166.8355820775032 10.250895380973818 1912.5934924483299 2944.6392695307732 1306.4832325577736 13.53029954433441 3595.1235725879669 1326.6586633324623 6635.1927482485771 1771.1904785633087 51.648352146148682 300.34236097335815 53.830625176429749 9537.4836210608482 15.945837020874022 445.62920308113098
leaf_count=8 335 1252 42 17 25 22 2169 9533 5169 4462 174 18 880 2511 321 7 4052 1625 7944 2324 16 35 14 14871 24 645
internal_value=0 0.000550714 0.00142616 0.00698902 0.0032498 0.0139466 0.00122673 0.000690165 0.00237045 -0.000492274 0.000156267 -0.00233323 0.000776324 -0.00102846 -0.00149778 -0.000970284 -0.00106513 -0.00104282 -0.00140013 -0.000158258 -0.00272712 -0.000672165 0.0056418 -0.0028089 0.00225395 -0.0028238
internal_weight=0 43417.8 23612.6 814.03 531.354 282.676 22798.6 15527.8 7270.74 19805.3 9081 15344.6 5969.53 3111.47 4929.44 3622.96 3609.43 10724.3 7626.42 3097.85 10415.1 405.821 105.479 10009.3 26.1967 9983.11
internal_count=58495 38484 17312 106 67 39 17206 11702 5504 21172 8027 20011 5342 2685 4388 4067 4060 13145 9196 3949 15623 65 30 15558 42 15516
is_linear=0
shrinkage=0.03


Tree=12
num_leaves=23
num_cat=0
split_feature=7 0 9 28 9 22 33 20 9 24 22 31 10 10 10 7 10 36 24 30 30 22
split_gain=103.976 38.5909 19.3208 39.9772 20.1524 19.4419 10.797 8.53582 13.1223 6.42203 5.42852 6.24567 4.61341 7.19726 2.94621 2.91505 2.6394 2.60884 1.06267 0.37476 1.06871 0.423947
threshold=1.0000000180025095e-35 0.30924999713897711 0.54713237285614025 34.500000000000007 0.078500002622604384 0.35449920594692236 177.6032409667969 789.98171997070324 0.10075879842042924 -8.2161766279398297e-10 0.29206603765487676 16.983333587646488 0.051187727600336082 0.045278901234269149 0.50947561860084545 0.043282227590680129 0.0028358082054182891 0.53621533513069164 0.00054816144984215509 1095.714294433594 1416.7857055664065 0.10082457959651948
decision_type=2 2 2 2 2 2 2 2 2 2 2 2 2 2 2 2 2 2 2 2 2 2
left_child=9 2 4 -4 5 -2 -6 10 15 12 17 -12 13 16 -10 -9 -1 -3 19 21 -21 -11
right_child=1 7 3 -5 6 -7 -8 8 14 18 11 -13 -14 -15 -16 -17 -18 -19 -20 20 -22 -23
leaf_value=-0.66883623097338574 0.13038940068808494 -0.30657176713282258 -0.83642856232442453 1.9413905439101373 -0.21811970685553864 0.82188563310825402 1.1237966984698438 3.8221357235314408 -0.53798448129470566 1.2618177999648181 0.55932705187041154 -0.044990735690540816 -0.72292554235056938 8.5088372868780624 1.6549003170010719 2.9807013421940938 -0.068223511743156495 -0.077553456704116563 1.5364174120101302 1.9323932252161116 -0.72292554235056938 -0.72292554235056938
leaf_weight=2622.6996375918388 11411.448112368584 7558.4009945988655 177.54075145721436 233.41733145713806 2828.6019285917282 10705.62203258276 100.78577136993408 32.5782870054245 228.96943372488022 12.244124889373778 716.65989750623703 6206.2940618395805 1511.5487776398659 15.83829629421234 54.957279801368713 39.26078850030899 1564.3569723963737 3123.3107714056969 49.779685497283936 124.14973312616348 244.02826035022736 9199.9261246919632
leaf_count=4032 11326 9278 21 21 466 6921 33 12 162 19 516 5666 344 9 59 19 725 3984 6 164 355 14357
internal_value=0 0.000541247 0.00129265 0.0077475 0.00118599 0.00149598 -0.00114919 -0.000522976 0.00406888 -0.00233156 -0.000616736 3.55436e-05 -0.00152883 -0.00101199 0.00110368 0.0154921 -0.00109279 -0.00104087 -0.00280623 -0.0028295 -0.00177356 -0.00286997
internal_weight=0 43417.8 25457.4 410.958 25046.5 22117.1 2929.39 17960.4 355.766 15344.6 17604.7 6922.95 5714.44 4202.89 283.927 71.8391 4187.06 10681.7 9630.13 9580.35 368.178 9212.17
internal_count=58495 38484 18788 42 18746 18247 499 19696 252 20011 19444 6182 5110 4766 221 31 4757 13262 14901 14895 519 14376
is_linear=0
shrinkage=0.03


Tree=13
num_leaves=27
num_cat=0
split_feature=8 15 10 15 0 9 22 28 36 22 7 25 22 10 10 22 9 36 25 25 5 12 28 28 29 31
split_gain=102.043 38.3444 29.3536 21.6185 22.9185 20.0644 23.1997 13.8286 7.23025 6.7066 7.7423 5.26848 4.90226 4.43592 30.0668 4.19371 3.43517 3.39305 1.89305 1.79286 1.11617 1.72633 0.44957 1.09739 1.17735 0.113052
threshold=1.0000000180025095e-35 -1.3655122518539426 0.32348060607910162 -1.6646872162818906 0.16224999725818637 0.060543285682797439 0.59029695391654979 40.500000000000007 0.16773887723684314 0.26289092004299169 0.16409990936517718 -2.1264074945293029e-08 0.80985727906227123 0.02035543974488974 0.018715891987085346 0.62944594025611889 0.011410463601350786 0.53621533513069164 0.0011534758377820256 0.1526102423667908 -29.597450256347653 1.4937903881073 1003.5000000000001 1209.5000000000002 1195.5000000000002 39.583332061767585
decision_type=2 2 2 2 2 2 2 2 2 2 2 2 2 2 2 2 2 2 2 2 2 2 2 2 2 2
left_child=11 2 5 4 -4 6 -2 -5 -7 17 12 13 -11 14 16 -12 -1 19 -19 -3 21 -15 25 24 -24 -13
right_child=1 9 3 7 -6 8 -8 -9 -10 10 15 22 -14 20 -16 -17 -18 18 -20 -21 -22 -23 23 -25 -26 -27
leaf_value=-0.5555712511986628 0.16347175295926208 -0.32009626062585744 1.4255292333185146 -0.24064176990069461 1.9248612302607424 -0.31041845299076171 0.91549541498989806 0.11801474549723501 -0.12522612675754144 0.024389192713022964 0.023865910405776701 -0.70123777608005222 0.65613747337888262 -0.5463109497053763 1.1010958973404075 -0.39057052795793884 -0.1497027087777302 0.16591989036720717 -0.13992960881330219 -0.013018966247113113 -0.70123777608005222 4.0195605846430107 -0.79855777083672308 -0.70123777608005222 13.977101357409012 -0.70123777608005222
leaf_weight=2599.0359314084053 14527.854949235916 6831.67508071661 288.19332683086395 234.34813141822815 168.05309367179871 1955.586595594883 6242.5454330444336 123.43544316291809 1185.697971701622 4056.9338798522949 1444.2405254840851 1501.4714248776436 1912.5934924483299 76.975276112556458 66.119041204452515 1667.2343261241913 56.892835080623627 1326.6586633324623 1771.1904785633087 794.74029946327209 1610.2875862717628 47.233097493648529 69.478291153907776 331.16087108850479 34.739145338535309 7838.0438640117645
leaf_count=3574 14055 8116 33 37 18 330 3193 18 217 4462 1845 2592 880 20 13 840 18 1625 2324 1080 436 19 93 497 46 12114
internal_value=0 0.000481806 0.00126984 0.0068738 0.011204 0.0010783 0.00141658 0.00130215 -0.00115353 -0.00050126 9.71633e-05 -0.00243619 0.000731081 -0.00157342 -0.000809826 -0.00111414 -0.00131418 -0.00100937 -0.000166529 -0.00134973 -0.00276254 0 -0.00282791 -0.00178626 0.000786721 -0.00287476
internal_weight=0 44531 24725.7 814.03 456.246 23911.7 20770.4 357.784 3141.28 19805.3 9081 14231.4 5969.53 4456.54 2722.05 3111.47 2655.93 10724.3 3097.85 7626.42 1734.5 124.208 9774.89 435.378 104.217 9339.52
internal_count=58495 39073 17901 106 51 17795 17248 55 547 21172 8027 19422 5342 4080 3605 2685 3592 13145 3949 9196 475 39 15342 636 139 14706
is_linear=0
shrinkage=0.03


Tree=14
num_leaves=27
num_cat=0
split_feature=8 22 7 6 26 25 8 32 30 6 25 33 32 25 24 30 37 25 22 32 26 28 28 30 31 30
split_gain=99.6164 22.0562 26.2319 16.0958 13.2161 12.7456 9.22047 7.72209 12.784 6.37425 5.20626 3.83414 6.05271 3.37471 6.76626 9.13976 2.94017 2.19792 1.32099 1.19491 0.516055 0.436316 1.09739 0.42856 0.140971 0.183905
threshold=1.0000000180025095e-35 0.35449920594692236 0.092954896390438094 -7.7539625167846671 -0.0023885930422693487 -0.0025281236739829178 0.010632213205099108 165.53651428222659 624.92855834960949 27.164061546325687 -2.1264074945293029e-08 128.49094390869143 66.872798919677749 -0.0015133465058170257 -0.00108265207381919 138.21428680419925 12.508992671966555 0.1526102423667908 0.29206603765487676 250.41971588134768 0.0015573821729049089 1003.5000000000001 1209.5000000000002 1095.714294433594 39.583332061767585 22.773809432983402
decision_type=2 2 2 2 2 2 2 2 2 2 2 2 2 2 2 2 2 2 2 2 2 2 2 2 2 2
left_child=10 6 3 5 -5 -3 7 9 -9 -2 13 12 -4 20 15 -15 17 -8 -18 -16 -1 24 23 -23 -12 -26
right_child=1 2 11 4 -6 -7 16 8 -10 -11 21 -13 -14 14 19 -17 18 -19 -20 -21 -22 22 -24 -25 25 -27
leaf_value=-0.68020064279765069 -0.067953971076486958 0.35403395965595169 -0.12626966775192056 -0.09655446190891101 0.70071897909146641 1.0345444544907689 -0.2231202993799451 1.0131492318700548 0.14330542978589866 0.65661883674371224 -0.68020064279765069 -0.71021826664299881 0.66997192023757612 -0.71020396230664162 -0.3511469567838898 0.98484799030856529 0.11534694527455061 0.079175369861597816 0.86037296912518357 -0.73247099404075289 -0.67934831937916207 -0.82928234643888588 -0.68020064279765069 13.557788316686741 -0.68020064279765069 -0.68020064279765069
leaf_weight=1370.628982424736 8529.8790211081505 1379.6658383607864 3201.0031132698059 3625.8138989210129 9634.0178654193878 1620.1502204537392 10019.289361357689 766.18372428417206 1429.6598994135857 1002.7807407975197 1501.4714248776436 740.15616303682327 817.43926960229874 96.088590860366821 2060.0256651639938 128.18292832374573 280.14561492204666 1366.7203143239021 118.0766453742981 566.02765083312988 235.58994996547699 41.003581464290619 331.16087108850479 63.213855028152466 51.25447678565979 7786.7893872261047
leaf_count=353 8219 986 1875 1441 6366 1003 12175 853 1760 1066 2592 433 534 28 2802 29 358 1850 154 797 71 71 497 68 88 12026
internal_value=0 0.000457697 0.00116395 0.00173758 0.0012868 0.00372455 -0.000173 0.000421658 0.00202551 5.05524e-05 -0.00242539 -0.000792913 -0.000422877 -0.00156767 -0.000939536 0.00403962 -0.000766112 -0.000855641 0.00175396 -0.00137117 -0.00267235 -0.0028148 -0.00178626 0.000786721 -0.00286104 -0.00292597
internal_weight=0 44531 21018.2 16259.6 13259.8 2999.82 23512.7 11728.5 2195.84 9532.66 14231.4 4758.6 4018.44 4456.54 2850.32 224.272 11784.2 11386 398.222 2626.05 1606.22 9774.89 435.378 104.217 9339.52 7838.04
internal_count=58495 39073 12638 9796 7807 1989 26435 11898 2613 9285 19422 2842 2409 4080 3656 57 14537 14025 512 3599 424 15342 636 139 14706 12114
is_linear=0
shrinkage=0.03


Tree=15
num_leaves=28
num_cat=0
split_feature=39 0 11 22 9 10 30 11 12 24 24 5 10 7 14 25 9 36 25 9 25 10 10 22 36 28 28
split_gain=83.3952 26.5309 16.068 19.6696 16.8702 10.9935 10.6 10.2364 11.2616 10.3693 9.77436 4.87275 4.49619 5.44939 5.43956 3.79794 5.70056 4.02876 3.22651 3.10585 2.91734 3.56389 22.363 1.87113 1.5835 0.416327 0.38678
threshold=1.0000000180025095e-35 0.30924999713897711 -0.18771857768297193 0.59029695391654979 0.060543285682797439 0.037902845069766052 29.357143402099613 -0.18771857768297193 0.71422952413558971 -0.00108265207381919 -0.011352294124662874 27.434533119201664 0.17655493319034579 0.024527438916265968 -46.29487228393554 0.1526102423667908 0.12969527393579486 0.7379032075405122 -0.0055178445763885966 0.54713237285614025 -2.1264074945293029e-08 0.02035543974488974 0.018715891987085346 0.095123045146465315 -1.0057955384254453 359.50000000000006 232.50000000000003
decision_type=2 2 2 2 2 2 2 2 2 2 2 2 2 2 2 2 2 2 2 2 2 2 2 2 2 2 2
left_child=1 2 3 6 10 -5 -1 8 9 -2 -4 15 14 -14 -13 17 -17 -3 -10 -6 21 22 -9 26 -20 -25 -22
right_child=7 11 4 5 19 -7 -8 20 18 -11 -12 12 13 -15 -16 16 -18 -19 24 -21 23 -23 -24 25 -26 -27 -28
leaf_value=0.88481932788766549 0.15970481936341477 -0.25076238338831652 1.5462468302655747 0.90397191108487163 -0.34222717991163515 0.55409020863949543 0.032929021245600973 -0.4630984285645795 8.1533658003138054 -0.75219780526695845 0.16613817233486769 2.3887267762200932 0.81074183996440041 -0.12842920393525303 0.39906802488153409 1.5398283595483586 0.14257513601288921 -0.00098614381601009877 0.86160333903031028 -0.66165976325471365 0.44599254103091812 -0.6597946235137212 1.0385175807109381 -0.6597946235137212 -0.66320104192935037 -0.6597946235137212 1.061299699292241
leaf_weight=772.42005723714828 135.9404673576355 10257.403716623783 257.55162370204926 2023.9793437123299 2210.4121342301369 2415.0591564178467 5338.8589345216751 2222.8061527013779 20.621610164642334 60.376514852046967 13306.07319933176 188.02181625366211 49.788960933685303 1485.7396348118782 1247.9807993769646 15.661089658737181 1519.1824684739113 3101.3999612927437 25.675351798534393 151.00897693634033 12.81361907720566 1471.5679561495781 42.422373652458191 8689.1497290730476 369.66865360736847 1317.7269768714905 14.237354397773741
leaf_count=599 20 11065 77 1020 345 657 5099 3174 13 35 11675 117 36 1499 1323 19 1924 3616 18 16 20 416 9 13656 282 1862 20
internal_value=0 0.000326632 0.000929649 0.00183793 0.00032693 0.00335864 0.000730701 -0.00230206 0.00147719 0.00740128 0.00073517 -0.000566172 0.000539981 -0.000581137 0.00174903 -0.000787885 0.00061939 -0.000950713 -0.00128823 -0.00201125 -0.00247123 -0.00174415 -0.000986985 -0.00274041 -0.00192821 -0.00276276 0.00488158
internal_weight=0 44340.5 26475.4 10550.3 15925 4439.04 6111.28 14383 612.283 196.317 13563.6 17865.2 2971.53 1535.53 1436 14893.6 1534.84 13358.8 415.966 2361.42 13770.7 3736.8 2265.23 10033.9 395.344 10006.9 27.051
internal_count=58612 39087 19488 7375 12113 1677 5698 19525 368 55 11752 19599 2975 1535 1440 16624 1943 14681 313 361 19157 3599 3183 15558 300 15518 40
is_linear=0
shrinkage=0.03


Tree=16
num_leaves=27
num_cat=0
split_feature=39 15 11 11 31 22 9 26 11 12 24 37 26 12 22 15 26 36 26 12 36 5 5 28 28 36
split_gain=81.6708 27.4109 12.0598 19.8126 27.5612 14.6379 11.5923 11.8658 10.1493 11.2616 10.3693 5.64345 3.80868 3.68427 6.05032 5.82388 3.36291 2.87167 2.03607 4.61051 1.58416 1.23521 1.22578 0.536948 0.547764 0.22433
threshold=1.0000000180025095e-35 -1.2937155961990354 -0.18771857768297193 -0.21354664862155912 163.78333282470706 0.59029695391654979 0.060543285682797439 0.0080279712565243262 -0.18771857768297193 0.71422952413558971 -0.00108265207381919 0.83053877949714672 6.4078709005599432e-10 0.75071495771408092 0.2814797461032868 -0.54904720187187184 0.00092237035278230916 0.90054661035537731 0.00020210785442031923 0.70710840821266185 -1.0057955384254453 -16.867696762084957 35.444862365722663 359.50000000000006 423.50000000000006 -1.2685353755950926
decision_type=2 2 2 2 2 2 2 2 2 2 2 2 2 2 2 2 2 2 2 2 2 2 2 2 2 2
left_child=1 2 3 5 -5 -1 7 -4 9 10 -2 -8 23 21 17 -16 20 -15 19 -14 -11 -3 -23 -10 -25 -20
right_child=8 13 6 4 -6 -7 11 -9 12 16 -12 -13 18 14 15 -17 -18 -19 25 -21 -22 22 -24 24 -26 -27
leaf_value=0.096917950549905804 0.15491367478251239 0.52680527641642128 0.15315748077183036 0.59703789402897356 -0.28340230513168746 0.77118890816515984 -0.48954641550875816 1.6535667664907621 -0.64000078480830946 0.83575523885940106 -0.72963187110894967 -0.060356531385334998 0.33875101160579907 -0.25451794692847785 0.17491462037447966 -0.070524069895730568 7.9087648263043908 0.020027408298546091 -0.64000078480830946 -0.52671959045506422 -0.64330501067146972 -0.41638515132716497 -0.72833740329933883 -0.64000078480830946 -0.64000078480830946 -0.64043922576620271
leaf_weight=5555.1644425988197 135.9404673576355 59.873844146728516 12549.716482877731 679.6056717634201 468.43253642320633 3579.1180140376091 1449.9929277896881 337.63704693317413 8890.7873474359512 25.675351798534393 60.376514852046967 671.15131556987762 203.45341402292252 8466.1403148770332 2697.8636619448662 4302.0488374233246 19.917638421058655 2154.7503197789192 30.778069734573364 2218.6894615292549 370.37262535095215 889.43236470222473 479.61409264802933 231.21195846796036 1120.9677148461342 1074.8361958861351
leaf_count=5337 20 14 10995 148 95 1532 214 122 13498 18 35 80 100 10526 2218 4649 13 2720 28 3317 282 299 138 260 1487 467
internal_value=0 0.000315439 0.000963004 0.00175491 0.00547265 0.00128573 0.000419432 0.000758488 -0.00228592 0.00147719 0.00740128 -0.00163318 -0.00245438 -0.000543497 -0.000423578 0.00025951 -0.00128823 -0.000875184 -0.00159367 -0.0010958 -0.00193011 -0.00201113 -0.00220111 -0.00274925 -0.00214316 -0.00266984
internal_weight=0 44340.5 25290.8 10282.3 1148.04 9134.28 15008.5 12887.4 14383 612.283 196.317 2121.14 13770.7 19049.7 17620.8 6999.91 415.966 10620.9 3527.76 2422.14 396.048 1428.92 1369.05 10243 1352.18 1105.61
internal_count=58612 39087 18523 7112 243 6869 11411 11117 19525 368 55 294 19157 20564 20113 6867 313 13246 3912 3417 300 451 437 15245 1747 495
is_linear=0
shrinkage=0.03


Tree=17
num_leaves=28
num_cat=0
split_feature=39 0 6 22 1 10 13 24 12 10 10 31 9 5 10 31 25 9 2 25 6 5 33 10 30 31 32
split_gain=81.4893 24.6614 11.4702 20.0081 12.9342 10.6319 9.50263 10.6294 7.76975 22.7461 40.2746 7.34702 6.83278 4.80152 4.27978 5.26372 3.68371 5.70056 2.93545 2.82305 2.42855 0.971154 1.76337 1.39421 0.40111 1.15879 0.27778
threshold=1.0000000180025095e-35 0.30924999713897711 -7.7539625167846671 0.59029695391654979 -2.8577179908752437 0.19794296473264697 0.87749493122100841 -0.021710057742893692 0.71422952413558971 0.02035543974488974 0.018715891987085346 1325.3499755859377 0.011410463601350786 27.434533119201664 0.17655493319034579 119.81666946411134 0.1526102423667908 0.12969527393579486 -4.1159503459930411 -2.1264074945293029e-08 40.632793426513679 -12.999261379241942 80.437652587890639 0.00044699398858938372 351.21427917480474 373.11666870117193 10.802511215209963
decision_type=2 2 2 2 2 2 2 2 2 2 2 2 2 2 2 2 2 2 2 2 2 2 2 2 2 2 2
left_child=1 2 3 5 -5 -1 7 -4 9 10 12 -8 -2 16 15 -15 18 -18 -3 21 -16 22 -10 -23 26 -26 -21
right_child=8 13 6 4 -6 -7 11 -9 19 -11 -12 -13 -14 14 20 -17 17 -19 -20 24 -22 23 -24 -25 25 -27 -28
leaf_value=0.20450949034024241 -0.31986051800727211 -0.0042245144310538328 -0.28170111905204381 1.6900791446318792 0.75436225441305493 0.74835533191821502 -0.20913126839984797 0.24083697290646328 -0.68483899474700805 -0.62080076126406025 0.75904963040315399 1.2549730448315704 1.0456046193413444 1.2151307837237855 0.38405210376229598 0.0062054153914164797 1.4930326865129515 0.14041360402937456 -0.21898259699136211 -0.62080076126406025 -0.2510454352767047 -0.41091799797304074 1.6117421547562896 -0.6207876080353234 -0.32734245890128666 -0.62080076126406025 -0.62080076126406025
leaf_weight=3689.3013274073601 275.64851254224777 2696.3680525422096 423.22834759950638 749.33789616823196 977.68095421791077 92.992688894271851 6293.6803691387177 14065.898837268353 100.45277327299118 833.13762712478638 100.72920036315918 183.24300539493561 50.54272872209549 670.27848315238953 427.18902194499969 765.72413247823715 15.661089658737181 1519.1824684739113 10662.435625374317 148.06848877668381 1108.3395738005638 1530.006197988987 106.42676717042923 1434.2082071304321 191.77850598096848 1226.0200242400169 8385.9877263903618
leaf_count=3575 277 2687 130 345 485 41 4685 9993 53 117 13 234 15 589 466 851 19 1924 11994 237 1069 2363 49 1138 261 1677 13325
internal_value=0 0.000314329 0.000895719 0.00211482 0.00479182 0.000888044 0.000574615 0.00100191 -0.00228414 -2.18931e-05 0.005593 -0.000378946 0.000415336 -0.000546425 0.000551649 0.00173119 -0.000766527 0.00061939 -0.000926901 -0.00250021 -0.000541876 -0.00170766 0.000215198 -0.00184693 -0.00275114 -0.00222947 -0.00283592
internal_weight=0 44340.5 26475.4 5509.31 1727.02 3782.29 20966.1 14489.1 14383 1260.06 426.92 6476.92 326.191 17865.2 2971.53 1436 14893.6 1534.84 13358.8 13122.9 1535.53 3171.09 206.88 2964.21 9951.85 1417.8 8534.06
internal_count=58612 39087 19488 4446 830 3616 15042 10123 19525 422 305 4919 292 19599 2975 1440 16624 1943 14681 19103 1535 3603 102 3501 15500 1938 13562
is_linear=0
shrinkage=0.03


Tree=18
num_leaves=28
num_cat=0
split_feature=8 15 11 11 31 22 9 9 11 12 31 30 9 12 22 15 25 10 10 0 5 5 33 5 11 30 31
split_gain=79.5566 24.9147 12.0968 22.6331 26.6142 12.7234 12.363 9.06161 8.3063 10.0271 10.675 23.5215 4.69034 4.14398 6.23729 5.37832 3.189 3.81834 22.6578 2.35589 1.25779 1.21307 2.3148 1.01008 0.431701 0.392899 1.167
threshold=1.0000000180025095e-35 -1.2937155961990354 -0.18771857768297193 -0.21354664862155912 163.78333282470706 0.59029695391654979 0.060543285682797439 0.01348781166598201 -0.18771857768297193 0.71422952413558971 307.98333740234381 273.35713195800787 0.54713237285614025 0.75071495771408092 0.27220347523689276 -0.54904720187187184 -2.1264074945293029e-08 0.02035543974488974 0.018715891987085346 2.4414999485015874 -16.867696762084957 -7.8253242969512931 80.437652587890639 35.444862365722663 -0.47482204437255854 351.21427917480474 373.11666870117193
decision_type=2 2 2 2 2 2 2 2 2 2 2 2 2 2 2 2 2 2 2 2 2 2 2 2 2 2 2
left_child=8 2 3 5 -5 -2 7 -4 9 10 11 -1 -8 20 19 -16 17 18 -10 -15 -3 22 -11 -22 -23 -18 -27
right_child=1 13 6 4 -6 -7 12 -9 16 21 -12 -13 -14 14 15 -17 25 -19 -20 -21 23 24 -24 -25 -26 26 -28
leaf_value=0.53100479156501845 0.09792678341994468 0.51757059603366951 0.071961613441078986 0.58872274922608892 0.048243353702945344 0.68744065144666489 -0.23552904193982685 1.1680002074672486 -0.44229437926872411 -0.65975979009394436 -0.69814709943546305 0.54480808365549949 0.6464773220974015 -0.2593502294994191 0.21583091293155085 -0.072951334426965025 -0.60217673842613839 -0.60216397979426384 0.97442803402934142 -0.066466150278763403 -0.42240911365799583 1.9164765436062874 0.62466065862441045 -0.8614880934045599 -0.62274611352154174 -0.31582452429861935 -0.60217673842613839
leaf_weight=92.902177274227142 5530.6403059363365 59.873844146728516 9750.6553449034691 669.7404899597168 443.22986775636673 3569.3494034409523 1967.1040149927139 3279.1301673054695 2229.3353706002235 71.589972496032715 76.64347767829895 54.251972675323486 104.71431922912598 6059.4827696681023 2780.2855797410011 4486.3255087137222 8374.9815385341644 1512.6844575405121 41.729207396507263 4422.1750096678734 890.57135307788849 38.245522916316986 39.163618624210358 540.69744664430618 308.84645384550095 190.78055328130722 1138.4188851714134
leaf_count=35 5308 14 9234 145 92 1525 278 1995 3177 43 20 7 10 7300 2313 4858 13513 419 8 5666 301 40 35 145 230 260 1641
internal_value=0 0.000282064 0.000900744 0.00169857 0.00573949 0.00120241 0.000360155 0.000703272 -0.00229845 0.000916002 0.00612693 0.0108645 -0.00179014 -0.000531196 -0.000402492 0.00027137 -0.00246204 -0.00171232 -0.000924466 -0.000871083 -0.00205238 -0.00160231 0.00103365 -0.00223583 -0.00248685 -0.00275271 -0.00221667
internal_weight=0 44554 25314.6 10213 1112.97 9099.99 15101.6 13029.8 14169.6 681.643 223.798 147.154 2071.82 19239.4 17748.3 7266.61 13487.9 3783.75 2271.06 10481.7 1491.14 457.846 110.754 1431.27 347.092 9704.18 1329.2
internal_count=58612 39184 18587 7070 237 6833 11517 11229 19428 410 62 42 288 20597 20137 7171 19018 3604 3185 12966 460 348 78 446 270 15414 1901
is_linear=0
shrinkage=0.03


Tree=19
num_leaves=26
num_cat=0
split_feature=8 15 10 9 22 10 12 12 10 10 9 32 33 15 15 24 8 30 21 26 32 10 32 33 32
split_gain=76.4606 21.796 12.1603 17.3237 18.1197 16.4999 11.5312 7.26668 22.3232 35.5653 8.81926 4.30248 6.2208 11.7976 5.06421 3.44512 8.76446 4.30923 3.15492 2.87408 0.925303 1.39565 0.285152 1.21274 0.272314
threshold=1.0000000180025095e-35 -1.2937155961990354 0.32348060607910162 0.078500002622604384 0.55607157945632946 0.36919142305850988 0.99016806483268749 0.71422952413558971 0.02035543974488974 0.018715891987085346 0.011410463601350786 49.320428848266609 68.71527481079103 -0.54904720187187184 -1.0988626480102537 0.16116450726985934 0.12484395503997804 22.773809432983402 0.35765773057937628 6.4078709005599432e-10 250.41971588134768 0.0033321961527690296 250.41971588134768 301.64356994628912 10.802511215209963
decision_type=2 2 2 2 2 2 2 2 2 2 2 2 2 2 2 2 2 2 2 2 2 2 2 2 2
left_child=7 2 3 4 -2 -4 -7 8 9 10 -1 15 13 -13 -14 17 -17 -3 -5 22 21 -21 24 -24 -9
right_child=1 11 5 18 -6 6 -8 19 -10 -11 -12 12 14 -15 -16 16 -18 -19 -20 20 -22 -23 23 -25 -26
leaf_value=-0.80355409334661332 0.096587855156523891 0.11126121294474516 1.3163167854805253 0.5145926072191257 0.75471324358380376 -0.11604114505306666 1.2196897412248058 -0.58411143627335427 -0.58411181903231058 0.69256871100179984 2.4732605005705004 1.6363856565821546 0.59374624853114 0.021880844438017525 -0.16594356935458734 0.5185250420077665 0.036983670732268763 -0.24145469258360314 -0.22898099126978366 -0.38163356926671771 -0.60753596054107495 -0.58327230668450192 -0.64830492947776208 -0.58411143627335427 -0.58411143627335427
leaf_weight=252.63574826717377 14740.774691998959 1459.5210852026939 160.83323085308075 238.47312319278717 7119.3046447634697 323.58846879005432 343.59859722852707 146.36000621318817 822.03866904973984 108.47948217391968 43.588039994239807 492.03196185827255 534.24752175807953 1166.9252658486366 4282.4420773983002 28.783032715320587 1734.8515991568565 9540.6089677214622 2387.9911566972733 1600.7376798987389 586.45765495300293 967.4024293422699 314.93028575181961 695.86522471904755 8631.0779876708984
leaf_count=230 14273 1013 18 123 3768 35 58 234 117 14 13 503 512 1375 4724 36 2178 10256 312 2520 799 524 479 994 13504
internal_value=0 0.000244093 0.00082278 0.00070109 0.000978112 0.00440075 0.00228969 -0.00228569 -6.63378e-05 0.00568468 0.000242062 -0.000516545 0.000111252 0.00169719 -0.000431978 -0.000836223 0.000388435 -0.00103394 -0.0015986 -0.00249488 -0.00169445 -0.00143628 -0.00275121 -0.00219811 -0.00281307
internal_weight=0 44554 25314.6 24486.5 21860.1 828.02 667.187 14169.6 1226.74 404.703 296.224 19239.4 6475.65 1658.96 4816.69 12763.8 1763.63 11000.1 2626.46 12942.8 3154.6 2568.14 9788.23 1010.8 8777.44
internal_count=58612 39184 18587 18476 18041 111 93 19428 374 257 243 20597 7114 1878 5236 13483 2214 11269 435 19054 3843 3044 15211 1473 13738
is_linear=0
shrinkage=0.03


Tree=20
num_leaves=28
num_cat=0
split_feature=8 0 9 10 14 2 20 11 12 33 11 30 9 32 33 31 22 25 25 10 10 25 5 30 33 6 31
split_gain=76.7106 16.548 12.1997 13.6379 22.047 10.5 9.63755 9.58481 11.0579 17.0439 8.4186 16.9165 8.65656 8.32634 16.893 5.37392 6.58759 4.36021 3.11208 3.94705 16.244 2.46021 2.34317 0.74396 0.754787 0.440771 0.181685
threshold=1.0000000180025095e-35 0.30924999713897711 0.069021213799715056 0.42970514297485357 -4.3833887577056876 -25.270780563354489 209.04925537109378 -0.18771857768297193 0.71422952413558971 118.77382659912111 -0.43537032604217524 321.07142639160162 0.54713237285614025 47.187690734863288 64.580108642578139 16.983333587646488 0.36967623233795172 0.08318240195512773 -2.1264074945293029e-08 0.02035543974488974 0.018715891987085346 -0.0055178445763885966 -19.779787063598629 351.21427917480474 301.64356994628912 -2.3269088268280025 39.583332061767585
decision_type=2 2 2 2 2 2 2 2 2 2 2 2 2 2 2 2 2 2 2 2 2 2 2 2 2 2 2
left_child=7 2 3 5 -5 -2 15 8 9 -1 11 -4 -12 22 -15 16 -3 -17 19 20 -9 -10 -8 26 -25 -23 -20
right_child=1 6 10 4 -6 -7 13 18 21 -11 12 -13 -14 14 -16 17 -18 -19 23 -21 -22 25 -24 24 -26 -27 -28
leaf_value=-0.33104799811556529 0.68315848586166705 -0.18568906538829999 -0.34196786184439021 1.1983778907782203 -0.70568160957573434 0.21354487847381037 0.48325793712351162 -0.37387261957778628 7.6219079663143718 0.42032791085637333 -0.3213005420123291 1.6954643423998206 0.18135659065430404 2.6350895112037369 0.32065983617397364 -0.20217231559374163 0.62603912338478018 0.068187560778564693 -0.56658809318515369 -0.56658846446134115 0.92441813167840714 -0.41589826384764389 -0.25178635300489072 -0.56466228838902133 -0.56658809318515369 -0.61159650946906896 -0.56658809318515369
leaf_weight=97.225049793720245 758.37588542699814 465.56295728683472 318.5573308467865 160.01466423273087 114.47860884666443 21656.621867656708 37.44993644952774 2266.4000745415688 19.545682072639465 94.887134552001953 2848.3489025831223 77.8560631275177 413.53752994537354 173.55966848134995 489.68042171001434 13026.174214661121 523.19356793165207 2920.9141087532043 1548.7394421696663 1490.4019778966904 35.978937268257141 82.29346364736557 405.09935772418976 714.99995529651642 591.98920959234238 317.3393856883049 6915.0831907987595
leaf_count=28 336 533 135 23 20 18438 37 3244 13 20 408 38 40 138 460 14133 314 3711 2681 417 10 69 366 961 919 251 10888
internal_value=0 0.000250431 0.000729957 0.000989476 0.00763723 0.00090723 -0.000449032 -0.00228426 0.00137379 0.00733608 -0.00087545 0.00323886 -0.00138048 0.00226093 0.00439006 -0.000626921 0.00151365 -0.000760625 -0.00245028 -0.00170988 -0.000921352 -0.00132851 -0.000897447 -0.00273604 -0.00202696 -0.00187183 -0.00284364
internal_weight=0 44389.4 26347.8 22689.5 274.493 22415 18041.6 14174.9 611.291 192.112 3658.3 396.413 3261.89 1105.79 663.24 16935.8 988.757 15947.1 13563.6 3792.78 2302.38 419.179 442.549 9770.81 1306.99 399.633 8463.82
internal_count=58631 39130 19438 18817 43 18774 19692 19501 381 48 621 173 448 1001 598 18691 847 17844 19120 3671 3254 333 403 15449 1880 320 13569
is_linear=0
shrinkage=0.03


Tree=21
num_leaves=28
num_cat=0
split_feature=8 2 10 9 11 6 11 12 24 2 32 1 6 12 26 24 6 25 8 26 26 10 10 36 30 29 31
split_gain=75.7015 14.8592 10.4527 39.6745 24.1351 9.99524 9.58481 11.0579 11.7319 8.36845 9.28097 5.98887 6.8212 8.24224 5.53888 8.40128 6.06432 4.73899 4.61925 3.70594 2.62936 2.61977 16.4189 1.49631 0.760635 4.46075 0.189326
threshold=1.0000000180025095e-35 -5.4717643260955802 0.032404528930783279 0.044293191283941276 -0.18771857768297193 128.6909103393555 -0.18771857768297193 0.71422952413558971 -0.00108265207381919 4.2554035186767587 49.320428848266609 -19.95762729644775 -19.297799110412594 5.0156593322753915 -0.0030974226538091894 -0.30654329061508173 -48.550420761108391 0.1526102423667908 0.0059126538690179595 6.4078709005599432e-10 0.00092237035278230916 0.02035543974488974 0.018715891987085346 -1.0057955384254453 351.21427917480474 149.50000000000003 39.583332061767585
decision_type=2 2 2 2 2 2 2 2 2 2 2 2 2 2 2 2 2 2 2 2 2 2 2 2 2 2 2
left_child=6 11 3 5 -5 -3 7 8 -1 17 -11 12 18 -14 16 -16 -13 -4 -2 24 23 22 -21 -9 26 -26 -8
right_child=1 2 9 4 -6 -7 19 20 -10 10 -12 14 13 -15 15 -17 -18 -19 -20 21 -22 -23 -24 -25 25 -27 -28
leaf_value=0.41045263067473292 -0.10626661161897182 0.094730522072525289 -0.19724934057782859 0.92481484416296333 -1.2797958884149043 6.4148027547201174 -0.54959045038959908 1.2353533907728105 -0.64316462370853389 -0.098129255212121291 0.33851602622803445 0.16052906006136908 0.40668767184149024 5.6957184811959083 0.6577194154822783 0.37110402882500598 -0.093478048470811023 0.21272135914631818 1.6096418330716598 -0.46265644575882425 7.3932507273249417 -0.54960322700131881 0.89668558772805496 -0.56685758958374477 0.33488326476794056 -0.54959045038959908 -0.54959045038959908
leaf_weight=126.42644119262695 25.138747215270996 14555.569414496422 12608.934703588486 81.599507987499237 187.30654507875443 298.03260499238968 1529.3766397833824 26.924631595611572 65.685743153095245 4119.1336141228676 2652.4497131109238 60.265698909759521 441.06255769729614 33.174789190292358 48.321291029453278 5746.8208633065224 2112.7744420170784 1299.6880058646202 119.15258705615997 2356.309045612812 18.500629425048828 969.69398140907288 35.978937268257141 373.75327038764954 63.213854849338531 1364.2328915596008 7244.787437081337
leaf_count=18 19 15544 10229 13 46 193 2647 23 30 2963 1935 56 236 8 35 4226 1872 1693 62 3500 13 346 10 297 63 1719 10835
internal_value=0 0.000233695 -3.47061e-05 0.000564266 0.0119756 0.000356273 -0.00228426 0.00137379 0.00733608 -0.000473436 0.000389897 0.00135449 0.00420604 0.00242102 0.001131 0.00161554 -0.000154355 -0.000894838 0.00994058 -0.00245028 -0.00132851 -0.00157549 -0.00103218 -0.00187477 -0.002737 -0.00205422 -0.00284625
internal_weight=0 44389.4 35802.7 15122.5 268.906 14853.6 14174.9 611.291 192.112 20680.2 6771.58 8586.71 618.529 474.237 7968.18 5795.14 2173.04 13908.6 144.291 13563.6 419.179 3361.98 2392.29 400.678 10201.6 1427.45 8774.16
internal_count=58631 39130 32616 15796 59 15737 19501 381 48 16820 4898 6514 325 244 6189 4261 1928 11922 81 19120 333 3856 3510 320 15264 1782 13482
is_linear=0
shrinkage=0.03


end of trees

feature_importances:
price_std_60d=55
price_std_20d=52
bb_width=45
macd_signal=42
vol_regime_60_30=25
return_30d=24
macd_line=24
volume_lag_1d=24
macd_histogram=22
volume_mean_7d=21
volume_std_30d=21
price_zscore_30d=20
price_log=20
volume_mean_30d=18
volume_std_60d=17
price_std_14d=16
volume_zscore_30d=16
price_std_7d=15
price_lag_1d=14
rsi_missing=12
return_60d=10
return_3d=5
price_accel_7d=5
autocorr_7d=5
bb_pct_b=5
trend_divergence_30_60=4
volume_lag_7d=4
volume_price_conf_7d=4
return_1d=3
return_7d=1
rsi_14=1
volume_log_change_7d=1

parameters:
[boosting: gbdt]
[objective: quantile]
[metric: quantile]
[tree_learner: serial]
[device_type: cpu]
[data_sample_strategy: bagging]
[data: ]
[valid: ]
[num_iterations: 1000]
[learning_rate: 0.03]
[num_leaves: 31]
[num_threads: -1]
[seed: 73]
[deterministic: 0]
[force_col_wise: 0]
[force_row_wise: 0]
[histogram_pool_size: -1]
[max_depth: 5]
[min_data_in_leaf: 15]
[min_sum_hessian_in_leaf: 0.001]
[bagging_fraction: 0.7]
[pos_bagging_fraction: 1]
[neg_bagging_fraction: 1]
[bagging_freq: 5]
[bagging_seed: 5921]
[feature_fraction: 0.7]
[feature_fraction_bynode: 1]
[feature_fraction_seed: 22355]
[extra_trees: 0]
[extra_seed: 3536]
[early_stopping_round: 0]
[early_stopping_min_delta: 0]
[first_metric_only: 0]
[max_delta_step: 0]
[lambda_l1: 0.5]
[lambda_l2: 0.5]
[linear_lambda: 0]
[min_gain_to_split: 0.1]
[drop_rate: 0.1]
[max_drop: 50]
[skip_drop: 0.5]
[xgboost_dart_mode: 0]
[uniform_drop: 0]
[drop_seed: 14602]
[top_rate: 0.2]
[other_rate: 0.1]
[min_data_per_group: 100]
[max_cat_threshold: 32]
[cat_l2: 10]
[cat_smooth: 10]
[max_cat_to_onehot: 4]
[top_k: 20]
[monotone_constraints: ]
[monotone_constraints_method: basic]
[monotone_penalty: 0]
[feature_contri: ]
[forcedsplits_filename: ]
[refit_decay_rate: 0.9]
[cegb_tradeoff: 1]
[cegb_penalty_split: 0]
[cegb_penalty_feature_lazy: ]
[cegb_penalty_feature_coupled: ]
[path_smooth: 0]
[interaction_constraints: ]
[verbosity: -1]
[saved_feature_importance_type: 0]
[use_quantized_grad: 0]
[num_grad_quant_bins: 4]
[quant_train_renew_leaf: 0]
[stochastic_rounding: 1]
[linear_tree: 0]
[max_bin: 63]
[max_bin_by_feature: ]
[min_data_in_bin: 3]
[bin_construct_sample_cnt: 200000]
[data_random_seed: 277]
[is_enable_sparse: 1]
[enable_bundle: 1]
[use_missing: 1]
[zero_as_missing: 0]
[feature_pre_filter: 0]
[pre_partition: 0]
[two_round: 0]
[header: 0]
[label_column: ]
[weight_column: ]
[group_column: ]
[ignore_column: ]
[categorical_feature: ]
[forcedbins_filename: ]
[precise_float_parser: 0]
[parser_config_file: ]
[objective_seed: 8155]
[num_class: 1]
[is_unbalance: 0]
[scale_pos_weight: 1]
[sigmoid: 1]
[boost_from_average: 1]
[reg_sqrt: 0]
[alpha: 0.9]
[fair_c: 1]
[poisson_max_delta_step: 0.7]
[tweedie_variance_power: 1.5]
[lambdarank_truncation_level: 30]
[lambdarank_norm: 1]
[label_gain: ]
[lambdarank_position_bias_regularization: 0]
[eval_at: ]
[multi_error_top_k: 1]
[auc_mu_weights: ]
[num_machines: 1]
[local_listen_port: 12400]
[time_out: 120]
[machine_list_filename: ]
[machines: ]
[gpu_platform_id: -1]
[gpu_device_id: -1]
[gpu_use_dp: 0]
[num_gpu: 1]

end of parameters

pandas_categorical:[]
