tree
version=v4
num_class=1
num_tree_per_iteration=1
label_index=0
max_feature_idx=19
objective=quantile
feature_names=event_decay_major event_density_30d_major event_density_90d_major event_decay_operation event_density_30d_operation event_density_90d_operation event_decay_case_drop event_density_30d_case_drop event_density_90d_case_drop event_decay_update event_density_30d_update event_density_90d_update event_decay_game_update event_density_30d_game_update event_density_90d_game_update event_decay_major_weighted event_decay_operation_weighted event_decay_case_drop_weighted event_decay_update_weighted event_decay_game_update_weighted
feature_infos=[0.031220927834510803:0.98347145318984985] [0:2] [0:3] [1.5229979055675358e-08:0.95349693298339844] [0:1] [0:1] [0:0.93106275796890259] [0:1] [0:3] none none none [0:0.86687791347503662] [0:2] [0:3] [0:0.98347145318984985] [0:0.95349693298339844] [0:0.93106275796890259] none [0:0.26006338000297546]
tree_sizes=4215 4453 4449 4452 4455 4452 4450 4445 4483 4499

Tree=0
num_leaves=39
num_cat=0
split_feature=16 0 6 0 3 3 0 3 6 0 3 12 12 3 8 19 16 16 3 3 6 16 6 0 0 6 19 6 0 16 3 3 0 5 12 3 0 12
split_gain=80.104 62.112 147.067 36.445 30.3279 108.81 22.7153 19.7046 29.7157 49.7316 42.7838 15.1964 29.136 13.7696 21.4622 13.7376 13.4524 12.7462 11.5589 14.5928 10.731 9.53111 9.40281 8.26136 8.19512 8.13079 15.4736 34.0663 10.1723 7.08694 6.89056 5.3901 12.0771 6.49327 4.18136 3.6689 3.31529 3.15955
threshold=4.1121879235106469e-08 0.18421864509582522 7.4751966394615021e-07 0.10807117074728013 0.0010775665869005027 0.0044963988475501546 0.097786840051412596 0.024967188946902755 1.0000000180025095e-35 0.48434139788150793 0.0010775665869005027 5.1423764801938894e-08 1.0683193440996776e-08 0.43472141027450567 1.5000000000000002 1.0000000180025095e-35 6.3124673488346175e-08 0.22697485983371737 0.0065812794491648683 0.0027929162606596951 3.6594201446860103e-07 0.0060847864951938399 0.0052508653607219466 0.68731313943862926 0.50917410850524913 0.079255644232034697 0.021401781588792804 0.14034549146890643 0.54427608847618114 0.0023476403439417486 2.14092125361276e-07 0.078289981931447997 0.32466374337673193 1.0000000180025095e-35 0.034923546016216285 1.1335085901009736e-06 0.62190663814544689 0.00098189854179509006
decision_type=2 2 2 2 2 2 2 2 2 2 2 2 2 2 2 2 2 2 2 2 2 2 2 2 2 2 2 2 2 2 2 2 2 2 2 2 2 2
left_child=7 2 4 6 15 29 -4 8 10 30 23 12 -5 25 17 16 -2 24 19 -12 -17 -7 -11 -1 -15 31 28 -28 -27 -6 -10 33 -33 -3 -9 -32 -19 -24
right_child=1 13 3 11 5 21 -8 34 9 22 18 -13 -14 14 -16 20 -18 36 -20 -21 -22 -23 37 -25 -26 26 27 -29 -30 -31 35 32 -34 -35 -36 -37 -38 -39
leaf_value=10.386896226239747 10.832879285259116 10.670147260797393 11.023428915143647 11.421921138380723 11.316406849017117 10.538894537092075 11.579266860923445 10.4895747250841 11.595514487106248 10.839103992798576 10.914854840581016 10.672441890569141 11.504432094081539 10.763177728409627 10.518086172557929 10.823437381192511 10.503129341793523 10.811727374601698 10.679298481695428 13.074356375118532 10.47680460794461 10.795822690452626 10.794197102027001 10.65144134470745 11.038512982876586 10.80193351344051 11.117830208660221 10.658417406012422 10.646061351016934 12.56675930297413 11.193913163644947 10.88380271203016 10.698554265034945 10.581532616455171 10.321519417905938 10.948925877010316 10.48694987121166 10.512931571871167
leaf_weight=31864.095726728439 983.09721797704697 45594.442948937416 389.22832870483398 3179.3942855000496 2760.0284844040871 3705.8342391252518 1142.0302219390869 25516.485907554626 576.5300070643425 4604.0027461051941 1542.0660349726677 549.58448499441147 1867.8243064284325 969.34813153743744 2124.7325088977814 7938.8878788948059 7649.8934243321419 1206.0703938007355 1924.7998076081276 1293.6474944353104 1854.0462045073509 3683.9206573367119 1829.2357859015465 6333.3135064840317 3567.8846833705902 7982.2204210162163 3671.7618677020073 4578.0973201394081 19687.297078371048 30.898363590240479 4810.3504828214645 1519.3421693444252 12975.823363125324 12233.855853378773 9454.1913856863976 13063.869023263454 518.88830959796906 24470.454883813858
leaf_count=33033 830 39812 327 2941 3000 3142 970 31108 590 5413 1734 489 1787 856 2088 7854 7735 1054 2441 1588 1574 3155 1749 6223 2930 7029 2755 4253 17689 40 5074 1116 11463 10274 11483 15089 446 28257
internal_value=10.6852 10.6858 10.6874 10.6931 10.686 10.688 10.6991 10.6843 10.6847 10.6854 10.6838 10.6915 10.6922 10.6853 10.6871 10.685 10.6837 10.6884 10.6878 10.6896 10.6861 10.6852 10.6843 10.6833 10.6896 10.6852 10.6858 10.6874 10.6853 10.6954 10.6872 10.6849 10.6857 10.6848 10.6834 10.6871 10.6851 10.684
internal_weight=279647 152364 35734.7 7128.06 28606.6 10180.7 1531.26 127283 92312.4 49354.4 42957.9 5596.8 5047.22 116630 8386.92 18425.9 8632.99 6262.19 4760.51 2835.71 9792.93 7389.75 30903.7 38197.4 4537.23 108243 35919.4 8249.86 27669.5 2790.93 18450.7 72323.5 14495.2 57828.3 34970.7 17874.2 1724.96 26299.7
internal_count=279391 135609 33844 6514 27330 9337 1297 143782 101191 56172 45019 5217 4728 101765 7374 17993 8565 5286 5763 3322 9428 6297 35419 39256 3786 94391 31726 7008 24718 3040 20753 62665 12579 50086 42591 20163 1500 30006
is_linear=0
shrinkage=1


Tree=1
num_leaves=39
num_cat=0
split_feature=16 15 15 3 2 17 16 14 3 3 3 3 3 17 16 16 17 3 17 19 3 16 16 17 17 3 3 15 16 3 14 19 17 16 13 13 15 15
split_gain=73.6786 196.199 58.6916 53.5035 45.9218 86.1241 62.4817 22.9938 20.7887 98.2577 14.4159 13.166 12.5156 17.5107 12.5845 12.1785 11.3027 43.1728 18.2834 9.86243 9.27977 8.90069 8.77584 8.01898 10.4918 9.37282 7.82096 13.5917 7.03822 16.2847 6.54631 6.43358 6.33102 6.15463 5.99223 4.6274 4.62573 3.0641
threshold=4.1121879235106469e-08 0.05249301344156266 0.11112770810723306 0.0027929162606596951 1.0000000180025095e-35 3.2049462106442666e-07 1.2678929692810927e-06 2.5000000000000004 0.0010775665869005027 0.0044963988475501546 0.024967188946902755 7.8760091781759924e-08 0.43472141027450567 0.01548805693164468 0.22697485983371737 1.0000000180025095e-35 6.0955099456805339e-07 8.1219440062341174e-07 2.3681526499785836e-06 1.1399192345606936e-07 0.0044963988475501546 9.0848502054541324e-07 0.18760957568883899 0.04210090450942517 0.23377402126789096 0.24549505859613421 1.5819387044757607e-06 0.17930785566568377 0.049453346058726318 0.078289981931447997 2.5000000000000004 9.3940165243111564e-05 1.6851223705316445e-07 0.0023476403439417486 1.0000000180025095e-35 1.0000000180025095e-35 1.0000000180025095e-35 0.71060970425605785
decision_type=2 2 2 2 2 2 2 2 2 2 2 2 2 2 2 2 2 2 2 2 2 2 2 2 2 2 2 2 2 2 2 2 2 2 2 2 2 2
left_child=1 15 3 7 5 8 16 11 21 33 26 -3 19 14 35 36 17 -7 -18 28 -5 32 -11 25 -25 -21 -4 -28 29 -6 -17 -16 -2 -10 37 -14 -1 -12
right_child=4 2 10 20 12 6 -8 -9 9 22 34 -13 13 -15 31 30 18 -19 -20 23 -22 -23 -24 24 -26 -27 27 -29 -30 -31 -32 -33 -34 -35 -36 -37 -38 -39
leaf_value=-0.45515540386789566 0.053956554542382337 4.4732595021009862 -0.12706243669140815 4.8831676951813998 -0.066242847533437205 0.29493302217909878 -0.048829655679413914 -0.16405362344968688 0.60341516736333123 0.034488971502940731 0.038544104230127059 0.55165312211675688 0.22103074644412857 -0.11497176325155861 0.12617214614557673 -0.045058944162870679 0.67613362028135704 0.98054626965457325 0.7199285360872516 -0.023561667990654026 2.0587694789699782 -0.22882831160068196 -0.34488796015531181 0.093286275138493996 -0.068578662290592757 0.19042202548215562 0.55584253394732441 0.086698101346738499 -0.27173298681346569 0.17367140471578188 -0.34881802955956454 -0.26078413995116573 -0.2194836581338673 1.7986299373112697 -0.21842611400530987 0.63811449402908527 -0.22117400155485867 -0.14378760716066499
leaf_weight=41095.240250647068 15231.864390313625 555.75899922847748 4630.8035524487495 408.4353461265564 17638.032877027988 989.32625615596771 2228.2392325997353 2006.4296252727509 2760.0284844040871 7821.662457883358 8358.0379020571709 6307.9261103868484 3020.4947198033333 2576.1577570438385 693.18892860412598 5808.3095287680626 3378.0478287339211 735.1291116476059 2017.4012091755867 44095.722373604774 345.66218537092209 3549.5443534851074 1027.9037573933601 24689.848709583282 8144.6909120082855 3407.0497584939003 3023.9837068915367 35605.080659925938 2498.4409531950951 2045.9061819911003 2774.0634766221046 820.42803406715393 1687.7719084620476 30.898363590240479 7571.3251042366028 1276.6545876860619 3568.8500609993935 5223.1362834572792
leaf_count=50183 14474 390 5378 471 14551 839 2319 2533 3000 6373 10071 6656 2484 2452 544 4281 3089 637 1915 39221 422 3955 953 21451 7178 2791 3507 38449 2450 1568 2721 803 1431 40 9054 1091 3554 6112
internal_value=-1.79562e-05 -0.00080109 0.000667165 0.00387903 0.000636263 0.0018884 0.0056132 0.0029194 0.000803855 0.00229168 0.000187209 0.00413318 0.00016819 0.0018059 0.00314738 -0.0028426 0.00762981 0.0107396 0.00663406 3.41961e-05 0.015148 -4.23168e-05 1.61276e-05 0.000261471 0.000791381 -0.000104818 0.000648512 0.000853808 -0.000788895 -0.000508969 -0.00132099 -0.000310329 0.000378892 0.00950448 -0.000756206 0.0043651 -0.00313495 -0.000201992
internal_weight=279647 127283 74036.6 9624.21 152364 41457.8 9348.14 8870.11 32109.7 11640.5 64412.4 6863.69 110907 8386.92 5810.77 53246.5 7119.9 1724.46 5395.45 102520 754.098 20469.2 8849.57 80337.3 32834.5 47502.8 43259.9 38629.1 22182.4 19683.9 8582.37 1513.62 16919.6 2790.93 21152.5 4297.15 44664.1 13581.2
internal_count=279391 143782 83043 10472 135609 39025 8799 9579 30226 10366 72571 7046 96584 7374 4922 60739 6480 1476 5004 89210 893 19860 7326 70641 28629 42012 47334 41956 18569 16119 7002 1347 15905 3040 25237 3575 53737 16183
is_linear=0
shrinkage=0.0440977


Tree=2
num_leaves=39
num_cat=0
split_feature=16 0 17 3 3 3 17 12 0 14 0 0 12 12 3 19 16 17 3 8 16 16 0 17 16 19 3 16 0 17 12 0 12 3 16 0 0 12
split_gain=68.8583 46.3136 105.985 23.179 81.4018 17.1998 15.0861 14.8293 25.9093 14.6264 19.411 22.9332 15.27 23.5631 13.8325 11.5089 12.6344 9.24715 9.12603 16.71 9.20146 8.71814 8.41941 7.52632 14.4812 20.6591 7.02397 6.60508 4.58291 4.49424 4.48028 4.19833 3.95057 3.70135 2.865 2.0349 2.38387 1.75381
threshold=4.1121879235106469e-08 0.18421864509582522 3.2049462106442666e-07 0.0010775665869005027 0.0044963988475501546 0.024967188946902755 4.5040064833301594e-06 1.0683193440996776e-08 0.12767100334167483 2.5000000000000004 0.11746299266815187 0.059310715645551688 2.2194142079712269e-09 0.00073787444853223871 8.1219440062341174e-07 1.0000000180025095e-35 6.3124673488346175e-08 1.6851223705316445e-07 0.43472141027450567 1.5000000000000002 0.26183025538921362 0.0060847864951938399 0.68731313943862926 0.04210090450942517 0.0060847864951938399 0.021401781588792804 0.00012054033868480475 0.0023476403439417486 0.29870507121086126 3.0986102501628927e-05 0.0013066243263892832 0.50917410850524913 0.034923546016216285 1.3946797139396952e-07 0.023083658888936046 0.71060970425605785 0.16948933899402621 5.1423764801938894e-08
decision_type=2 2 2 2 2 2 2 2 2 2 2 2 2 2 2 2 2 2 2 2 2 2 2 2 2 2 2 2 2 2 2 2 2 2 2 2 2 2
left_child=5 2 3 15 27 9 7 8 -4 10 11 26 22 -14 -13 16 -2 -17 23 20 31 -6 -12 28 25 -25 -1 -5 34 -30 -26 -20 35 -11 -3 36 -7 -8
right_child=1 18 6 4 21 32 37 -9 -10 33 12 14 13 -15 -16 17 -18 -19 19 -21 -22 -23 -24 24 30 -27 -28 -29 29 -31 -32 -33 -34 -35 -36 -37 -38 -39
leaf_value=0.88594308306963321 0.13883070280158571 0.02365377709461583 0.78943484834282662 0.57680593832629556 -0.14133151433808397 -0.32933939584239957 0.30430636951136153 0.85586128047925858 0.10137311097392629 -0.35619018959690268 -0.31186933903329916 0.12779787620526714 0.24831607787983012 -0.10318741302118498 0.8006631933431827 0.12618117195860645 -0.1709975448827771 -0.21277408149231281 0.065351001971274345 -0.15463140095196395 -0.15198296956961566 0.1042666949829307 -0.032550261650118727 0.03017995854994842 0.041178636207157067 0.25751190933388368 -0.43796705912074491 1.7193144700453185 -0.069352734361276758 -0.010317927093504107 -0.11462687431349064 0.28694174456645016 -0.33556880113258863 -0.19442193194724586 0.17385637598463183 -0.26758198234090552 -0.11276245354681373 -0.01240291134428749
leaf_weight=144.33847653865814 983.09721797704697 13150.0271910429 3771.8775674104691 2760.0284844040871 3705.8342391252518 2034.5554308891296 356.78201115131378 1513.3596725463867 1356.88923817873 4956.0288350582123 15822.890438973904 10217.103036403656 11891.048502087593 31622.403653562069 4298.742361664772 7732.6232917904854 7621.3124380111694 1668.4604312181473 969.34813153743744 2124.7325088977814 615.44569581747055 3683.9206573367119 6333.3135064840317 16642.215541422367 4619.2687519192696 5503.2860873937607 3757.1243060827255 30.898363590240479 19574.327004849911 39765.457641482353 8046.0001692771912 4677.3976909518242 9454.1913856863976 3269.3723823428154 942.25863462686539 9225.0426455140114 14256.887831151485 549.58448499441147
leaf_count=148 830 12311 3293 3000 3142 2588 351 1439 1306 5473 16149 10305 13485 37116 5013 7695 7698 1406 856 2088 571 3155 6223 13979 4815 4400 3697 40 15437 35015 7742 3859 11483 3582 692 11067 17453 489
internal_value=-5.08982e-05 0.000581559 0.00197049 0.000727584 0.00240921 -0.000807981 0.00661081 0.00733896 0.00620486 -0.00049246 -0.000318839 0.000946286 -0.000673657 -0.000193813 0.001753 -0.000223326 -0.0013886 0.000843236 0.000155985 0.00155726 0.00270371 -1.43805e-05 -0.00161599 4.73978e-05 0.000581453 0.00126162 -0.00205488 0.00882406 -0.000205778 -0.000375548 -0.000607832 0.00326176 -0.00164083 -0.00226711 0.000509066 -0.00135543 -0.00105898 0.00127248
internal_weight=279647 152364 35734.7 28186.2 10180.7 127283 7548.49 6642.13 5128.77 92312.4 84087 18417.3 65669.7 43513.5 14515.8 18005.5 8604.41 9401.08 116630 8386.92 6262.19 7389.75 22156.2 108243 34810.8 22145.5 3901.46 2790.93 73432.1 59339.8 12665.3 5646.75 34970.7 8225.4 14092.3 25516.5 16291.4 906.366
internal_count=279391 135609 33844 26966 9337 143782 6878 6038 4599 101191 92136 19163 72973 50601 15318 17629 8528 9101 101765 7374 5286 6297 22372 94391 30936 18379 3845 3040 63455 50452 12557 4715 42591 9055 13003 31108 20041 840
is_linear=0
shrinkage=0.0440977


Tree=3
num_leaves=39
num_cat=0
split_feature=16 15 15 0 6 17 0 16 16 0 6 0 13 16 19 16 0 6 19 6 16 5 16 8 17 16 19 17 17 17 19 0 15 6 0 19 6 0
split_gain=61.6763 186.355 46.8324 39.2836 103.575 27.113 20.1926 19.0134 60.1701 12.3876 27.9037 12.0092 15.4913 11.2277 10.9341 11.8514 9.33256 9.00144 8.99699 18.7951 8.97956 7.84655 7.53759 14.2095 7.6871 12.5782 17.1014 7.22793 10.1155 7.02756 6.11049 5.89375 5.50526 5.08069 5.07487 4.15441 3.86461 3.12783
threshold=4.1121879235106469e-08 0.05249301344156266 0.11112770810723306 0.18421864509582522 7.4751966394615021e-07 6.0955099456805339e-07 0.097786840051412596 0.00031771855719853198 0.0013257549726404252 0.50917410850524913 2.7039660608352283e-06 0.059310715645551688 1.0000000180025095e-35 1.0000000180025095e-35 1.0000000180025095e-35 6.3124673488346175e-08 0.065548479557037367 3.6594201446860103e-07 1.3373437024455372e-08 5.5234647788893207e-06 0.18760957568883899 1.0000000180025095e-35 0.087571736425161376 1.5000000000000002 0.04210090450942517 0.0060847864951938399 0.021401781588792804 0.0065727108158171186 0.012500685639679434 0.00046769880282226955 0.00069412915036082279 0.32466374337673193 1.0000000180025095e-35 1.0000000180025095e-35 0.29870507121086126 0.00039198731246870017 0.0052508653607219466 0.097786840051412596
decision_type=2 2 2 2 2 2 2 2 2 2 2 2 2 2 2 2 2 2 2 2 2 2 2 2 2 2 2 2 2 2 2 2 2 2 2 2 2 2
left_child=1 13 11 4 7 6 -6 14 -9 10 -4 33 16 32 15 -2 -13 -16 19 -7 -10 36 24 27 34 26 -26 29 -29 -24 -15 -12 -1 -3 -5 -27 -11 -14
right_child=3 2 9 22 5 18 -8 8 20 21 31 12 37 30 17 -17 -18 -19 -20 -21 -22 -23 23 -25 25 35 -28 28 -30 -31 -32 -33 -34 -35 -36 -37 -38 -39
leaf_value=-0.41865371332311813 0.13270858627547644 -0.43509680911516402 -0.051096398620876268 0.037066439111035902 0.27553874697368635 0.60105443293250183 0.83984620752106232 0.53965977241217655 0.047569957708268454 0.15787532420348244 0.55075131327044136 1.6639314674694219 -0.14111206094812295 -0.042756085791562447 0.12415228606432722 -0.16468570297664958 0.83266811329070922 -0.20636247842067079 0.01666018166265482 0.87747833475465109 -0.33429492417952256 -0.11574183168726722 0.15539160427557572 -0.11872683168759116 0.028849091391118291 0.030642762115752283 0.24615622299081266 0.68617734794544494 0.16885864162715267 -0.064778043997833629 -0.31772877925367782 0.23903632563429472 -0.19951081049212679 1.0806497392646368 -0.032302475473401641 -0.12646866829471526 -0.011194390474564987 0.22591674512478943
leaf_weight=41095.240250647068 983.09721797704697 631.8287388086319 12284.349138319492 14080.698939323425 383.8211150765419 3746.2149585485458 928.69995599985123 2794.7891434431076 6414.3783571720123 6292.4288731217384 5017.1269149184227 1509.6698083281517 1198.4820660352707 5810.6269060373306 7938.8878788948059 7591.186533510685 5734.747915148735 1854.0462045073509 714.66563659906387 1354.6599613428116 1030.2211346626282 18604.950909078121 5051.5611546635628 3255.3512597084045 16642.215541422367 4811.6110652685165 5503.2860873937607 1123.6807051897049 1061.832683801651 2320.4489201307297 2771.7460993528366 7192.9870365858078 3568.8500609993935 98.412919104099274 55942.708908081055 6836.3697842359543 15020.524336993694 451.07081896066666
leaf_count=50183 830 728 13461 12988 320 3441 803 3045 5412 7123 5522 1422 1508 4284 7854 7659 6143 1574 641 1309 956 21954 4346 3200 13979 5064 4400 969 939 1802 2718 8256 3554 98 47597 6481 16255 573
internal_value=-7.19254e-05 -0.000788439 0.000642508 0.000526641 0.00180582 0.00656148 0.0122852 0.000620642 0.00214318 0.000213775 0.000994439 0.00351159 0.00395792 -0.00277807 -0.000228218 -0.00137799 0.00483601 0.000778512 0.00526779 0.0059169 7.16973e-05 -0.00026527 0.000134695 0.00114376 1.01482e-05 0.00055636 0.00117335 0.00200077 0.00422752 0.00134014 -0.00131705 0.00248724 -0.00305878 -0.00192255 -0.000253459 -0.000616681 0.000312375 0.000100986
internal_weight=279647 127283 74036.6 152364 35734.7 7128.06 1312.52 28606.6 10239.4 64412.4 24494.5 9624.21 8893.97 53246.5 18367.2 8574.28 7244.42 9792.93 5815.54 5100.87 7444.6 39917.9 116630 12812.9 103817 33793.5 22145.5 9557.52 2185.51 7372.01 8582.37 12210.1 44664.1 730.242 70023.4 11648 21313 1649.55
internal_count=279391 143782 83043 135609 33844 6514 1123 27330 9413 72571 27239 10472 9646 60739 17917 8489 7565 9428 5391 4750 6368 45332 101765 11256 90509 29924 18379 8056 1908 6148 7002 13778 53737 826 60585 11545 23378 2081
is_linear=0
shrinkage=0.0440977


Tree=4
num_leaves=39
num_cat=0
split_feature=16 0 17 3 3 3 17 0 0 0 3 19 16 16 17 3 0 16 17 0 3 8 16 3 17 17 16 0 19 16 0 16 3 17 13 0 3 0
split_gain=57.8175 33.5309 79.6897 16.5229 58.7806 13.0422 12.947 38.6705 10.3234 11.1013 25.4972 9.94882 10.9724 8.7208 11.2405 8.25998 14.9814 8.21302 7.82019 7.48221 7.32689 12.7093 7.20953 6.75898 6.62232 12.1769 8.84201 6.56965 5.47111 5.45891 4.53162 11.3955 4.02205 3.95946 3.45424 1.95975 1.62092 1.61804
threshold=4.1121879235106469e-08 0.18421864509582522 3.2049462106442666e-07 0.0010775665869005027 0.0044963988475501546 0.024967188946902755 6.0955099456805339e-07 0.097786840051412596 0.059310715645551688 0.11746299266815187 2.9878962948259874e-07 1.0000000180025095e-35 6.3124673488346175e-08 1.2678929692810927e-06 2.3681526499785836e-06 9.2124505499668902e-06 0.48434139788150793 0.18760957568883899 1.6851223705316445e-07 0.065548479557037367 0.29700618982315069 1.5000000000000002 0.26183025538921362 0.0027929162606596951 0.04210090450942517 0.20265353471040728 0.049453346058726318 0.50917410850524913 0.012085974216461183 0.0023476403439417486 0.32466374337673193 0.023083658888936046 4.300155296732556e-06 3.0986102501628927e-05 1.0000000180025095e-35 0.039757162332534797 8.1219440062341174e-07 0.71060970425605785
decision_type=2 2 2 2 2 2 2 2 2 2 2 2 2 2 2 2 2 2 2 2 2 2 2 2 2 2 2 2 2 2 2 2 2 2 2 2 2 2
left_child=5 2 3 11 29 8 7 -4 35 10 19 12 -2 14 -8 32 -17 -6 -13 -10 24 22 27 -12 30 26 -26 -22 -27 -5 31 -3 -11 -32 37 -1 -9 -7
right_child=1 20 6 4 17 34 13 36 9 15 23 18 -14 -15 -16 16 -18 -19 -20 -21 21 -23 -24 -25 25 28 -28 -29 -30 -31 33 -33 -34 -35 -36 -37 -38 -39
leaf_value=-0.23285696620623558 0.12685644108858041 -0.00037991920011441716 0.14565205680914933 0.52757235353118748 0.039452117188274828 -0.12769692171265137 0.58767998418651024 0.44279675754001335 0.24682376569017239 -0.1257915424546531 0.33896487487743243 0.11514203890321455 -0.15675573510839214 -0.085128023558576113 0.61866371734257852 0.1760665959692439 -0.1037542583146175 -0.3195532824632889 -0.20525643095455195 -0.18679588178904033 0.055616757813109423 -0.11112366924156204 -0.16105965132468161 1.7819508733336671 0.096296385380211638 -0.1570995831372915 -0.22483522957562588 0.25393405956703491 0.03997427386715343 1.641398907157656 -0.087911323318055637 0.17752509019969903 -0.30139426034540812 -0.019766212134009975 -0.28518296805797927 -0.40019204191088353 0.86545885255287447 -0.24412508819927822
leaf_weight=1460.9308651089668 983.09721797704697 18018.241361260414 795.75541180372238 2760.0284844040871 6359.5337617993355 15246.529384315014 3378.0478287339211 193.57084435224533 3086.7255799174309 16034.575061619282 6200.4749880433083 7732.6232917904854 7621.3124380111694 428.58856856822968 2017.4012091755867 10767.762870132923 34557.787057816982 1030.2211346626282 1668.4604312181473 8533.2106539607048 2813.8808549642563 3166.5184643864632 669.51783210039139 1503.0323665142059 21539.927086234093 6519.8070557117462 1324.8371762633324 5877.1477088332176 4517.055432677269 30.898363590240479 14056.999814033508 1564.9172556400299 6364.2996757626534 36560.91500711441 11529.923378646374 3803.5663803219795 735.1291116476059 8194.2245302796364
leaf_count=1545 830 14073 673 3000 5341 18761 3089 166 2976 17742 6950 7695 7698 398 1915 12920 39848 956 1406 9134 2531 3085 641 1850 18574 6167 1362 4629 3961 40 13212 1175 4502 32355 14040 3724 637 9790
internal_value=-0.000108048 0.000471491 0.0016533 0.00057556 0.00199536 -0.000801785 0.00567701 0.00903355 -0.000527031 -0.000412333 0.000519944 -0.000227289 -0.00131071 0.00468178 0.00516266 -0.000678338 -0.000335971 -6.41263e-05 0.000764353 -0.000784303 0.000109379 0.00111691 0.00193381 0.00248711 -1.18703e-05 0.000494239 0.00107487 0.00227352 -0.000708634 0.00744649 -0.000256285 0.000313319 -0.00137109 -0.000476656 -0.00152702 -0.00242311 0.0151413 -0.00121955
internal_weight=279647 152364 35734.7 28186.2 10180.7 127283 7548.49 1724.46 92312.4 87047.9 19323.4 18005.5 8604.41 5824.04 5395.45 67724.4 45325.5 7389.75 9401.08 11619.9 116630 12527.1 9360.55 7703.51 104103 33901.6 22864.8 8691.03 11036.9 2790.93 70201.1 19583.2 22398.9 50617.9 34970.7 5264.5 928.7 23440.8
internal_count=279391 135609 33844 26966 9337 143782 6878 1476 101191 95922 20910 17629 8528 5402 5004 75012 52768 6297 9101 12110 101765 10886 7801 8800 90879 30064 19936 7160 10128 3040 60815 15248 22244 45567 42591 5269 803 28551
is_linear=0
shrinkage=0.0440977


Tree=5
num_leaves=39
num_cat=0
split_feature=16 15 0 19 19 0 16 0 0 12 0 12 19 16 16 0 16 2 12 12 16 0 16 16 0 0 16 12 16 16 16 15 0 12 0 12 15 0
split_gain=51.8838 178.986 34.2386 28.7213 59.3896 28.5932 19.9289 48.0051 18.4044 15.147 12.6833 17.9973 11.6439 12.0182 14.543 11.5384 10.9152 11.1751 10.644 9.71472 9.50065 9.41361 12.7827 8.31606 8.56711 8.22797 7.77423 7.73944 7.24795 6.61991 5.47804 5.289 5.03818 4.75471 4.39399 4.111 3.97126 3.69857
threshold=4.1121879235106469e-08 0.05249301344156266 0.20359309017658236 1.1990982859422242e-10 1.3373437024455372e-08 0.29870507121086126 0.00031771855719853198 0.097786840051412596 0.10807117074728013 0.002313763834536076 0.10807117074728013 8.9537559233576768e-07 2.6861268054290127e-07 0.18760957568883899 0.26183025538921362 0.54427608847618114 2.3152861103881154e-05 1.5000000000000002 1.8290079424332364e-06 1.0683193440996776e-08 0.18760957568883899 0.65379247069358837 0.0028402352472767238 6.3124673488346175e-08 0.18421864509582522 0.52643263339996349 0.0060847864951938399 0.002313763834536076 6.3124673488346175e-08 1.0000000180025095e-35 0.049453346058726318 1.0000000180025095e-35 0.059310715645551688 4.6107925810723321e-10 0.71060970425605785 0.12632722407579425 0.11112770810723306 0.080061092972755446
decision_type=2 2 2 2 2 2 2 2 2 2 2 2 2 2 2 2 2 2 2 2 2 2 2 2 2 2 2 2 2 2 2 2 2 2 2 2 2 2
left_child=1 29 3 6 8 9 23 32 -5 10 33 -12 13 25 36 16 18 -18 -14 -10 28 27 -23 -2 -25 30 -9 -17 -6 31 -4 -1 -8 -3 -31 -7 -15 -11
right_child=2 5 12 4 20 35 7 26 19 37 11 -13 15 14 -16 21 17 -19 -20 -21 -22 22 -24 24 -26 -27 -28 -29 -30 34 -32 -33 -34 -35 -36 -37 -38 -39
leaf_value=-0.38924868642607724 0.17049425845251559 0.87090613918344972 -0.013131758767775507 0.74873374753398936 -0.21437404501539237 0.031394680068491727 -0.083449256433566738 -0.11679506773473489 0.71498687672311889 -0.30096868731959786 0.15683528834840629 1.0041865150173392 0.58619417067336077 0.25626571695511435 -0.15280687839885687 0.050303477222240975 0.0026707984375081957 0.22849633172919162 -0.057836363264734604 0.68014707965083432 -0.30414463808657211 0.084482444158176448 -0.036517368599129317 -0.085956476532255341 0.1802428143020875 -0.16239535600117488 0.23316281957571497 -0.13408206256470581 0.1278191735200635 -0.24032469106621543 -0.23095095810365127 -0.1908757230630139 0.56766637262561448 0.84090025758819797 -0.0086818723410178582 -0.098508316900925263 -0.21616161749838386 0.046019013296526967
leaf_weight=41079.188964545727 1589.2705318927765 6674.574351131916 17433.472472429276 945.52025282382965 847.03712284564972 42487.46321195364 116.64132255315781 3782.9649245142937 3101.4761101007462 1197.5346063971519 10242.232961535454 1048.1745746135712 705.53784972429276 884.58448356389999 505.16488063335419 5302.1436282396317 4567.3302789926529 10103.216284513474 5730.8453146219254 1752.4003407359123 938.54185795783997 21310.280626952648 25109.366891264915 12785.518227338791 1260.2056310176849 7041.4875656366348 1635.0954368114471 12022.015624046326 7301.1808242201805 5964.2326248288155 2573.9391100406647 3450.4888367056847 2804.2233964800835 372.02684807777405 2484.7135852575302 9416.6001073718071 67.976399898529053 2454.6351361870766
leaf_count=50174 1460 6740 13319 797 894 46946 151 3165 2880 1510 11982 1161 778 642 515 4714 4335 8928 5692 1621 877 17991 21423 12250 1197 7556 1182 10871 7126 5086 2373 3516 3021 414 1812 10825 88 3098
internal_value=-0.000121841 -0.00078042 0.000427081 0.00155664 0.00307797 0.000622043 0.000611902 0.0023527 0.0065641 0.00195473 0.00247123 0.00155478 3.98468e-05 -0.00073121 0.00316778 0.000298898 0.00119252 0.00185671 -0.000321434 0.00546561 0.000852568 2.98618e-06 0.000330366 -0.000316643 -0.000658797 -0.000941445 -0.000104179 -0.000874187 0.00133659 -0.00273651 -0.000485121 -0.00295125 0.00690856 0.00393918 -0.00160455 5.74221e-05 0.00637303 -0.000638489
internal_weight=279089 126872 152217 38860.1 14886.2 73893.2 23973.9 8338.93 5799.4 21989.2 18337 11290.4 113357 28506.6 1457.73 84850.7 21106.9 14670.5 6436.38 4853.88 9086.76 63743.8 46419.6 15635 14045.7 27048.9 5418.06 17324.2 8148.22 52978.6 20007.4 44529.7 2920.86 7046.6 8448.95 51904.1 952.561 3652.17
internal_count=279110 143264 135846 36621 14195 82676 22426 7519 5298 24905 20297 13143 99225 24493 1245 74732 19733 13263 6470 4501 8897 54999 39414 14907 13447 23248 4347 15585 8020 60588 15692 53690 3172 7154 6898 57771 730 4608
is_linear=0
shrinkage=0.0440977


Tree=6
num_leaves=39
num_cat=0
split_feature=16 15 0 19 19 0 3 3 3 0 3 0 3 0 2 12 16 12 16 3 12 3 12 0 16 16 0 3 3 3 3 3 3 15 0 12 16 19
split_gain=49.2723 167.987 28.839 25.0497 51.9881 24.7388 19.9805 16.6373 44.3646 16.217 12.5282 14.304 10.7952 10.9304 17.7003 14.1342 10.8745 9.32811 9.20489 8.77835 8.6647 16.234 8.1274 7.83492 7.5236 7.51881 7.57111 6.98142 10.0172 6.74509 6.59484 5.26712 9.75145 5.15837 4.76077 4.50704 4.27283 3.28138
threshold=4.1121879235106469e-08 0.05249301344156266 0.20359309017658236 1.1990982859422242e-10 1.3373437024455372e-08 0.29870507121086126 9.2124505499668902e-06 0.0010775665869005027 0.0044963988475501546 0.10807117074728013 0.014099423773586752 0.080061092972755446 0.00028404347540345048 0.54427608847618114 1.5000000000000002 5.1423764801938894e-08 0.0028402352472767238 3.1846151614445268e-05 0.26183025538921362 0.63629209995269786 1.3978428370364784e-07 7.8760091781759924e-08 1.0683193440996776e-08 0.32466374337673193 1.0000000180025095e-35 6.3124673488346175e-08 0.18421864509582522 0.030205942690372471 0.078289981931447997 2.14092125361276e-07 0.020637014880776409 5.1154045650037012e-05 0.00028404347540345048 1.0000000180025095e-35 0.32466374337673193 0.0030789537122473125 0.0023476403439417486 4.1935285466365719e-08
decision_type=2 2 2 2 2 2 2 2 2 2 2 2 2 2 2 2 2 2 2 2 2 2 2 2 2 2 2 2 2 2 2 2 2 2 2 2 2 2
left_child=1 24 3 7 9 6 20 25 36 -5 11 -8 37 14 23 18 -17 -16 -15 29 21 -3 -11 -14 33 -2 -27 31 -29 -6 -10 -7 -33 -1 -30 -26 -9 -4
right_child=2 5 12 4 19 27 10 8 30 22 -12 -13 13 15 17 16 -18 -19 -20 -21 -22 -23 -24 -25 35 26 -28 28 34 -31 -32 32 -34 -35 -36 -37 -38 -39
leaf_value=-0.37208370945883401 0.1629758515279994 3.9537300933787773 -0.071790097819421264 0.71571630141485043 -0.20492063984439565 -0.09005426182994411 0.31292757118553821 0.53177207588412245 -0.1059350106145463 0.68345759043697429 0.10048889962759619 1.6110151888960746 0.073561233581406218 0.25297271747123334 0.4200672114100969 0.046585031214376828 -0.056083574465798196 0.19253078102690938 -0.14081154995172324 -0.29073255504166756 -0.071409729520625076 0.21617032277283763 0.65015414874659228 -0.049565014692808149 -0.086609864615553228 -0.083194107554303509 0.17229451835685769 -0.26870889383534624 0.79525506454035133 0.12218264025494581 0.22288087241134164 0.37644565255541212 0.0541218978999689 -0.18245854015595031 -0.011816323390384608 -0.29049775899752489 1.5799483156383909 -0.012925924382864766
leaf_weight=41079.188964545727 1589.2705318927765 567.4855329990387 15684.042775094509 945.52025282382965 847.03712284564972 6867.0600836277008 1161.6256765127182 2775.642410159111 3842.4442744255066 3101.4761101007462 1603.7679832577705 2669.0261509418488 3614.7648733854294 990.23782390356064 1012.0939736962318 25064.162955284119 37876.922756433487 8306.1330474019051 277.28944915533066 938.54185795783997 4562.3092119693756 11424.963922262192 1752.4003407359123 7943.3428850769997 5837.2501983642578 12843.452659070492 1260.2056310176849 5036.8046559691429 201.44810873270035 7301.1808242201805 1634.3229777216911 4490.9942062497139 21590.436850726604 3450.4888367056847 13717.319414019585 2611.6960117220879 28.580986320972443 12588.370871126652
leaf_count=50174 1460 389 12660 797 894 6401 1155 2984 3242 2880 2015 3082 2579 725 965 21385 33763 7221 220 877 5586 12678 1621 7376 4346 12325 1197 6071 243 7126 1181 5102 23723 3516 16231 2552 37 12331
internal_value=-0.000135065 -0.000776855 0.000399863 0.00143653 0.00285731 0.000581833 0.00182145 0.000554247 0.0021533 0.00611897 0.00414128 0.00551098 4.44731e-05 0.000292536 0.00116906 7.53552e-06 -8.53457e-05 0.00259902 0.00461613 0.000775187 0.00105971 0.00168193 0.00508784 1.60938e-05 -0.00267189 -0.000289643 -0.000613715 5.66449e-05 -0.00061761 0.00124045 -0.000156542 0.000444557 0.000730644 -0.00290081 -7.75147e-06 -0.0014652 0.00666298 -0.000702048
internal_weight=279089 126872 152217 38860.1 14886.2 73893.2 21989.2 23973.9 8280.99 5799.4 5434.42 3830.65 113357 85084.9 20876.3 64208.6 62941.1 9318.23 1267.53 9086.76 16554.8 11992.4 4853.88 11558.1 52978.6 15692.9 14103.7 51904.1 18955.6 8148.22 5476.77 32948.5 26081.4 44529.7 13918.8 8448.95 2804.22 28272.4
internal_count=279110 143264 135846 36621 14195 82676 24905 22426 7444 5298 6252 4237 99225 74234 18141 56093 55148 8186 945 8897 18653 13067 4501 9955 60588 14982 13522 57771 22545 8020 4423 35226 28825 53690 16474 6898 3021 24991
is_linear=0
shrinkage=0.0440977


Tree=7
num_leaves=39
num_cat=0
split_feature=16 15 0 6 15 3 17 3 3 15 12 3 0 17 6 3 6 0 3 3 6 17 13 16 3 0 0 3 16 15 12 3 12 6 6 0 3 15
split_gain=46.9583 158.33 24.3592 61.4413 21.8144 35.2955 17.2497 14.3258 37.5298 9.44654 9.39753 10.1335 9.19478 9.0406 12.411 8.99375 9.59096 18.5117 9.17325 8.02118 8.78538 9.05379 7.3589 7.3007 7.16564 6.944 6.91903 6.89234 5.34874 4.97172 4.69713 4.55269 4.44277 3.96483 5.40443 3.63057 5.45243 3.2703
threshold=4.1121879235106469e-08 0.05249301344156266 0.18421864509582522 7.4751966394615021e-07 0.11112770810723306 0.0027929162606596951 6.0955099456805339e-07 0.0010775665869005027 0.0044963988475501546 0.05249301344156266 5.1423764801938894e-08 7.8760091781759924e-08 0.097786840051412596 4.5040064833301594e-06 5.5234647788893207e-06 0.030205942690372471 2.7039660608352283e-06 0.50917410850524913 5.1154045650037012e-05 0.00028404347540345048 0.38149860501289373 0.11444212496280672 1.5000000000000002 1.0000000180025095e-35 2.9878962948259874e-07 0.097786840051412596 0.16948933899402621 0.078289981931447997 6.3124673488346175e-08 1.0000000180025095e-35 0.034923546016216285 1.3946797139396952e-07 0.0030789537122473125 1.0000000180025095e-35 0.0052508653607219466 0.27482193708419805 9.2124505499668902e-06 0.20935123413801196
decision_type=2 2 2 2 2 2 2 2 2 2 2 2 2 2 2 2 2 2 2 2 2 2 2 2 2 2 2 2 2 2 2 2 2 2 2 2 2 2
left_child=1 23 3 7 5 10 12 22 -9 19 11 -3 -5 14 -8 16 18 -18 -6 35 21 -21 24 29 -2 -7 -10 37 -24 33 -22 -12 -25 -1 -35 36 -4 -17
right_child=2 4 9 6 15 25 13 8 26 -11 31 -13 -14 -15 -16 27 17 -19 -20 20 30 -23 28 32 -26 -27 -28 -29 -30 -31 -32 -33 -34 34 -36 -37 -38 -39
leaf_value=-0.35257764323430701 0.07528169156750103 3.7793796373485771 -0.016167672330589838 0.20317304913051068 -0.12950721945427784 4.1461277990552778 0.6117745222357156 0.51835533870326767 -0.025063119372610864 -0.14630598694142175 -0.27058634912252416 0.37335266286459728 0.70006725556688432 0.0043128267354258119 0.87995072461955726 0.34956987966278091 0.45614159734307036 0.04301166217871448 0.26659559678043893 0.029597428128050489 -0.13308053940185011 0.16651988802522277 -0.17525575950349132 -0.082790567638826335 -0.089856847195419837 2.36243986737608 0.26782197339276148 -0.0018271513603403224 0.20828874855479002 -0.17441253576731763 0.014302407953033057 0.18151070841975889 -0.27768747211380729 -0.24511081183356812 -0.35567566872428874 -0.055179296916477487 0.30632799320916371 -0.24417631807285137
leaf_weight=18992.884257555008 3998.0483431220055 567.4855329990387 6832.7041810154915 377.01904541254044 10590.96689248085 385.08599555492401 3697.7981058955193 2804.2233964800835 6740.4658722281456 1970.5431360602379 1294.2118530273438 6221.059320628643 946.64234805107117 945.81095737218857 1219.4962607622147 242.2596897482872 9698.626725256443 21405.252461135387 2493.4580892324448 64141.303138911724 7215.2304694652557 7233.0708223581314 482.11654448509216 5837.2501983642578 11900.667985916138 336.46119266748428 646.03213340044022 14175.196043908596 2131.8914287090302 3450.4888367056847 5902.544421672821 919.09325164556503 2611.6960117220879 7248.3131401538849 14837.991566836834 21665.536010146141 1366.2927883863449 5564.0847489833832
leaf_count=22537 3879 389 6759 314 11093 449 3440 3021 5890 2407 1631 6448 803 861 1126 306 10708 23571 2992 54765 6585 6412 502 4346 11428 414 463 16786 2197 3516 5241 1156 2552 8898 18739 18234 1519 6733
internal_value=-0.000159364 -0.000785903 0.000362852 0.00136715 0.000533152 0.00247948 0.00501319 0.000454105 0.00178184 5.29902e-05 0.00172659 0.00254006 0.00955913 0.00398544 0.00474474 0.000238199 0.000589255 0.00101062 -0.00041239 0.000105167 0.000324737 0.000517511 -0.000276834 -0.00262566 -0.000633358 0.011857 0.000132734 -0.000538138 0.001891 -0.00285116 -0.000724114 -0.000768456 -0.00143698 -0.00298622 -0.00258417 -0.000516027 0.000274318 -0.00181767
internal_weight=279089 126872 152217 35890.2 73893.2 9723.4 7186.77 28703.4 10190.7 116327 9001.85 6788.54 1323.66 5863.11 4917.29 64169.8 44188.3 31103.9 13084.4 114357 84492.1 71374.4 18512.7 52978.6 15898.7 721.547 7386.5 19981.5 2614.01 44529.7 13117.8 2213.31 8448.95 41079.2 22086.3 29864.5 8199 5806.34
internal_count=279110 143264 135846 33924 82676 10487 6544 27380 9374 101922 9624 6837 1117 5427 4566 72189 48364 34279 14085 99515 73003 61177 18006 60588 15307 863 6353 23825 2699 53690 11826 2787 6898 50174 27637 26512 8278 7039
is_linear=0
shrinkage=0.0440977


Tree=8
num_leaves=39
num_cat=0
split_feature=16 15 0 6 17 0 12 17 0 6 16 16 19 16 16 6 0 16 16 0 16 12 16 0 19 16 16 6 15 12 16 12 6 6 12 0 0 15
split_gain=44.8275 150.301 21.2804 38.3476 26.9996 18.9231 10.4151 10.0599 9.86538 12.5348 9.69892 28.9155 9.28874 9.96672 12.571 9.20149 9.12523 8.84168 8.72362 8.51378 10.3504 7.31577 7.16067 7.08123 6.87994 6.82804 6.58044 6.14594 4.88527 4.52885 4.42227 4.33203 4.04755 5.58835 3.56991 3.28852 3.56655 3.2252
threshold=4.1121879235106469e-08 0.05249301344156266 0.20359309017658236 7.4751966394615021e-07 4.5040064833301594e-06 0.29870507121086126 0.002313763834536076 6.0955099456805339e-07 0.10807117074728013 2.7039660608352283e-06 0.00031771855719853198 0.0013257549726404252 2.6861268054290127e-07 0.18760957568883899 0.26183025538921362 5.5234647788893207e-06 0.54427608847618114 0.15507159382104876 2.3947405480839739e-07 0.65379247069358837 0.0028402352472767238 0.00098189854179509006 1.0000000180025095e-35 0.52643263339996349 0.00029456955962814396 1.2678929692810927e-06 2.3152861103881154e-05 3.6594201446860103e-07 1.0000000180025095e-35 4.6107925810723321e-10 0.049453346058726318 0.0030789537122473125 1.0000000180025095e-35 0.00076324320980347704 0.12632722407579425 0.080061092972755446 0.11746299266815187 0.11112770810723306
decision_type=2 2 2 2 2 2 2 2 2 2 2 2 2 2 2 2 2 2 2 2 2 2 2 2 2 2 2 2 2 2 2 2 2 2 2 2 2 2
left_child=1 22 3 10 7 6 8 18 29 -10 25 -12 13 23 37 -9 17 26 -5 21 -21 -18 28 30 -13 27 -14 -2 32 -3 -4 -24 -1 -34 -7 -8 -37 -15
right_child=2 5 12 4 -6 34 35 15 9 -11 11 24 16 14 -16 -17 19 -19 -20 20 -22 -23 31 -25 -26 -27 -28 -29 -30 -31 -32 -33 33 -35 -36 36 -38 -39
leaf_value=-0.33702977541528195 0.037713852391759874 0.75230296307440125 -0.010998328210627182 0.32732554147612963 -0.036616630233989679 0.026506643130410831 -0.27261541142332735 0.58479666476434156 -0.0036997645667169328 0.48177989845803609 0.47268750871808252 0.049706863424757657 -0.020208103147206887 0.23250428758513392 -0.14231185503873814 0.84114690986789942 0.10809966503187035 0.41720996943646593 0.73184383274405129 0.077397489310021883 -0.033739057662035776 -0.12528638038021819 -0.079139692925096705 -0.14980185971788307 -0.40928908513494539 -0.18429947082019227 0.11329504395287203 -0.20396591097923039 -0.16672134177323583 0.77782186354449634 -0.21988602406512531 -0.26544208958807664 -0.20873191780892011 -0.33999118506548343 -0.092571321403808859 0.27925450439930571 -0.12569615947854648 -0.19770446761949378
leaf_weight=18992.884257555008 14135.776755928993 6674.574351131916 17433.472472429276 573.42008519172668 1884.1050432324409 42487.46321195364 1197.5346063971519 3697.7981058955193 6650.3194550871849 4640.0880810618401 2805.7683146595955 7515.6792635321617 6436.3831643462181 884.58448356389999 505.16488063335419 1219.4962607622147 3495.0704884529114 800.28836786746979 750.24130827188492 21310.280626952648 25109.366891264915 13829.088763833046 5837.2501983642578 7041.4875656366348 709.38652348518372 3618.9428346157074 13870.258195638657 1949.4614837169647 3450.4888367056847 372.02684807777405 2573.9391100406647 2611.6960117220879 5531.1636899113655 16555.141017079353 9416.6001073718071 1104.3540760278702 1350.2810601592064 67.976399898529053
leaf_count=22537 13542 6740 13319 485 1826 46946 1510 3440 8081 5062 3023 6304 6470 642 515 1126 3249 691 632 17991 21423 12336 4346 7556 671 3945 12572 1627 3516 414 2373 2552 6722 20915 10825 1391 1707 88
internal_value=-0.000189386 -0.000801545 0.000320845 0.00121136 0.0039054 0.000483631 0.00156779 0.00530193 0.00199608 0.00118785 0.000499059 0.00154597 1.55606e-05 -0.000673117 0.00287753 0.00438174 0.000246935 0.00104164 0.00871445 -1.62193e-05 0.000295121 -0.000850416 -0.00259405 -0.000864569 0.000227104 -8.70734e-05 0.000862308 0.000302323 -0.00281738 0.00329071 -0.000441237 -0.00141682 -0.00295125 -0.00254505 2.43055e-05 -0.000582543 0.000341839 0.00585758
internal_weight=279089 126872 152217 38860.1 8125.06 73893.2 21989.2 6240.96 18337 11290.4 30735 11030.8 113357 28506.6 1457.73 4917.29 84850.7 21106.9 1323.66 63743.8 46419.6 17324.2 52978.6 27048.9 8225.07 19704.2 20306.6 16085.2 44529.7 7046.6 20007.4 8448.95 41079.2 22086.3 51904.1 3652.17 2454.64 952.561
internal_count=279110 143264 135846 36621 7509 82676 24905 5683 20297 13143 29112 9998 99225 24493 1245 4566 74732 19733 1117 54999 39414 15585 60588 23248 6975 19114 19042 15169 53690 7154 15692 6898 50174 27637 57771 4608 3098 730
is_linear=0
shrinkage=0.0440977


Tree=9
num_leaves=39
num_cat=0
split_feature=16 15 2 6 17 15 14 16 16 17 6 16 16 16 17 6 16 17 12 16 16 13 12 6 15 13 16 15 16 12 6 6 16 15 15 15 17 17
split_gain=42.6525 142.804 17.2848 30.2595 30.4673 16.1997 14.4235 9.55589 24.2621 9.39694 8.89003 8.13993 7.76087 8.3253 13.9457 12.8521 9.57785 7.69655 7.00726 6.9036 6.0812 5.91522 5.51812 6.02584 15.1197 5.29228 5.18389 4.72851 4.41494 4.29774 4.17793 5.50445 2.99432 2.92278 6.21568 2.66715 2.52288 8.32323
threshold=4.1121879235106469e-08 0.05249301344156266 1.0000000180025095e-35 7.4751966394615021e-07 4.5040064833301594e-06 0.11112770810723306 2.5000000000000004 0.00031771855719853198 0.0013257549726404252 6.0955099456805339e-07 5.5234647788893207e-06 2.3947405480839739e-07 8.374970639124514e-05 0.0028402352472767238 0.012500685639679434 0.079255644232034697 0.023083658888936046 0.18868316709995273 0.00098189854179509006 1.0000000180025095e-35 0.0001881720017991029 1.5000000000000002 0.046473188325762756 2.7039660608352283e-06 0.49803984165191656 1.5000000000000002 6.3124673488346175e-08 1.0000000180025095e-35 8.8097582562340917e-08 0.0030789537122473125 1.0000000180025095e-35 0.00076324320980347704 2.3222270328915332e-08 0.082325432449579253 0.067402362823486342 0.082325432449579253 1.7498413399152927e-05 3.0986102501628927e-05
decision_type=2 2 2 2 2 2 2 2 2 2 2 2 2 2 2 2 2 2 2 2 2 2 2 2 2 2 2 2 2 2 2 2 2 2 2 2 2 2
left_child=1 19 3 7 9 6 33 21 -9 11 -11 -5 36 14 20 -16 25 -18 -10 27 -14 28 23 -7 -25 -15 -23 30 -2 32 -1 -32 -21 34 -3 -8 -4 -38
right_child=2 5 12 4 -6 22 35 8 18 10 -12 -13 13 16 15 -17 17 -19 -20 29 -22 26 -24 24 -26 -27 -28 -29 -30 -31 31 -33 -34 -35 -36 -37 37 -39
leaf_value=-0.32216753301340006 0.070104679325998481 0.76449914978388422 -0.064437688667896356 0.31289123360006388 -0.029022133450104095 -0.028040639450739546 -0.25029280730513709 0.45184307048928363 0.048983874365451124 0.55900846911655255 0.8040542546131918 0.69957119324458228 0.14155351245603104 -0.079107065000380589 -0.087745549002763587 0.063635530925882935 0.058937061315679475 -0.11338301995811988 -0.39124037241149318 -0.12159071350610041 0.38010182456614561 -0.16919047592018513 -0.067036119086911761 0.33148351943170429 0.0087437295916754712 0.195701976941492 0.19744059639299369 -0.15936931184665837 -0.060000399631182144 -0.25373670042992585 -0.19952731754574349 -0.32499835126995291 0.030715960606754977 0.79709275061974671 0.15302724837667819 0.11058782584365044 0.41189049431056834 -0.041489007321850568
leaf_weight=18992.884257555008 3875.9998069405556 2278.9863539934158 14582.622002780437 573.42008519172668 2753.327121257782 16020.694118976593 1313.523330271244 2805.7683146595955 8182.2489467263222 3697.7981058955193 1219.4962607622147 750.24130827188492 3349.1291650533676 23851.450483441353 7152.7132752537727 17250.138570129871 25833.646303594112 3523.2285789847374 725.60816437005997 4444.2711362838745 2515.5921539068222 482.11654448509216 15783.663323700428 11733.843284904957 20631.643923163414 1009.6834915876389 2131.8914287090302 3450.4888367056847 14354.450763463974 2611.6960117220879 5531.1636899113655 16555.141017079353 1392.9790620803833 3085.7299211621284 2345.0929734706879 700.06456762552261 1092.7135519385338 10504.152962446213
leaf_count=22537 3721 2023 11588 485 2792 17588 1656 3023 6731 3440 1126 632 2682 20662 6052 14886 23192 3507 692 3278 2287 502 18158 13268 23175 626 2197 3516 13777 2552 6722 20915 1068 3568 2360 880 1227 10019
internal_value=-0.00020822 -0.000805343 0.000289479 0.00105634 0.00332029 0.000447371 0.00212463 0.000430835 0.00143857 0.00502478 0.00413547 0.00832287 1.53217e-06 0.000207101 0.000792967 0.000328886 -0.000119971 0.000419389 0.000312032 -0.00255257 0.0027236 -0.000135509 0.000193194 0.000426748 0.000772969 -0.000756858 0.00182587 -0.00277185 -0.000416829 -0.00139667 -0.00290356 -0.00249088 -0.000731173 0.00299252 0.00229024 -0.00119828 -0.000661855 -0.000176395
internal_weight=279089 126872 152217 41552.4 8994.28 73893.2 9723.4 32558.1 11713.6 6240.96 4917.29 1323.66 110665 84485.6 30267.6 24402.9 54218 29356.9 8907.86 52978.6 5864.72 20844.5 64169.8 48386.2 32365.5 24861.1 2614.01 44529.7 18230.5 8448.95 41079.2 22086.3 5837.25 7709.81 4624.08 2013.59 26179.5 11596.9
internal_count=279110 143264 135846 39118 8475 82676 10487 30643 10446 5683 4566 1117 96728 73894 25907 20938 47987 26699 7423 60588 4969 20197 72189 54031 36443 21288 2699 53690 17498 6898 50174 27637 4346 7951 4383 2536 22834 11246
is_linear=0
shrinkage=0.0440977


end of trees

feature_importances:
event_decay_operation_weighted=81
event_decay_major=70
event_decay_operation=61
event_decay_case_drop_weighted=35
event_decay_game_update=33
event_decay_case_drop=30
event_decay_major_weighted=28
event_decay_game_update_weighted=21
event_density_30d_game_update=7
event_density_90d_major=4
event_density_90d_case_drop=4
event_density_90d_game_update=4
event_density_90d_operation=2

parameters:
[boosting: gbdt]
[objective: quantile]
[metric: quantile]
[tree_learner: serial]
[device_type: cpu]
[data_sample_strategy: bagging]
[data: ]
[valid: ]
[num_iterations: 1000]
[learning_rate: 0.0440977]
[num_leaves: 39]
[num_threads: -1]
[seed: 13]
[deterministic: 0]
[force_col_wise: 0]
[force_row_wise: 0]
[histogram_pool_size: -1]
[max_depth: 6]
[min_data_in_leaf: 5]
[min_sum_hessian_in_leaf: 0.001]
[bagging_fraction: 0.7]
[pos_bagging_fraction: 1]
[neg_bagging_fraction: 1]
[bagging_freq: 5]
[bagging_seed: 16376]
[bagging_by_query: 0]
[feature_fraction: 0.75]
[feature_fraction_bynode: 1]
[feature_fraction_seed: 20348]
[extra_trees: 0]
[extra_seed: 30076]
[early_stopping_round: 0]
[early_stopping_min_delta: 0]
[first_metric_only: 0]
[max_delta_step: 0]
[lambda_l1: 0]
[lambda_l2: 1]
[linear_lambda: 0]
[min_gain_to_split: 0.1]
[drop_rate: 0.1]
[max_drop: 50]
[skip_drop: 0.5]
[xgboost_dart_mode: 0]
[uniform_drop: 0]
[drop_seed: 24096]
[top_rate: 0.2]
[other_rate: 0.1]
[min_data_per_group: 100]
[max_cat_threshold: 32]
[cat_l2: 10]
[cat_smooth: 10]
[max_cat_to_onehot: 4]
[top_k: 20]
[monotone_constraints: ]
[monotone_constraints_method: basic]
[monotone_penalty: 0]
[feature_contri: ]
[forcedsplits_filename: ]
[refit_decay_rate: 0.9]
[cegb_tradeoff: 1]
[cegb_penalty_split: 0]
[cegb_penalty_feature_lazy: ]
[cegb_penalty_feature_coupled: ]
[path_smooth: 0]
[interaction_constraints: ]
[verbosity: -1]
[saved_feature_importance_type: 0]
[use_quantized_grad: 0]
[num_grad_quant_bins: 4]
[quant_train_renew_leaf: 0]
[stochastic_rounding: 1]
[linear_tree: 0]
[max_bin: 63]
[max_bin_by_feature: ]
[min_data_in_bin: 3]
[bin_construct_sample_cnt: 200000]
[data_random_seed: 81]
[is_enable_sparse: 1]
[enable_bundle: 1]
[use_missing: 1]
[zero_as_missing: 0]
[feature_pre_filter: 0]
[pre_partition: 0]
[two_round: 0]
[header: 0]
[label_column: ]
[weight_column: ]
[group_column: ]
[ignore_column: ]
[categorical_feature: ]
[forcedbins_filename: ]
[precise_float_parser: 0]
[parser_config_file: ]
[objective_seed: 11872]
[num_class: 1]
[is_unbalance: 0]
[scale_pos_weight: 1]
[sigmoid: 1]
[boost_from_average: 1]
[reg_sqrt: 0]
[alpha: 0.9]
[fair_c: 1]
[poisson_max_delta_step: 0.7]
[tweedie_variance_power: 1.5]
[lambdarank_truncation_level: 30]
[lambdarank_norm: 1]
[label_gain: ]
[lambdarank_position_bias_regularization: 0]
[eval_at: ]
[multi_error_top_k: 1]
[auc_mu_weights: ]
[num_machines: 1]
[local_listen_port: 12400]
[time_out: 120]
[machine_list_filename: ]
[machines: ]
[gpu_platform_id: -1]
[gpu_device_id: -1]
[gpu_use_dp: 0]
[num_gpu: 1]

end of parameters

pandas_categorical:[]
