tree
version=v4
num_class=1
num_tree_per_iteration=1
label_index=0
max_feature_idx=19
objective=quantile
feature_names=event_decay_major event_density_30d_major event_density_90d_major event_decay_operation event_density_30d_operation event_density_90d_operation event_decay_case_drop event_density_30d_case_drop event_density_90d_case_drop event_decay_update event_density_30d_update event_density_90d_update event_decay_game_update event_density_30d_game_update event_density_90d_game_update event_decay_major_weighted event_decay_operation_weighted event_decay_case_drop_weighted event_decay_update_weighted event_decay_game_update_weighted
feature_infos=[0.031220927834510803:0.98347145318984985] [0:2] [0:3] [1.5229979055675358e-08:0.95349693298339844] [0:1] [0:1] [0:0.93106275796890259] [0:1] [0:3] none none none [0:0.86687791347503662] [0:2] [0:3] [0:0.98347145318984985] [0:0.95349693298339844] [0:0.93106275796890259] none [0:0.26006338000297546]
tree_sizes=6471 6606

Tree=0
num_leaves=63
num_cat=0
split_feature=16 15 1 16 5 16 14 15 12 16 3 3 8 3 3 12 16 6 16 3 6 12 14 16 3 15 3 8 16 12 3 6 3 15 8 8 3 6 3 15 19 16 6 6 15 14 12 3 15 12 6 6 3 6 3 19 12 12 3 6 6 6
split_gain=4094.49 596.544 146.889 143.012 125.253 131.983 159.397 117.117 89.0873 81.0419 75.8254 67.464 58.6336 57.8501 332.643 211.679 111.02 147.439 107.206 81.9269 73.5378 62.8151 62.3646 55.2096 47.0697 50.6157 46.5114 41.8273 40.906 40.2206 39.5381 38.6105 29.6726 27.451 27.0506 26.3039 26.1046 33.998 22.4544 20.6513 18.5429 17.3112 17.0109 16.4807 15.7112 33.9982 21.7786 18.5429 24.8321 15.474 29.6882 14.9079 14.3341 23.5557 19.8203 13.9142 13.409 13.0736 11.7751 11.3913 11.3387 11.2667
threshold=4.1121879235106469e-08 0.06305538117885591 1.0000000180025095e-35 1.0000000180025095e-35 1.0000000180025095e-35 6.2936000176705434e-05 1.5000000000000002 0.53237426280975353 0.0026690770173445348 0.024209473282098774 0.18448395282030108 0.010595397092401983 1.5000000000000002 0.0011852378374896946 2.6263362997269727e-05 0.1681051775813103 1.9794097028125182e-07 2.9535829071392078e-07 0.00068066531093791138 0.00034364305611234164 1.6126015907502737e-05 6.0329932161096175e-09 2.5000000000000004 0.11111364886164667 1.1145458302053159e-05 0.3283281028270722 6.1887472838861881e-05 1.5000000000000002 0.013671528082340957 0.0020057506626471881 0.88801717758178722 0.47266782820224768 0.027461928315460685 1.0000000180025095e-35 1.0000000180025095e-35 1.5000000000000002 6.1887472838861881e-05 0.00012797852104995402 0.10418143495917322 1.0000000180025095e-35 0.00033980513399001216 0.00042279197077732539 0.00088045065058395277 0.21543917804956439 0.11489439383149148 2.5000000000000004 2.6037981493143297e-10 2.5468100375292128e-06 0.1958495378494263 0.011137348134070637 0.04475709795951844 0.21543917804956439 6.1887472838861881e-05 0.0075047470163553962 0.0059834124986082324 7.3016494184230407e-07 0.14572666585445407 0.046473188325762756 4.8103026983881147e-07 1.0000000180025095e-35 2.0319691884651552e-06 0.0075047470163553962
decision_type=2 2 2 2 2 2 2 2 2 2 2 2 2 2 2 2 2 2 2 2 2 2 2 2 2 2 2 2 2 2 2 2 2 2 2 2 2 2 2 2 2 2 2 2 2 2 2 2 2 2 2 2 2 2 2 2 2 2 2 2 2 2
left_child=1 3 13 39 5 26 29 24 -5 28 27 12 -8 14 16 18 17 22 41 36 21 -18 -2 31 44 -26 -4 34 49 -7 33 -12 52 -20 -11 -25 37 -16 -34 59 -38 -15 56 -43 45 46 -3 60 -49 -6 -51 -29 -9 -54 -55 -22 -27 -40 -19 -1 -46 -61
right_child=2 7 4 8 9 6 11 32 -10 10 23 -13 -14 15 19 -17 20 58 30 -21 55 -23 -24 35 25 42 -28 51 -30 -31 -32 -33 38 -35 -36 -37 40 -39 57 -41 -42 43 -44 -45 47 -47 -48 48 -50 50 -52 -53 53 54 -56 -57 -58 -59 -60 61 -62 -63
leaf_value=0 0 0 -0.66188013483917074 -0.040256732274110793 0 0.017938279498584026 0 0 -0.40328961988954704 0 -0.24182618143382301 -0.37733853627857133 0 0.028094511558193411 -0.42623067995814146 -0.21833449919357448 0.0064406965467266502 -0.21113576381545687 0 -0.47098349810711598 -0.0043369506794221219 0.18939312956934498 -0.17787958388594199 0.032141776732938214 0 0 -0.060013407651816286 0 -0.15595320850419606 0.19855559036362955 -0.51808186249322752 0 0 0.13648824467957371 -0.064154889122807743 -0.082279490058298418 0 0 0 0 -0.16433779842233828 0.54583622976468626 0 0.27291811488234313 0 0 0 0 0 0 -0.18655161891037061 0.12881186433543235 0 0 0 0 0 0 -0.41266407987612092 0 0 0
leaf_weight=19068.345608472824 6858.3043783307076 3611.8703047633171 767.93228530883789 5627.0301657319069 1794.6863675713539 2927.9523431062698 12299.854165732861 1917.7606779932976 2716.1926344037056 3563.5351103544235 3011.2818183302879 1333.8244948387146 8027.0135917067528 348.73238855600357 1013.349063038826 2097.19135171175 18299.752552807331 990.02407342195511 35339.653662145138 2315.0170764923096 2991.5146765112877 5300.161453127861 1510.5391754508018 1603.0569060444832 5784.036412358284 6213.9065818190575 3642.4818995594978 1057.2748520970345 4643.0901976823807 3675.49002212286 210.19236010313034 1243.6986227035522 6215.0597442984581 667.67333924770355 1683.6287960410118 1050.6290240287781 3449.7428051233292 2896.1517640948296 6342.7315466403961 4697.0476060509682 838.11814922094345 1016.6737307906151 5374.6118023991585 636.72812777757645 3657.2709977626801 1453.7473855614662 1494.5427809357643 1615.9787566661835 4405.8426975011826 2817.1980291604996 4686.468210041523 1169.559678196907 4722.0259255170822 9458.8461663126945 6526.7475730776787 1782.014397919178 344.28739404678345 1581.013229072094 1330.0062844753265 7449.3045575022697 1187.3294526338577 14537.865948319435
leaf_count=22561 6264 3700 841 4233 1415 2445 9963 2151 2706 3352 2599 940 7270 402 1034 1996 14543 801 30458 2655 3318 5107 1564 1366 6810 7322 3427 1006 4379 3381 189 1183 7434 865 1657 1052 3486 2846 7430 4876 775 1101 6055 542 4419 1835 1684 1753 3893 2706 3472 1210 5263 10003 7566 1855 433 1899 1127 9092 1292 18365
internal_value=-0.00690827 -0.0119928 -0.00266208 -0.0150252 -0.00410969 -0.00249561 -0.00153463 -0.00971089 -0.0104101 -0.00597026 -0.00395261 -0.00311985 -0.00257103 -0.00167932 -0.00255366 -0.000603234 -0.000928876 -0.00424776 4.43755e-05 -0.00858713 0.000320125 0.00119622 -0.00187935 -0.00683929 -0.00812951 -0.00673492 -0.00864454 -0.00127889 -0.0080488 0.00365929 -0.000430459 -0.00953969 -0.0112214 -0.000332803 -0.0031445 -0.00249403 -0.00678533 -0.00905418 -0.0126078 -0.0158658 -0.00470696 0.00865091 -0.00815957 0.0102842 -0.00954491 -0.00804124 -0.00655757 -0.0104488 -0.00900699 -0.00657537 -0.00734202 0.00309966 -0.010353 -0.0100526 -0.0107592 -0.00400287 -0.00947911 -0.0112349 -0.0127724 -0.0161454 -0.0122319 -0.0155278
internal_weight=276894 126003 150890 54095.8 60998.7 32674.5 28264.1 71907.6 8343.22 28324.1 14382.7 21660.7 20326.9 89891.5 49574.7 40316.8 39062.3 10688.9 38219.7 10512.4 28373.4 23599.9 8368.84 6908.67 35143.4 17716.8 4410.41 7474 13941.4 6603.44 36217.5 4254.98 36764.2 36007.3 5247.16 2653.69 8197.36 3909.5 14138.8 45752.6 4287.86 2002.13 11932.8 1653.4 17426.6 6560.16 5106.41 10866.4 6021.82 9298.35 7503.67 2226.83 22625.4 20707.6 15985.6 4773.53 6558.19 7923.74 2320.03 41055.5 4844.6 21987.2
internal_count=277367 142775 134592 61833 53664 28267 23999 80942 6939 25397 13425 18173 17233 80928 45375 35553 34579 9756 33557 10796 24823 19650 7828 6200 39196 20620 4268 7225 11972 5826 31512 3782 41746 31323 5009 2418 8141 3880 16763 54894 4261 2045 13810 1643 18576 7219 5384 11357 5646 7593 6178 2216 24983 22832 17569 5173 7755 9329 1928 50018 5711 27457
is_linear=0
shrinkage=0.0382085


Tree=1
num_leaves=63
num_cat=0
split_feature=16 15 15 19 16 16 16 12 16 16 6 16 6 16 12 12 16 1 16 12 1 16 5 1 12 15 16 12 6 15 12 6 6 16 16 12 15 15 16 6 6 6 8 16 16 6 12 16 16 12 12 16 6 6 15 13 6 15 15 6 6 16
split_gain=4883.15 724.06 116.746 67.2702 75.3399 208.94 73.231 149.213 80.4656 189.989 71.4952 69.2002 54.3199 60.9191 53.3811 49.8719 48.642 40.7956 35.8975 29.8359 29.5223 29.1481 25.4584 21.6988 21.4282 20.6513 17.6338 16.8235 15.7356 16.6979 29.5749 20.5372 29.3131 15.3506 26.1139 15.0827 14.4617 14.3385 11.9848 11.3913 11.2667 10.6808 9.11187 8.9861 27.6367 8.54827 7.76591 7.21998 5.9759 5.68765 6.7017 5.40896 5.14788 10.218 14.5037 5.55535 7.47416 4.8331 4.6096 4.09148 4.23122 3.62156
threshold=1.0000000180025095e-35 0.06305538117885591 0.53237426280975353 0.0090823350474238413 7.2818412633068887e-08 0.00014830355212325233 2.7624888332411507e-07 5.409343459272798e-11 4.8099648211064058e-06 0.00033321403316222137 0.58562439680099498 0.051865238696336753 0.091426536440849318 0.029289240017533306 0.011137348134070637 0.34339299798011785 1.0162628427679012e-07 1.0000000180025095e-35 9.6610725449863835e-05 0.094932042062282576 1.0000000180025095e-35 2.3222270328915332e-08 1.0000000180025095e-35 1.0000000180025095e-35 0.29767979681491857 1.0000000180025095e-35 1.9794097028125182e-07 2.6037981493143297e-10 0.28668753802776342 0.11489439383149148 0.011137348134070637 4.1507582864142031e-06 2.0319691884651552e-06 3.1333989909398956e-06 2.0412185222085104e-06 0.053609842434525497 0.10396074503660203 0.085115861147642149 5.3805933930561888e-07 1.0000000180025095e-35 0.0075047470163553962 1.0000000180025095e-35 1.5000000000000002 4.1121879235106469e-08 7.2818412633068887e-08 1.0683850177883871e-06 0.0047263880260288724 1.418309025780218e-07 1.9794097028125182e-07 2.9039931348506801e-08 0.00063964707078412186 0.22697485983371737 0.015330149792134764 0.0012583752977661791 0.75959849357604992 1.5000000000000002 0.068704966455698027 0.47375014424324041 0.7723645567893983 0.079255644232034697 0.14034549146890643 1.0162628427679012e-07
decision_type=2 2 2 2 2 2 2 2 2 2 2 2 2 2 2 2 2 2 2 2 2 2 2 2 2 2 2 2 2 2 2 2 2 2 2 2 2 2 2 2 2 2 2 2 2 2 2 2 2 2 2 2 2 2 2 2 2 2 2 2 2 2
left_child=1 25 28 6 24 23 7 16 33 14 11 -11 13 19 18 17 43 -14 -10 -7 -17 -9 52 48 -5 39 41 47 29 30 37 32 -31 34 38 49 -32 -3 -8 -1 -41 -18 -15 -2 -45 -29 -30 -23 61 -24 -51 -12 53 54 -4 56 -54 -48 -55 -37 -61 -6
right_child=3 2 22 4 5 12 8 21 9 10 51 -13 15 42 -16 20 26 -19 -20 -21 -22 27 35 -25 -26 -27 -28 45 46 31 36 -33 -34 -35 -36 59 -38 -39 -40 40 -42 -43 -44 44 -46 -47 57 -49 -50 50 -52 -53 55 58 -56 -57 -58 -59 -60 60 -62 -63
leaf_value=0 -0.039928479434371646 0 0 -0.34091500413337539 0.12085184716564648 -0.17017861462996442 -0.00024608958875555284 -0.49224981497055376 -0.013434787224821765 0.018958622466561652 -0.053637990678543815 0 0 0.010329313071724374 0.076512714848380445 -0.13791052802744044 -0.12038305629768833 -0.11814602207848866 -0.25781537723385406 -0.054056245834849054 0.1450957106822188 -0.23582682311694014 0 0.022409697921531933 -0.087545545164740265 0 -0.00024608958875555284 -0.060379768221145096 0.16684950421891828 0 0 0 -0.01104292993174627 0.003104556586383127 -0.043664880592764688 0 0 0 0.050028299994833964 0 0 -0.08571740259215388 -0.079135711163490219 0.15603486718242232 0 0.17998284835756068 0 -0.38935132341572443 0.19639432855173133 0 0 0.10008190354759128 0 0 0 0 0 0 0 0 0 0.1465124031189696
leaf_weight=19068.345608472824 5671.0271372199059 3357.7377391457558 1442.7552326321602 1514.7086020112038 696.81709104776382 3909.6101912856102 4611.6945661306381 1580.8332498073578 15777.931854188442 40274.952013790607 3207.4061353206635 17610.122454226017 4528.7790875434875 1949.3533081412315 1254.3563348650932 514.84777426719666 1415.641768693924 3904.3910365700722 3309.1342979073524 13340.623313784599 2354.0040557384491 588.2926749587059 478.43110084533691 1647.7480235695839 578.37600374221802 4697.0476060509682 687.5890953540802 1235.6354091763496 74.872039198875427 12033.934265971184 1457.5331062078476 11670.572461307049 905.93353396654129 2234.4647396206856 2132.1413021087646 4063.8318788409233 305.82926386594772 2940.1740482449532 13147.047364771366 7449.3045575022697 14537.865948319435 761.62524592876434 894.04201769828796 1356.268116414547 1885.1094405055046 191.08368724584579 1126.7221992015839 1518.3466112017632 1501.9131547212601 5657.850546002388 5473.7714595198631 27.787560939788818 3994.723511993885 2679.3036670088768 1513.1801226139069 272.48058313131332 7351.4316350221634 1226.1189378499985 2145.1851073503494 459.7520170211792 1231.4880009293556 1463.7122761011124
leaf_count=22561 4290 3271 1680 1590 697 3053 4222 1505 15438 35550 2970 15853 4129 1701 1063 586 1287 3172 3501 11577 1943 478 556 1259 581 4876 670 1108 97 13309 1840 13058 1001 2352 2364 4607 388 3385 9862 9092 18365 639 858 1127 1745 160 1321 1290 1514 6715 6488 36 3924 3014 1675 333 8477 1469 2226 565 1486 1418
internal_value=-0.00620256 -0.0121073 -0.00971375 -0.00184202 -0.00322646 -0.00282288 -0.00139585 -0.00372943 -0.00101494 -0.00157011 -0.000504891 -0.000195245 -0.00400906 -0.00520207 -0.00476881 -0.00188451 -0.00135903 -0.00336675 -0.00527128 -0.00605619 0.00245912 -0.00917999 -0.0112214 0.00418275 -0.0102834 -0.0158658 -0.00568965 -0.00722545 -0.0081334 -0.00835586 -0.00682466 -0.00885571 -0.00991462 0.00102736 0.000687673 -0.012296 -0.01122 -0.00558715 0.00116899 -0.0161454 -0.0155278 -0.0073747 -6.71504e-06 2.89817e-05 0.00163776 -0.00397311 -0.00512271 -0.0094085 0.00582187 -0.0114825 -0.0116638 -0.00603247 -0.0102572 -0.00945318 -0.0112614 -0.0107919 -0.0109246 -0.00551753 -0.00833636 -0.0139292 -0.0121957 0.00449035
internal_weight=276894 117616 71863.6 159277 38798.9 36705.8 120478 16891.5 103587 81461.7 61120.3 57885.1 31395.7 20093.6 20341.4 11302 11777.3 8433.17 19087.1 17250.2 2868.85 5114.19 36764.2 5310.19 2093.08 45752.6 2864.86 3533.36 35099.4 32671.7 8061.27 24610.4 12939.9 22125.3 19890.9 17365.1 1763.36 6297.91 17758.7 41055.5 21987.2 2177.27 2843.4 8912.4 3241.38 1426.72 2427.71 2106.64 3662.44 11610.1 11131.6 3235.19 19399.1 7780.42 2955.94 11618.6 11346.2 2352.84 4824.49 5755.07 1691.24 2160.53
internal_count=277367 135779 80885 141588 34078 31907 107510 14299 93211 74411 54409 51403 27019 17189 20002 9830 9758 7301 18939 14630 2529 4541 41746 4888 2171 54894 2596 3036 39139 36252 8884 27368 14310 18800 16448 20417 2228 6656 14084 50018 27457 1926 2559 7162 2872 1268 2887 1768 3629 13759 13203 3006 21329 8595 3355 12734 12401 2790 5240 6658 2051 2115
is_linear=0
shrinkage=0.0382085


end of trees

feature_importances:
event_decay_operation_weighted=30
event_decay_case_drop=26
event_decay_game_update=19
event_decay_major_weighted=16
event_decay_operation=15
event_density_90d_case_drop=5
event_density_30d_major=4
event_density_90d_game_update=3
event_decay_game_update_weighted=3
event_density_90d_operation=2
event_density_30d_game_update=1

parameters:
[boosting: gbdt]
[objective: quantile]
[metric: quantile]
[tree_learner: serial]
[device_type: cpu]
[data_sample_strategy: bagging]
[data: ]
[valid: ]
[num_iterations: 1000]
[learning_rate: 0.0382085]
[num_leaves: 63]
[num_threads: -1]
[seed: 91]
[deterministic: 0]
[force_col_wise: 0]
[force_row_wise: 0]
[histogram_pool_size: -1]
[max_depth: 7]
[min_data_in_leaf: 10]
[min_sum_hessian_in_leaf: 0.001]
[bagging_fraction: 0.7]
[pos_bagging_fraction: 1]
[neg_bagging_fraction: 1]
[bagging_freq: 5]
[bagging_seed: 2784]
[bagging_by_query: 0]
[feature_fraction: 0.7]
[feature_fraction_bynode: 1]
[feature_fraction_seed: 29510]
[extra_trees: 0]
[extra_seed: 8681]
[early_stopping_round: 0]
[early_stopping_min_delta: 0]
[first_metric_only: 0]
[max_delta_step: 0]
[lambda_l1: 1]
[lambda_l2: 0.5]
[linear_lambda: 0]
[min_gain_to_split: 0.1]
[drop_rate: 0.1]
[max_drop: 50]
[skip_drop: 0.5]
[xgboost_dart_mode: 0]
[uniform_drop: 0]
[drop_seed: 8477]
[top_rate: 0.2]
[other_rate: 0.1]
[min_data_per_group: 100]
[max_cat_threshold: 32]
[cat_l2: 10]
[cat_smooth: 10]
[max_cat_to_onehot: 4]
[top_k: 20]
[monotone_constraints: ]
[monotone_constraints_method: basic]
[monotone_penalty: 0]
[feature_contri: ]
[forcedsplits_filename: ]
[refit_decay_rate: 0.9]
[cegb_tradeoff: 1]
[cegb_penalty_split: 0]
[cegb_penalty_feature_lazy: ]
[cegb_penalty_feature_coupled: ]
[path_smooth: 0]
[interaction_constraints: ]
[verbosity: -1]
[saved_feature_importance_type: 0]
[use_quantized_grad: 0]
[num_grad_quant_bins: 4]
[quant_train_renew_leaf: 0]
[stochastic_rounding: 1]
[linear_tree: 0]
[max_bin: 63]
[max_bin_by_feature: ]
[min_data_in_bin: 3]
[bin_construct_sample_cnt: 200000]
[data_random_seed: 335]
[is_enable_sparse: 1]
[enable_bundle: 1]
[use_missing: 1]
[zero_as_missing: 0]
[feature_pre_filter: 0]
[pre_partition: 0]
[two_round: 0]
[header: 0]
[label_column: ]
[weight_column: ]
[group_column: ]
[ignore_column: ]
[categorical_feature: ]
[forcedbins_filename: ]
[precise_float_parser: 0]
[parser_config_file: ]
[objective_seed: 29977]
[num_class: 1]
[is_unbalance: 0]
[scale_pos_weight: 1]
[sigmoid: 1]
[boost_from_average: 1]
[reg_sqrt: 0]
[alpha: 0.5]
[fair_c: 1]
[poisson_max_delta_step: 0.7]
[tweedie_variance_power: 1.5]
[lambdarank_truncation_level: 30]
[lambdarank_norm: 1]
[label_gain: ]
[lambdarank_position_bias_regularization: 0]
[eval_at: ]
[multi_error_top_k: 1]
[auc_mu_weights: ]
[num_machines: 1]
[local_listen_port: 12400]
[time_out: 120]
[machine_list_filename: ]
[machines: ]
[gpu_platform_id: -1]
[gpu_device_id: -1]
[gpu_use_dp: 0]
[num_gpu: 1]

end of parameters

pandas_categorical:[]
