tree
version=v4
num_class=1
num_tree_per_iteration=1
label_index=0
max_feature_idx=3
objective=quantile
feature_names=price_log price_lag_1d price_lag_3d price_std_7d
feature_infos=[-3.5065579414367676:6.86767578125] [0.029999999329447746:960.7130126953125] [0.029999999999999999:928.88] [0:167.40560913085938]
tree_sizes=3206 3577 4287 4290 3682 3255 4290 3258 3257 4296 3356 3359 3249 3377

Tree=0
num_leaves=30
num_cat=0
split_feature=3 0 0 2 0 3 2 2 3 0 0 3 3 3 3 2 0 2 3 0 3 3 2 3 3 3 3 0 0
split_gain=905.317 168.319 41.5823 33.8739 26.3649 14.5329 12.5632 11.4289 10.7932 12.902 11.791 10.6158 9.75504 8.55339 7.62266 9.87733 4.29191 3.81193 3.28691 1.66395 2.96123 1.90007 1.64147 1.32136 0.938383 7.00526 2.7404 0.267716 0.533173
threshold=1.0000000180025095e-35 -1.1417810916900633 -3.498293280601501 0.28225000000000006 -2.4505094289779659 0.0037882957840338354 6.823500000000001 0.12725000000000003 0.49216526746749883 2.4886081218719487 1.3748541474342348 0.021855042316019539 0.0647278167307377 0.010747369378805162 0.0037882957840338354 0.030250000000000003 -3.1641684770584102 6.823500000000001 0.00082657829625532042 -0.79352030158042897 0.0035615330561995511 0.073867965489625945 12.771500000000001 0.85696265101432811 0.26951168477535253 0.3488419800996781 0.084958255290985121 0.1503577530384064 -0.25199328362941736
decision_type=2 2 2 2 2 2 2 2 2 2 2 2 2 2 2 2 2 2 2 2 2 2 2 2 2 2 2 2 2
left_child=-1 2 13 19 5 16 7 -6 10 17 12 -7 -5 14 18 -16 -4 -10 -2 20 -3 -22 -12 -11 26 -26 -15 28 -21
right_child=1 3 4 8 6 11 -8 -9 9 23 22 -13 -14 24 15 -17 -18 -19 -20 27 21 -23 -24 -25 25 -27 -28 -29 -30
leaf_value=19.680341733496761 21.591242586068816 20.78278456540745 21.304994354452425 20.614288922853635 20.896830355302765 21.731104721222263 20.873964036362661 21.090460034817035 20.914958256189646 20.36029584101497 20.477181090715771 20.940276386521877 20.857442123929079 19.629498121740916 20.562295999025313 22.03221971883309 20.918172269802138 21.388300565339634 20.415303593400651 19.989287355936689 20.462900096856465 19.301273395506914 20.283574745636741 20.727991629229098 20.45940103121773 20.121318866261038 19.680341733496761 19.857197648840312 20.093798577701911
leaf_weight=83282.222771167755 1451.844544172287 15.437264442443846 8212.6272066831589 42191.480902433395 18823.634045660496 14467.594374299049 18.637571334838867 30113.162847220898 2700.6074225306511 1128.3261564970016 12938.5822224617 4620.7044380903244 12654.418863773346 1283.1025665402412 432.44562560319901 482.79077345132828 18237.251542329788 2915.8413508534431 3083.9368989467621 754.18126130104065 493.24617731571198 446.83619475364685 2100.3067407608032 4511.1230150461197 177.05692768096924 698.90892505645752 1052.888617515564 2038.6074833869934 542.04788780212402
leaf_count=95584 1187 2 7085 51281 16029 10856 2 29391 978 1444 16101 830 12452 280 271 315 16523 1420 2029 125 185 89 2692 4255 19 75 115 256 69
internal_value=20.5882 20.5899 20.5911 20.5884 20.5913 20.5921 20.5906 20.5906 20.5886 20.5899 20.5884 20.593 20.5887 20.5882 20.5892 20.5929 20.5914 20.5914 20.5885 20.5846 20.5862 20.5859 20.5873 20.5884 20.5863 20.5876 20.5859 20.5841 20.5847
internal_weight=271870 188588 103157 85431 94493.6 45538.2 48955.4 48936.8 81140.7 11255.9 69884.8 19088.3 54845.9 8662.97 5451.02 915.236 26449.9 5616.45 4535.78 4290.36 955.52 940.082 15038.9 5639.45 3211.96 875.966 2335.99 3334.84 1296.23
internal_count=271940 176356 85007 91349 80716 35294 45422 45420 90623 8097 82526 11686 63733 4291 3802 586 23608 2398 3216 726 276 274 18793 5699 489 94 395 450 194
is_linear=0
shrinkage=1


Tree=1
num_leaves=32
num_cat=0
split_feature=3 1 1 2 3 3 3 2 2 3 1 3 3 1 3 1 2 2 3 1 2 3 3 3 3 1 3 3 1 1 1
split_gain=864.37 122.465 33.5212 26.0101 16.6056 17.6422 14.1176 12.2117 9.9606 10.5547 11.134 10.9424 9.80797 8.30923 7.78184 7.67531 5.13225 5.04962 5.45523 4.76073 3.9485 3.23765 2.61626 2.28934 2.26049 1.91498 1.34594 2.82218 0.673538 0.31756 0.220422
threshold=1.0000000180025095e-35 0.331499993801117 0.03024999983608723 0.082250000000000018 0.021855042316019539 0.0046808880288153895 0.0070525221526622781 6.823500000000001 0.088250000000000009 0.49216526746749883 3.2209999561309819 0.0647278167307377 0.010747369378805162 48.718500137329109 0.21899907290935519 0.088250000029802336 0.082250000000000018 0.03425000000000001 0.0046808880288153895 0.42724999785423284 0.055250000000000007 0.3488419800996781 0.00082657829625532042 2.1339553594589238 0.012435308657586576 12.7814998626709 0.032071718946099288 0.084958255290985121 1.6004999876022341 0.46349999308586126 1.1395000219345095
decision_type=2 2 2 2 2 2 2 2 2 2 2 2 2 2 2 2 2 2 2 2 2 2 2 2 2 2 2 2 2 2 2
left_child=-1 2 12 4 5 -4 15 -8 16 10 11 -10 17 19 -6 -5 20 22 -19 -11 28 -22 -2 -15 29 -12 -14 -28 -3 -18 -26
right_child=1 8 3 6 14 -7 7 -9 9 13 25 -13 26 23 -16 -17 24 18 -20 -21 21 -23 -24 -25 30 -27 27 -29 -30 -31 -32
leaf_value=-0.86785806694585166 1.1057689174641736 -0.70131444874105375 0.47305365849274095 -0.0091359460123594353 -0.059845671336761101 1.3577052644577674 0.5737648887343495 21.125438334191799 0.026552064539039827 0.29414536545285058 -0.094731366919854954 0.32338177703091264 -0.86561597993270445 -0.41465809120125929 0.19750636850109668 0.30684601816990309 -0.087409194644452889 0.098091701373929766 1.0863228343020734 0.45019180315156204 0.093458134206597571 -0.87215625550312925 -0.024795967741500648 0.04144442806385764 -0.48480268886843203 -0.29171055494228587 0.10294758717206109 -0.9945927269389303 -0.88730415010795194 -0.40554931866281224 -0.6832473386924206
leaf_weight=83282.222771167755 1520.6667029857635 316.83871269226074 28282.28943926096 5297.575148999691 2766.9386412501335 10094.381534099579 25950.170308470726 18.637571334838867 40698.544513046741 161.65008926391602 15687.648433029652 10806.334561049938 510.51720017194748 665.48201262950897 1233.5912771224976 23933.687507927418 92.623586654663086 318.23818725347519 271.78344708681107 8712.7338187098503 98.151096343994141 146.01385116577148 2611.2002972960472 1819.1945380568504 655.36481189727783 2096.5377825498581 643.05704593658447 1863.1636955738068 121.14421367645264 92.623586654663086 1100.8462357521057
leaf_count=95584 1255 34 25423 2718 622 7173 20269 2 49450 21 19481 9880 153 851 133 25899 12 237 154 5488 12 16 2075 1749 85 2696 99 202 13 12 142
internal_value=-9.08604e-05 0.0015615 0.00256073 0.00278228 0.00360401 0.00388585 0.00215139 0.00289961 0.000297735 0.000384735 0.000180466 0.000508939 -0.000232888 0.00163063 0.000900092 0.0014866 -0.00237573 0.00102189 0.00483446 0.00226166 0.000913665 0.00539539 0.000476421 -0.000623202 -0.00353136 -0.000770803 -0.00219659 -0.00177489 -0.00159139 0.00109652 -0.00401986
internal_weight=271870 188588 105316 97577.3 42377.2 38376.7 55200.1 25968.8 83271.7 80648.1 69289.1 51504.9 7738.63 11359.1 4000.53 29231.3 2623.61 4721.89 590.022 8874.38 682.148 244.165 4131.87 2484.68 1941.46 17784.2 3016.74 2506.22 437.983 185.247 1756.21
internal_count=271940 176356 86414 82239 33351 32596 48888 20271 89942 89616 81507 59330 4175 8109 755 28617 326 3721 391 5509 75 28 3330 2600 251 22177 454 301 47 24 227
is_linear=0
shrinkage=0.0440977


Tree=2
num_leaves=39
num_cat=0
split_feature=1 0 2 2 0 2 0 0 1 2 2 0 0 2 2 2 1 1 0 1 1 2 2 0 2 0 2 0 2 0 1 0 2 1 1 0 1 2
split_gain=793.97 153.108 29.5379 19.3694 18.3063 12.3892 11.1873 11.1393 8.99563 8.78958 8.16319 6.95324 7.2723 5.86088 5.66992 3.81305 3.1468 2.68116 2.57039 3.32586 5.5036 2.98265 2.47122 2.0256 1.83858 1.81073 2.59949 1.61589 1.22029 1.20173 0.949936 0.746568 0.719978 0.620353 2.23706 0.562298 0.518163 0.461876
threshold=0.03024999983608723 -1.1417810916900633 0.28225000000000006 0.030250000000000003 -2.4505094289779659 0.047250000000000007 -3.498293280601501 -3.1641684770584102 0.055250000208616264 0.12725000000000003 0.038250000000000013 -3.498293280601501 -3.3740954399108882 8.1355000000000022 10.104500000000002 0.065250000000000016 0.051249999552965171 0.28024999797344213 2.4886081218719487 6.8265001773834237 3.2209999561309819 48.801500000000011 0.082250000000000018 -3.498293280601501 0.038250000000000013 -3.1641684770584102 0.15225000000000002 -0.79352030158042897 0.23925000000000002 -2.023062944412231 10.123000144958498 -3.263633012771606 0.5465000000000001 0.23725000023841861 0.19624999910593036 -1.0751401782035825 12.7814998626709 10.104500000000002
decision_type=2 2 2 2 2 2 2 2 2 2 2 2 2 2 2 2 2 2 2 2 2 2 2 2 2 2 2 2 2 2 2 2 2 2 2 2 2 2
left_child=3 4 27 11 6 24 8 10 22 15 -8 -1 -13 17 -9 29 -17 -11 19 20 -4 -21 -2 28 31 26 -25 33 -7 -6 37 -5 -30 34 -3 -35 -32 -20
right_child=1 2 18 5 9 23 7 14 -10 13 -12 12 -14 -15 -16 16 -18 -19 30 21 -22 -23 -24 25 -26 -27 -28 -29 32 -31 36 -33 -34 35 -36 -37 -38 -39
leaf_value=-0.82958751074503878 0.84277974214752149 -0.54548015275872008 0.081574794441171494 0.42375663945569997 -0.60203894615947273 -0.82744429464213809 0.68940948692105042 0.47412232652230879 -0.83693170346865275 0.44108478001549711 1.4453512643706083 1.1356628828967168 -1.5683754134352321 0.011485791790952849 20.193854811691754 5.5778574641045644 0.29201559597414478 0.56545317096166614 -1.6335821629423777 0.24431815291439127 -0.080693689428807544 1.378470767222884 -0.89091769948419319 10.679697640204136 0.78510077986689308 -1.3634225791274726 -1.0218097281285476 -0.57273927336398334 -1.4117383299433175 -2.1838085241783345 0.24616164320485889 -0.96261764489846546 -0.70251575304793412 0.10675445561495894 2.4054312274464777 -0.42337063440277845 -0.07992593402432692 -0.60576904072153404
leaf_weight=85935.173401534557 1474.6142516732216 245.75455451011658 53792.782978951931 1534.7476031184196 307.5122195482254 1566.7159817814827 5643.2076001763344 33807.081602692604 1252.9388362169266 25563.277147948742 4575.2268637418747 585.49350637197495 587.18834578990936 9.3187856674194318 9.3187856674194318 5.0976753234863272 18130.052215516567 4565.528289437294 167.83200770616531 7585.0337432026863 11667.12980812788 16.302907466888428 85.467051029205322 56.12211537361145 229.36277383565903 48.834198832511902 29.511789202690125 3176.4172761440277 130.15610790252686 278.85543704032898 758.50842773914337 38.926029443740845 205.01328468322754 105.67546218633652 35.480688571929932 511.09606379270554 7056.3260430693626 96.770758092403412
leaf_count=97360 1110 42 60759 1147 128 243 4602 26419 175 24872 3153 500 243 1 1 1 15825 4525 38 7373 13666 2 12 14 150 11 4 433 14 60 660 22 22 72 12 144 8096 29
internal_value=-0.000165367 0.00152424 0.000164724 -0.0035265 0.0027347 -0.000461047 0.00335756 0.0035298 0.000661141 0.00213742 0.00480592 -0.00366161 -0.000288665 0.0026036 0.00314406 0.00138687 0.00150006 0.00259213 0.000348717 0.000431254 0.000329855 0.0013043 0.00289511 -0.00281752 0.00220045 0.00239915 0.00623723 -0.00349863 -0.00318742 -0.0021105 -0.000397608 0.00166056 -0.000769679 -0.00184397 -0.000126655 -0.00262556 -0.00030942 -0.00299119
internal_weight=271870 180923 85215.1 90947.2 95707.5 3839.39 46847.9 44034.8 2813.02 48859.6 10218.4 87107.9 1172.68 30138.1 33816.4 18721.5 18135.1 30128.8 81140.7 73061.2 65459.9 7601.34 1560.08 2036.35 1803.04 134.468 85.6339 4074.42 1901.89 586.368 8079.44 1573.67 335.169 898.007 281.235 616.772 7814.83 264.603
internal_count=271940 172210 91326 99730 80884 1627 35472 34175 1297 45412 7755 98103 743 29398 26420 16014 15826 29397 90623 81800 74425 7375 1122 308 1319 29 18 703 279 188 8823 1169 36 270 54 216 8756 67
is_linear=0
shrinkage=0.0440977


Tree=3
num_leaves=39
num_cat=0
split_feature=1 0 2 2 0 2 0 1 0 2 2 0 0 2 2 1 0 2 0 2 1 1 0 2 0 0 1 1 0 2 1 1 0 1 2 2 1 0
split_gain=762.71 134.025 29.2476 15.2363 14.1199 11.1463 9.13845 8.99563 8.99072 9.67301 7.79608 6.79277 7.15116 6.00479 5.75313 4.50236 3.74974 2.47122 2.38527 3.27583 2.75558 2.33866 1.61589 1.02759 1.07698 3.04752 0.979108 0.95612 0.925063 0.648621 0.620353 2.23706 0.562298 0.509952 0.485622 0.461876 0.420343 0.367863
threshold=0.03024999983608723 -1.1417810916900633 0.28225000000000006 0.030250000000000003 -2.4505094289779659 0.04225000000000001 -3.498293280601501 0.055250000208616264 -3.1641684770584102 0.038250000000000013 0.088250000000000009 -3.498293280601501 -3.3740954399108882 8.1355000000000022 10.104500000000002 0.12725000083446505 -2.260966300964355 0.082250000000000018 2.4886081218719487 48.801500000000011 6.8265001773834237 0.25925000011920935 -0.79352030158042897 2.6635000000000004 -3.263633012771606 -3.0737084150314327 0.088250000029802336 10.123000144958498 -3.263633012771606 0.038250000000000013 0.23725000023841861 0.19624999910593036 -1.0751401782035825 12.7814998626709 0.23925000000000002 10.104500000000002 48.718500137329109 -3.263633012771606
decision_type=2 2 2 2 2 2 2 2 2 2 2 2 2 2 2 2 2 2 2 2 2 2 2 2 2 2 2 2 2 2 2 2 2 2 2 2 2 2
left_child=3 4 22 11 6 28 7 17 9 -8 16 -1 -13 15 -10 -12 26 -2 19 20 -4 -18 30 24 34 -26 -6 35 29 -5 31 -3 -32 -29 -7 -20 -24 -14
right_child=1 2 18 5 10 23 8 -9 14 -11 13 12 37 -15 -16 -17 21 -19 27 -21 -22 -23 36 -25 25 -27 -28 33 -30 -31 32 -33 -34 -35 -36 -37 -38 -39
leaf_value=-0.79300459855849881 0.80561508272311855 -0.52142572538438403 0.050826328379626529 0.40506994067000002 0.21256376609707645 -0.79095589338479333 0.65900810503675689 -0.80002492917713997 0.45321461610937525 1.3816145787306713 0.31202379187804219 1.0855827467080561 -0.51779054455044182 0.01097929463780265 19.303351992259966 0.44861357020669129 -0.35238052754843285 -0.85163026621944471 -1.561544925107458 1.3176833585699521 0.23354428105894601 -0.23349538085914104 -0.53944000854516572 0.65745817284927954 10.208747395787475 -1.1377674806592919 0.45951943495664904 0.23530647764315685 -0.92016840799890298 0.41706162851026302 0.10204682824026942 2.2993572108723779 -0.4047009575572254 -0.076401383102371462 -0.67531682806799165 -0.5790560112520593 -1.276393923089145 -1.9716891495418989
leaf_weight=85935.173401534557 1474.6142516732216 245.75455451011658 65459.912787079811 1534.7476031184196 1307.8128467798233 1667.4579768180847 5643.2076001763344 1252.9388362169266 33807.081602692604 4575.2268637418747 14674.014417827129 585.49350637197495 124.9014573097229 9.3187856674194318 9.3187856674194318 29899.315528035164 1550.8228179812431 85.467051029205322 167.83200770616531 16.302907466888428 7585.0337432026863 306.06729876995087 3068.3564250469208 55.912714004516602 28.024181842803955 53.901862740516663 1112.2900754213333 758.50842773914337 45.871861219406128 155.57943451404572 105.67546218633652 35.480688571929932 511.09606379270554 7056.3260430693626 297.89424991607666 96.770758092403412 108.06085109710693 462.28688848018646
leaf_count=97360 1110 42 74425 1147 961 290 4602 175 26419 3153 13821 500 112 1 1 29361 410 12 38 2 7373 40 419 6 9 13 818 660 28 102 72 12 144 8096 32 29 14 131
internal_value=-0.000237359 0.00141865 0.000146677 -0.00353167 0.00255117 -0.000812738 0.0030982 0.000661141 0.00325387 0.00440035 0.00202661 -0.0036515 -0.000317666 0.00219913 0.00290731 0.0021913 0.000228122 0.00289511 0.000329764 0.000409273 0.000404723 -0.00126213 -0.00349863 -0.0029709 -0.00313225 0.0018035 0.00137161 -0.000389183 0.00180182 0.00197029 -0.00184397 -0.000126655 -0.00262556 -0.00030071 -0.00333881 -0.00299119 -0.00396569 -0.00375313
internal_weight=271870 180923 85215.1 90947.2 95707.5 3839.39 46847.9 2813.02 44034.8 10218.4 48859.6 87107.9 1172.68 44582.6 33816.4 44573.3 4276.99 1560.08 81140.7 73061.2 73044.9 1856.89 4074.42 2103.19 2047.28 81.926 2420.1 8079.44 1736.2 1690.33 898.007 281.235 616.772 7814.83 1965.35 264.603 3176.42 587.188
internal_count=271940 172210 91326 99730 80884 1627 35472 1297 34175 7755 45412 98103 743 43183 26420 43182 2229 1122 90623 81800 81798 450 703 350 344 22 1779 8823 1277 1249 270 54 216 8756 322 67 433 243
is_linear=0
shrinkage=0.0440977


Tree=4
num_leaves=33
num_cat=0
split_feature=3 1 1 2 3 3 3 3 2 3 1 3 1 1 3 2 1 2 2 3 3 3 3 2 1 3 3 3 1 1 1 3
split_gain=769.657 78.67 23.6359 14.3925 16.5329 19.6539 11.6314 9.28212 8.6443 9.21982 10.1727 10.0079 8.56363 6.88858 6.47164 6.01454 5.01558 4.73567 3.9485 3.23765 2.31008 2.09271 2.06826 5.87527 1.75763 1.63562 1.15031 2.82218 0.673538 0.389123 0.31756 0.239909
threshold=1.0000000180025095e-35 0.331499993801117 0.03024999983608723 0.082250000000000018 0.021855042316019539 0.002640118589624763 0.0037882957840338354 0.0099848099052906054 0.088250000000000009 0.49216526746749883 3.2209999561309819 0.0647278167307377 0.088250000029802336 48.718500137329109 0.21899907290935519 10.104500000000002 0.42724999785423284 0.082250000000000018 0.055250000000000007 0.3488419800996781 2.1339553594589238 0.012435308657586576 0.0050071375444531449 0.03425000000000001 12.7814998626709 0.00082657829625532042 0.032071718946099288 0.084958255290985121 1.6004999876022341 48.718500137329109 0.46349999308586126 0.010747369378805162
decision_type=2 2 2 2 2 2 2 2 2 2 2 2 2 2 2 2 2 2 2 2 2 2 2 2 2 2 2 2 2 2 2 2
left_child=-1 2 7 4 5 -4 12 22 17 10 11 -10 -5 16 -6 -8 -11 18 28 -20 -15 30 25 -24 -12 -2 31 -28 -3 -23 -19 -9
right_child=1 8 3 6 14 -7 15 26 9 13 24 -13 -14 20 -16 -17 -18 21 19 -21 -22 29 23 -25 -26 -27 27 -29 -30 -31 -32 -33
leaf_value=-0.75803490914437743 0.98156714865813788 -0.54554266368266935 0.27990438228483849 -0.14374485634428547 -0.18300344399752985 0.82943461311151634 0.42466024160006566 -0.15672202980668759 0.019501210479612455 0.27533564071389205 -0.092887991421811381 0.30328279339695313 0.23013284878152754 -0.38947894037978897 0.147903350685856 18.452118310831327 0.41205224918866362 -0.037893827768668099 0.048443405594194258 -0.87458959762252053 0.046510500766118436 -0.47148413838111314 -0.27084184240227976 0.4837919829015408 -0.27195310932280714 -0.019164052465389332 0.0091851836249189581 -0.75025595728118177 -0.77599002187514665 -1.2201078698409855 -0.33862095800335629 -0.75589169304147685
leaf_weight=83282.222771167755 1528.3853352069855 316.83871269226074 17610.513893246651 4294.079570889473 2766.9386412501335 20766.157080113888 39829.770761013031 40.182321012020111 40698.544513046741 161.65008926391602 15687.648433029652 10806.334561049938 11066.90141916275 665.48201262950897 1233.5912771224976 9.3187856674194318 8712.7338187098503 92.623586654663086 98.151096343994141 146.01385116577148 1819.1945380568504 1648.1501965522766 346.84117883443832 227.52555477619171 2096.5377825498581 2578.9542447924614 643.05704593658447 1863.1636955738068 121.14421367645264 108.06085109710693 92.623586654663086 510.51720017194748
leaf_count=95584 1256 34 16455 1819 622 16141 34736 20 49450 21 19481 9880 12332 851 133 1 5488 12 12 16 1749 213 185 129 2696 2131 99 202 13 14 12 153
internal_value=-0.000301801 0.00125741 0.00205828 0.00224432 0.00285559 0.0031368 0.001775 -0.000287523 0.000244512 0.000325561 0.000134646 0.00044862 0.000744063 0.00149001 0.000157805 0.00217248 0.00206457 -0.00224604 0.000913665 0.00539539 -0.00056213 -0.00335613 0.00094652 0.00342279 -0.00077463 0.000599492 -0.00217717 -0.00177489 -0.00159139 -0.00382616 0.00109652 -0.00400138
internal_weight=271870 188588 105316 97577.3 42377.2 38376.7 55200.1 7738.63 83271.7 80648.1 69289.1 51504.9 15361 11359.1 4000.53 39839.1 8874.38 2623.61 682.148 244.165 2484.68 1941.46 4681.71 574.367 17784.2 4107.34 3056.92 2506.22 437.983 1756.21 185.247 550.7
internal_count=271940 176356 86414 82239 33351 32596 48888 4175 89942 89616 81507 59330 14151 8109 755 34737 5509 326 75 28 2600 251 3701 314 22177 3387 474 301 47 227 24 173
is_linear=0
shrinkage=0.0440977


Tree=5
num_leaves=29
num_cat=0
split_feature=3 0 2 0 0 3 0 3 3 0 3 2 3 3 2 2 2 3 3 3 3 0 2 2 2 3 2 2
split_gain=755.312 93.4126 34.8999 27.8977 21.1307 15.0963 15.0514 11.3331 11.5945 8.0785 11.7215 7.24378 6.74326 5.45146 5.40186 5.64149 5.02065 4.14349 3.83337 2.15348 1.78893 2.5604 1.747 1.4582 1.19973 0.982946 0.579055 0.131139
threshold=1.0000000180025095e-35 -1.1417810916900633 0.28225000000000006 -3.498293280601501 -3.0737084150314327 0.85696265101432811 2.4886081218719487 0.002640118589624763 0.020081382244825367 1.3748541474342348 0.098052706569433226 5.8745000000000003 2.1339553594589238 0.0070525221526622781 0.055250000000000007 0.03425000000000001 0.18225000000000002 0.00082657829625532042 0.0035615330561995511 0.26951168477535253 0.056930670514702804 -0.66310319304466236 12.771500000000001 0.047250000000000007 0.16725000000000004 0.098052706569433226 0.03425000000000001 0.038250000000000013
decision_type=2 2 2 2 2 2 2 2 2 2 2 2 2 2 2 2 2 2 2 2 2 2 2 2 2 2 2 2
left_child=27 3 18 14 7 9 11 26 -9 10 -4 -7 13 -6 15 17 -14 -2 -3 -11 21 -20 -8 -17 -16 -26 -5 -1
right_child=1 2 5 4 12 6 22 8 -10 19 -12 -13 16 -15 24 23 -18 -19 20 -21 -22 -23 -24 -25 25 -27 -28 -29
leaf_value=-0.72460730306740584 0.85288225758491476 0.22801119744923792 0.028038577609985831 0.62149685532904608 0.28620074234345644 0.12149491248161251 -0.53329237490552506 1.5040997010478685 0.21089753933338462 -0.13743588368131154 0.34774572636697398 1.1906228560775309 0.29172252438669627 0.51889643089972737 -0.72274345203623358 0.814251586638293 -0.061947349269245111 -0.1999171649286707 0.072424799172074325 0.011447897062459668 -0.89300058340266253 -0.42731743680190815 0.20471942936095264 -0.25404472731961503 -1.5077550654196568 -0.64903415897917038 0.44142819639677772 -0.72479215720993906
leaf_weight=81709.426119863987 1445.4190460443497 54.030425548553467 47268.083409070969 2682.4777683019638 47834.594939231873 1243.3265541791916 697.22754734754562 5743.7599343657494 1408.7164132595062 11341.18737000227 8617.4161421060562 2561.4782450199127 186.37571334838867 31583.75725799799 989.17199087142944 560.70480287075043 130.46299934387207 4878.4006581306458 490.17802584171295 5618.6867679357529 2700.793564915657 1296.7302131652832 3786.3967000246048 131.06750535964966 93.997519969940186 327.69057035446167 5328.8538520336151 1442.7612608671188
leaf_count=95327 1180 7 57045 2523 46618 286 250 4121 235 14316 7389 915 20 22632 160 414 14 2344 166 6638 418 168 3979 56 11 36 4651 201
internal_value=-0.000240713 0.0013002 0.000223574 0.0021929 0.00240882 0.000434167 0.00221731 0.00391775 0.00519373 0.000231251 0.000487075 0.00425687 0.00212181 0.00209612 -0.000238741 0.000262069 0.00853321 -0.00015177 -0.00353775 -0.000611707 -0.00367891 -0.00259391 0.000485982 0.00403992 -0.00272747 -0.00075564 0.00277806 -0.0037431
internal_weight=272153 189001 85675.5 103325 94899 81133.8 8288.43 15163.8 7152.48 72845.4 55885.5 3804.8 79735.2 79418.4 8426.45 7015.59 316.839 6323.82 4541.73 16959.9 4487.7 1786.91 4483.62 691.772 1410.86 421.688 8011.33 83152.2
internal_count=272120 176592 91577 85015 80814 90818 5430 11530 4356 85388 64434 1201 69284 69250 4201 3994 34 3524 759 20954 752 334 4229 470 207 47 7174 95528
is_linear=0
shrinkage=0.0440977


Tree=6
num_leaves=39
num_cat=0
split_feature=1 0 2 0 2 0 0 0 0 2 2 2 1 2 2 0 0 1 1 2 0 2 0 2 0 2 2 1 1 2 0 2 0 2 0 2 2 0
split_gain=693.038 93.184 30.6067 13.8911 12.4005 12.7041 11.3135 9.02634 7.14393 13.8381 4.77089 6.49066 4.74591 4.97142 4.17835 3.31259 2.99851 13.1938 3.26032 3.1212 2.18201 2.08613 1.58618 1.81396 1.49701 2.24908 1.12076 1.11681 1.33727 0.967063 0.790092 0.70103 0.68861 0.443519 0.39011 0.356215 0.339587 0.310144
threshold=0.03024999983608723 -1.1417810916900633 0.28225000000000006 -3.498293280601501 0.082250000000000018 -2.3202432394027706 -3.498293280601501 -3.0737084150314327 -3.0737084150314327 0.03425000000000001 0.030250000000000003 0.047250000000000007 0.12725000083446505 1.8105000000000002 0.076250000000000012 -2.3202432394027706 2.4886081218719487 12.7814998626709 6.8265001773834237 1.6025000000000003 -0.66310319304466236 0.16725000000000004 -3.3740954399108882 0.03425000000000001 -0.72722128033637989 0.088250000000000009 0.060250000000000005 18.984000205993656 48.718500137329109 0.060250000000000005 -2.0854616165161128 0.28225000000000006 3.1623266935348515 0.03425000000000001 -0.86393621563911427 0.082250000000000018 0.04225000000000001 0.1503577530384064
decision_type=2 2 2 2 2 2 2 2 2 2 2 2 2 2 2 2 2 2 2 2 2 2 2 2 2 2 2 2 2 2 2 2 2 2 2 2 2 2
left_child=3 4 20 10 5 8 -6 22 9 -2 -1 36 15 -14 -10 -8 17 18 -4 -19 24 -13 29 -24 34 -26 -7 32 -29 33 -28 -23 -18 -5 -3 -25 -12 -22
right_child=1 2 16 7 6 26 12 -9 14 -11 11 21 13 -15 -16 -17 27 19 -20 -21 37 31 23 35 25 -27 30 28 -30 -31 -32 -33 -34 -35 -36 -37 -38 -39
leaf_value=-0.69265377797873395 0.41034973714228751 -0.38868457107906745 0.051943627134077207 1.119104301321626 -0.78946913277253994 -2.1053301423497195 0.36964363882072593 -2.8259442467966891 0.3514082427780163 0.99706966946948661 0.34672667525995549 -0.69087211851592423 0.40107373822803599 0.12428103645177657 0.52300929062304258 0.18039718041863773 -0.15067272702425041 -0.062969048645085859 0.24318193079312797 1.456245899955942 -0.44187465671334059 -1.676829830759724 -0.81150268649084523 0.60392329517625132 0.16557459776158501 -1.8874286461462983 0.60255705709236973 0.20099124520941281 -0.12831898891982199 -0.40778708302906985 -1.7839103180243991 -0.57377497174072378 -3.3364470084671218 1.3988758988191097 -0.37239130722959896 9.6709035027131662 21.222293972370089 -0.49706258399112269
leaf_weight=85571.466959118843 4524.9280517697334 749.28631639480591 65539.20976960659 847.82529354095459 772.99691939353943 443.24543166160583 10317.429875791073 611.328637778759 23396.124639868736 10644.813310027122 1132.7819118499756 1604.7911027669907 30636.717170596123 65.231499671936035 3553.3775732517242 11293.16712552309 3074.9408763051033 37.275142669677734 7128.8333098888397 432.45463645458221 1085.8801031112671 101.71615219116211 275.31567448377609 92.177263796329498 45.471961975097656 35.754894256591797 246.58373892307281 2243.0489360690117 2515.3982683420181 32.651291966438293 167.1631270647049 293.61573457717896 162.64179635047913 115.85463374853134 318.26631045341492 24.756050109863281 57.974405884742737 1960.6774201393127
leaf_count=97268 3417 247 74844 722 104 115 7403 99 18831 8085 844 249 29442 7 2869 10453 3296 4 7129 130 154 12 227 52 6 10 160 2700 2687 6 59 32 28 92 57 3 29 248
internal_value=-0.000296941 0.00127716 0.000216668 -0.00344281 0.00221916 0.00277603 0.00176829 0.000191577 0.00288419 0.00364979 -0.00352469 -0.00184959 0.00184656 0.00219898 0.00245311 0.00134581 0.000406599 0.00049524 0.000447564 0.00785416 -0.00345564 -0.00338358 0.00215711 -0.000218043 -0.0018156 0.00392276 -0.00253697 -0.00040414 2.57735e-05 0.00309147 -0.000883056 -0.000512639 -0.00103582 0.00334536 -0.00225548 0.0043611 0.000727731 -0.00407326
internal_weight=272153 181391 85329.1 90762.3 96061.8 42976.2 53085.5 1999.91 42119.2 15169.7 88762.3 3190.88 52312.5 30701.9 26949.5 21610.6 81133.8 73137.8 72668 469.73 4195.34 2000.12 1388.58 392.249 1148.78 81.2269 856.992 7996.03 4758.45 996.331 413.747 395.332 3237.58 963.68 1067.55 116.933 1190.76 3046.56
internal_count=272120 172485 91540 99635 80945 33536 47409 1201 33202 11502 98434 1166 47305 29449 21700 17856 90818 82107 81973 134 722 293 1102 282 320 16 334 8711 5387 820 219 44 3324 814 304 55 873 402
is_linear=0
shrinkage=0.0440977


Tree=7
num_leaves=29
num_cat=0
split_feature=3 0 0 1 0 3 0 1 3 3 1 3 1 3 1 1 3 3 3 1 3 3 0 3 0 1 1 0
split_gain=707.54 72.1224 21.4135 20.4881 15.6296 10.6665 11.4438 12.4428 9.66054 10.5617 7.76887 6.3059 5.93472 6.42878 5.48506 5.37147 2.91762 2.62168 2.43318 1.62669 1.10166 0.84336 0.761992 1.61784 0.714396 0.491043 1.71065 0.166535
threshold=1.0000000180025095e-35 -1.1417810916900633 -3.498293280601501 0.28024999797344213 -3.0737084150314327 0.85696265101432811 2.4886081218719487 6.8265001773834237 0.002640118589624763 0.020081382244825367 3.2209999561309819 0.098052706569433226 0.03824999928474427 0.0070525221526622781 0.055250000208616264 0.03024999983608723 0.26951168477535253 0.00082657829625532042 0.098052706569433226 48.718500137329109 0.0099848099052906054 0.0011623817845247688 -0.59194540977478016 0.044695531949400909 -0.72722128033637989 0.23725000023841861 0.59250000119209301 -0.66310319304466236
decision_type=2 2 2 2 2 2 2 2 2 2 2 2 2 2 2 2 2 2 2 2 2 2 2 2 2 2 2 2
left_child=-1 2 14 22 8 10 7 -7 21 -10 11 -5 20 -14 15 17 -12 -2 -17 -8 -6 -4 23 24 -3 -16 -27 -25
right_child=1 3 4 5 12 6 19 -9 9 -11 16 -13 13 -15 25 18 -18 -19 -20 -21 -22 -23 -24 27 -26 26 -28 -29
leaf_value=-0.66210933027759344 0.78422425090770964 -0.23150514123555777 0.27321144742880138 0.027018014729178589 -0.29429815110828966 0.044813249600180391 0.3318320482256184 1.180593424281098 1.3991864435094381 0.18611710124485456 -0.12979862054754554 0.31531932558934372 0.25717041068413005 0.49895180821923601 -0.7546553493149466 0.69031690959437431 0.045193280011890789 -0.2063911286215124 -0.54352883369026339 -0.11072772893632324 -1.8794448950560243 0.47711258470267792 -0.80673358530813732 -2.4593173864283213 0.061929570006131134 -1.2308320193374302 -0.92635903155315846 -2.9414607963075774
leaf_weight=83152.187380731106 1111.2008217573166 211.91714680194855 2353.1257222890854 46928.52297693491 168.46204912662506 1704.6004318594933 2219.3957878947258 2386.262008368969 5743.7599343657494 1408.7164132595062 13998.359690964222 7650.2182531356812 47769.690943241119 31439.732259809971 916.35120141506195 1431.034750521183 6027.5640632510185 4615.6583091616631 91.587703227996826 2426.319736123085 357.30565774440765 5658.2058980464935 1628.6855981349945 435.66050982475281 30.874528884887695 111.51873683929443 149.10057067871094 27.154232978820801
leaf_count=95528 930 48 2128 55766 100 408 1801 830 4121 235 17424 5545 46567 22540 135 1091 7001 2007 10 2449 77 5046 204 91 4 12 16 6
internal_value=-0.000353282 0.0011381 0.00192251 0.000192092 0.00211168 0.000306238 0.00176399 0.00346447 0.00340942 0.00458745 0.000135507 0.000408088 0.00186483 0.00189584 -0.000207885 0.000245577 -0.000607368 -0.00037346 0.0025726 0.000266177 -0.00280106 0.00235724 -0.00388167 -0.00266442 0.000250998 -0.0029988 -0.00130312 -0.00419108
internal_weight=272153 189001 103325 85675.5 94899 83341.2 8736.58 4090.86 15163.8 7152.48 74604.7 54578.7 79735.2 79209.4 8426.45 7249.48 20025.9 5726.86 1522.62 4645.72 525.768 8011.33 2334.29 705.606 242.792 1176.97 260.619 462.815
internal_count=272120 176592 85015 91577 80814 91224 5488 1238 11530 4356 85736 61311 69284 69107 4201 4038 24425 2937 1101 4250 177 7174 353 149 52 163 28 97
is_linear=0
shrinkage=0.0440977


Tree=8
num_leaves=29
num_cat=0
split_feature=3 0 1 0 0 3 0 1 3 3 1 3 3 0 1 1 3 3 3 1 1 3 0 3 0 1 1 0
split_gain=687.285 63.8755 20.3615 20.3487 15.0919 10.2586 10.5371 11.511 8.12963 9.13677 7.04369 5.8524 5.79263 10.688 5.24835 4.21353 2.69535 2.62168 2.20318 1.86094 1.50015 0.784308 0.761992 1.61784 0.714396 0.491043 1.71065 0.166535
threshold=1.0000000180025095e-35 -1.1417810916900633 0.28024999797344213 -3.498293280601501 -3.0737084150314327 0.85696265101432811 2.4886081218719487 6.8265001773834237 0.002640118589624763 0.020081382244825367 3.2209999561309819 0.098052706569433226 0.0037882957840338354 -2.7143269777297969 0.055250000208616264 0.03024999983608723 0.26951168477535253 0.00082657829625532042 0.098052706569433226 0.23725000023841861 10.123000144958498 0.0011623817845247688 -0.59194540977478016 0.044695531949400909 -0.72722128033637989 0.23725000023841861 0.59250000119209301 -0.66310319304466236
decision_type=2 2 2 2 2 2 2 2 2 2 2 2 2 2 2 2 2 2 2 2 2 2 2 2 2 2 2 2
left_child=-1 3 22 14 8 10 7 -7 21 -10 11 -4 19 -14 15 17 -12 -2 -17 -6 -8 -5 23 24 -3 -16 -27 -25
right_child=1 2 5 4 12 6 20 -9 9 -11 16 -13 13 -15 25 18 -18 -19 -20 -21 -22 -23 -24 27 -26 26 -28 -29
leaf_value=-0.63291182287336467 0.74964175474676031 -0.22129629389533323 0.025826582062352926 0.26116344735624841 0.18905172179343202 0.042837087768326586 -1.3064583329170227 1.1285319539611143 1.3374855209032945 0.17790976267831915 -0.12407479819496399 0.30141446437898839 0.64551036248857152 0.37114420218896416 -0.72137677409833378 0.65987551244521192 0.043200359707905138 -0.19728975180876268 -0.51956045502471904 -0.12164165218818775 0.13469665334287034 0.456073010741884 -0.77115847897275469 -2.3508671134658723 0.059198617584668267 -1.176555141857242 -0.88550871658869823 -2.8117491014981537
leaf_weight=83152.187380731106 1111.2008217573166 211.91714680194855 46928.52297693491 2353.1257222890854 27706.931874930859 1704.6004318594933 334.71874761581421 2386.262008368969 5743.7599343657494 1408.7164132595062 13998.359690964222 7650.2182531356812 7713.522408246994 43581.418031871319 916.35120141506195 1431.034750521183 6027.5640632510185 4615.6583091616631 91.587703227996826 733.31859487295151 4310.9967764019966 5658.2058980464935 1628.6855981349945 435.66050982475281 30.874528884887695 111.51873683929443 149.10057067871094 27.154232978820801
leaf_count=95528 930 48 55766 2128 26547 408 78 830 4121 235 17424 5545 4658 37184 135 1091 7001 2007 10 895 4172 5046 204 91 4 12 16 6
internal_value=-0.00040011 0.00106977 0.00017949 0.00180797 0.00199237 0.000293283 0.00172289 0.00335462 0.00326759 0.00434828 0.000125849 0.000385396 0.00174982 0.00202971 -0.000268776 0.000174802 -0.000581506 -0.00037346 0.00223581 0.00124496 0.000285626 0.00230234 -0.00388167 -0.00266442 0.000250998 -0.0029988 -0.00130312 -0.00419108
internal_weight=272153 189001 85675.5 103325 94899 83341.2 8736.58 4090.86 15163.8 7152.48 74604.7 54578.7 79735.2 51294.9 8426.45 7249.48 20025.9 5726.86 1522.62 28440.3 4645.72 8011.33 2334.29 705.606 242.792 1176.97 260.619 462.815
internal_count=272120 176592 91577 85015 80814 91224 5488 1238 11530 4356 85736 61311 69284 41842 4201 4038 24425 2937 1101 27442 4250 7174 353 149 52 163 28 97
is_linear=0
shrinkage=0.0440977


Tree=9
num_leaves=39
num_cat=0
split_feature=1 0 2 0 2 0 0 0 0 2 2 2 2 1 0 0 1 1 0 2 0 2 0 2 0 2 2 1 1 2 0 2 0 0 0 2 0 1
split_gain=631.695 62.0407 28.8271 13.0901 7.8646 10.3863 10.0516 7.78788 4.95875 11.8888 4.36841 5.8442 4.23081 3.32421 3.35188 2.72858 8.89789 2.78522 2.56492 2.46868 2.46168 2.08613 1.73298 1.88902 1.18742 1.66577 1.12076 1.09567 1.19451 0.891557 0.790092 0.70103 0.693824 0.470874 0.39011 0.370455 0.346903 0.902664
threshold=0.03024999983608723 -1.1417810916900633 0.28225000000000006 -3.498293280601501 0.082250000000000018 -2.3202432394027706 -3.498293280601501 -2.8430203199386592 -3.0737084150314327 0.051250000000000011 0.030250000000000003 0.047250000000000007 0.076250000000000012 0.12725000083446505 -1.9501707553863523 2.4886081218719487 12.7814998626709 6.8265001773834237 -2.023062944412231 1.6025000000000003 -0.59194540977478016 0.16725000000000004 -3.3740954399108882 0.038250000000000013 -0.72722128033637989 0.088250000000000009 0.060250000000000005 18.984000205993656 48.718500137329109 0.060250000000000005 -2.0854616165161128 0.28225000000000006 3.1623266935348515 -3.263633012771606 -0.86393621563911427 0.030250000000000003 0.1503577530384064 0.76124998927116405
decision_type=2 2 2 2 2 2 2 2 2 2 2 2 2 2 2 2 2 2 2 2 2 2 2 2 2 2 2 2 2 2 2 2 2 2 2 2 2 2
left_child=3 4 20 10 5 8 -6 22 9 -2 -1 -12 -10 18 -15 16 17 -4 -8 -18 24 -13 29 35 34 -26 -7 32 -29 -5 -28 -23 -17 -25 -3 -24 37 -22
right_child=1 2 15 7 6 26 13 -9 12 -11 11 21 -14 14 -16 27 19 -19 -20 -21 36 31 23 33 25 -27 30 28 -30 -31 -32 -33 -34 -35 -36 -37 -38 -39
leaf_value=-0.6050018587790339 0.60577413151664383 -0.32464967183558413 0.046595409391242189 1.0461896498231757 -0.68956570794987115 -2.0508591417701054 0.24696335921151608 -3.4605409209809093 0.30636713268411958 1.5690314143500332 0.39937981348781643 -0.605257128384739 0.46705133555967326 0.40963786952894954 0.33313974900022492 -0.14792636168918102 -0.16201940644169294 0.21127238174116728 -0.1903695354361043 1.2902016369506641 -0.45668234507794131 -1.5850840659491312 -1.0043338454357271 0.15819230936548181 -0.020464022057023901 -1.831393908716731 0.53761642436607804 0.18584852045844899 -0.12371738969453895 -0.51048558078213346 -1.7436131966992428 -0.53067140383132094 -3.209890173842735 9.1237577973082118 -0.33600219427919714 -0.060062627737976597 -0.42832535685244461 -0.35840507644796299
leaf_weight=85571.466959118843 14386.934144616127 749.28631639480591 65539.20976960659 963.67992728948593 772.99691939353943 443.24543166160583 20799.118236899376 547.31371057033539 23396.124639868736 782.80721718072891 1190.7563177347183 1604.7911027669907 3553.3775732517242 4474.3009504675865 26227.647719800472 3074.9408763051033 37.275142669677734 7128.8333098888397 811.47876441478729 432.45463645458221 630.18700122833252 101.71615219116211 259.98380190134048 36.615550577640533 108.82117319107056 56.636074542999268 246.58373892307281 2243.0489360690117 2515.3982683420181 32.651291966438293 167.1631270647049 293.61573457717896 162.64179635047913 62.159323751926422 318.26631045341492 97.505239367485046 1960.6774201393127 371.4627103805542
leaf_count=97268 11039 247 74844 814 104 115 17468 72 18831 463 873 249 2869 3985 25464 3296 4 7129 388 130 91 12 202 14 14 16 160 2700 2687 6 59 32 28 20 57 73 248 49
internal_value=-0.000448087 0.00105474 0.000189419 -0.0034515 0.00182337 0.00226685 0.0014643 7.65846e-05 0.00236465 0.0030025 -0.00353099 -0.001928 0.00200551 0.00153809 0.00183303 0.000373747 0.000458304 0.000419151 0.001119 0.0065016 -0.00337453 -0.00338358 0.00176581 -0.000484352 -0.00171685 0.00175116 -0.00253697 -0.000399638 2.61861e-05 0.00279571 -0.000883056 -0.000512639 -0.00102531 0.00488353 -0.00225548 -0.00197699 -0.0040637 -0.00338695
internal_weight=272153 181391 85329.1 90762.3 96061.8 42976.2 53085.5 1999.91 42119.2 15169.7 88762.3 3190.88 26949.5 52312.5 30701.9 81133.8 73137.8 72668 21610.6 469.73 4195.34 2000.12 1452.6 456.264 1233.01 165.457 856.992 7996.03 4758.45 996.331 413.747 395.332 3237.58 98.7749 1067.55 357.489 2962.33 1001.65
internal_count=272120 172485 91540 99635 80945 33536 47409 1201 33202 11502 98434 1166 21700 47305 29449 90818 82107 81973 17856 134 722 293 1129 309 334 30 334 8711 5387 820 219 44 3324 34 304 275 388 140
is_linear=0
shrinkage=0.0440977


Tree=10
num_leaves=30
num_cat=0
split_feature=3 1 2 2 3 3 3 2 3 1 3 1 1 3 3 1 3 2 1 3 1 3 3 1 3 2 1 1 1
split_gain=633.888 40.6607 14.4847 8.30632 8.2488 7.74452 10.5947 5.86274 8.35488 8.2895 8.20147 5.97281 5.17691 7.68289 4.98847 3.59037 3.5425 3.25175 3.15587 2.96916 2.07518 1.8567 2.59216 1.65099 1.6133 1.47636 1.32653 1.2255 0.60127
threshold=1.0000000180025095e-35 0.331499993801117 0.030250000000000003 0.082250000000000018 0.006135377101600171 0.018428109586238865 0.002640118589624763 0.26025000000000004 0.26951168477535253 3.2209999561309819 0.084958255290985121 1.8115000128746035 12.7814998626709 2.1339553594589238 0.010747369378805162 0.03824999928474427 0.0037882957840338354 0.082250000000000018 0.042249999940395362 0.21899907290935519 0.42724999785423284 0.21899907290935519 0.3488419800996781 8.1449999809265154 0.00082657829625532042 0.11825000000000001 0.03024999983608723 0.03024999983608723 0.03024999983608723
decision_type=2 2 2 2 2 2 2 2 2 2 2 2 2 2 2 2 2 2 2 2 2 2 2 2 2 2 2 2 2
left_child=-1 2 14 5 18 6 -4 11 9 10 -9 16 20 -14 24 -6 -3 -18 -5 -7 -10 27 -23 -11 28 -13 -26 -16 -2
right_child=1 7 3 4 15 19 -8 8 12 23 -12 25 13 -15 21 -17 17 -19 -20 -21 -22 22 -24 -25 26 -27 -28 -29 -30
leaf_value=-0.57832266027889034 0.890255787600993 0.24686463267920442 0.22499731301598519 0.57398852395959399 -0.54402686813317147 -0.18636655142230663 0.64016785290251899 0.012602363329087356 0.17659704582365943 -0.09087397589256585 0.30676675227118694 -0.59008908691613959 -0.17566596412955704 0.50660718852047626 -0.63552068861796496 0.412213092694036 0.27445352933200551 -0.24363103479757947 0.13961353628394771 0.12524246220914523 0.29646049361362325 0.50606357051396489 -0.52951745414830453 -0.27142885314592829 -0.15496663027181562 0.67108699010293738 0.33751304234661611 -0.71407383600885832 0.12295350874359444
leaf_weight=83635.976921916008 1103.9658427834511 38.593161106109619 17646.339705228806 146.65401220321655 712.59379184246063 2880.7398058176041 20448.578635752201 43870.523065209389 189.75773584842682 10713.523014366627 6177.34360486269 1168.2421588897705 3796.6959252357483 2725.0331010222435 1461.0703298449516 28647.615561902523 520.82943153381348 1452.4387101531029 26064.029377996922 1317.4603481292725 9556.432012617588 260.92599868774414 503.21442604064941 2989.886285007 1705.7543433308601 55.912714004516602 1202.6794632077217 430.02751266956329 324.52634829282761
leaf_count=95755 965 5 16470 19 102 757 16033 52906 28 13471 5788 147 4761 2320 242 23364 58 247 25488 142 6287 28 54 3851 1393 6 981 89 286
internal_value=-0.000496062 0.000924071 0.00150177 0.00164031 0.00128584 0.00210601 0.00230411 0.000196476 0.000270901 4.32743e-05 0.000306399 -0.00164338 0.00116287 0.000201161 -0.000437184 0.00179347 -0.00016511 -0.000426946 0.000717173 0.000308385 0.00180632 -0.00194215 -0.000107416 -0.000917666 0.00048445 -0.00407076 -0.000111715 -0.00268306 0.00169748
internal_weight=271747 188111 104856 97864 55570.9 42293.1 38094.9 83255.2 80019.2 63751.3 50047.9 3236.02 16267.9 6521.73 6992.16 29360.2 2011.86 1973.27 26210.7 4198.2 9746.19 2655.24 764.14 13703.4 4336.93 1224.15 2908.43 1891.1 1428.49
internal_count=272043 176288 86413 82375 48973 33402 32503 89875 89412 76016 58694 463 13396 7081 4038 23466 310 305 25507 899 6315 413 82 17322 3625 153 2374 331 1251
is_linear=0
shrinkage=0.0440977


Tree=11
num_leaves=30
num_cat=0
split_feature=3 0 1 0 0 1 3 3 3 0 3 0 3 3 3 3 3 1 1 3 3 0 3 1 1 3 1 0 0
split_gain=618.307 51.1102 14.2189 13.2479 11.668 7.66732 7.1026 5.98834 5.03972 4.98156 4.26407 3.64101 7.95841 5.4877 3.44102 2.3839 3.97997 2.7465 4.17725 2.18624 1.47107 1.44675 2.22474 1.00652 0.555301 0.487088 0.269743 0.121206 1.11084
threshold=1.0000000180025095e-35 -1.1417810916900633 0.28024999797344213 -3.498293280601501 -3.0737084150314327 0.03824999928474427 0.002640118589624763 2.1339553594589238 0.0022293995134532456 -2.0854616165161128 0.0080803995952010172 1.1130081415176394 0.26951168477535253 0.084958255290985121 0.044695531949400909 0.010747369378805162 0.1538973078131676 0.082250002771615996 0.03824999928474427 0.3488419800996781 0.084958255290985121 -0.59194540977478016 0.073867965489625945 0.76124998927116405 0.23725000023841861 0.0024311956949532036 0.8764999806880952 -0.1929783225059509 -0.25199328362941736
decision_type=2 2 2 2 2 2 2 2 2 2 2 2 2 2 2 2 2 2 2 2 2 2 2 2 2 2 2 2 2
left_child=-1 3 21 15 5 14 -7 8 -6 -9 23 13 -13 -12 -5 17 20 18 -2 -18 -17 22 24 25 -3 -4 -25 28 -23
right_child=1 2 10 4 7 6 -8 9 -10 -11 11 12 -14 -15 -16 16 19 -19 -20 -21 -22 27 -24 26 -26 -27 -28 -29 -30
leaf_value=-0.55281995342465096 0.17471221634385578 -0.032579733894198507 -0.45860783150435286 0.55057287278050016 0.079981536851909202 0.33521761433918679 1.1366640485539174 0.0015701551746881409 0.31447715642493079 0.1989894069563278 0.0328294517310578 -0.11311946967914151 0.11792222777181313 0.24209848757094748 -0.63471117308981406 -0.5470697923686545 0.29328402854965147 -0.66531407476799864 3.0649365249821887 -0.36191899576201769 -0.57976364359385346 -0.78701625392322283 -2.1510797083006161 -0.35800728845480562 -0.69769000116589885 -0.08187871967649106 -0.19649248494320382 -0.7252997095034005 21.340445151746284
leaf_weight=83635.976921916008 4204.4070712924004 240.97559416294098 150.51332831382751 6974.6370419859886 11646.900701761246 3355.7534165978432 4671.9957655072212 205.01328468322754 67319.779124557972 102.50664234161377 39540.60942196846 14452.215405762196 13830.91976249218 9499.02547955513 401.50390338897705 1285.434855401516 650.71484327316284 640.64647436141968 160.34088385105133 624.35863971710205 537.1242299079895 309.59831500053406 353.99935925006866 343.53550893068314 77.066870868206024 5061.7149941921234 255.51242655515671 1168.2712845802307 46.311793327331543
leaf_count=95755 3481 45 186 5875 11906 2967 2669 22 57355 11 46700 18070 12383 6565 52 284 70 83 113 67 62 44 64 396 42 6305 322 143 6
internal_value=-0.000535563 0.000867008 6.92544e-05 0.00152931 0.00167577 0.00278633 0.00372941 0.00145994 0.00143597 0.00759219 0.000161795 0.00024838 -0.000150075 0.000478184 0.00175959 -0.000182003 -0.00114329 0.000413005 0.000808859 0.000746203 -0.00246487 -0.00343219 -0.00172406 -0.000990115 0.000951813 -0.000793036 -0.00270069 -0.00418371 -0.00344375
internal_weight=271747 188111 85330.3 102781 94678.1 15403.9 8027.75 79274.2 78966.7 307.52 83134 77322.8 28283.1 49039.6 7376.14 8103.03 3097.63 5005.39 4364.75 1275.07 1822.56 2196.22 672.042 5811.28 318.042 5212.23 599.048 1524.18 355.91
internal_count=272043 176288 91271 85017 80857 11563 5636 69294 69261 33 90927 83718 30453 53265 5927 4160 483 3677 3594 137 346 344 151 7209 87 6491 718 193 50
is_linear=0
shrinkage=0.0440977


Tree=12
num_leaves=29
num_cat=0
split_feature=3 0 0 1 0 1 3 3 3 0 3 0 3 3 3 3 3 1 1 3 3 3 0 1 1 0 0 1
split_gain=606.147 45.9892 12.4572 11.7842 9.93704 7.31025 6.81757 6.11979 5.77531 4.98156 3.96174 3.26814 7.55862 4.54208 3.19418 2.25077 3.97997 2.6574 3.94991 2.18624 1.47107 1.45149 2.25322 0.97449 0.663071 0.392507 0.262256 0.242224
threshold=1.0000000180025095e-35 -1.1417810916900633 -3.498293280601501 0.28024999797344213 -3.0737084150314327 0.03824999928474427 0.3488419800996781 2.1339553594589238 0.85696265101432811 -2.0854616165161128 0.0080803995952010172 1.1130081415176394 0.85696265101432811 0.084958255290985121 0.044695531949400909 0.010747369378805162 0.1538973078131676 0.082250002771615996 0.047249998897314079 0.3488419800996781 0.084958255290985121 0.073867965489625945 -0.66310319304466236 0.76124998927116405 0.23725000023841861 -0.52551645040512074 1.5786693692207339 0.8764999806880952
decision_type=2 2 2 2 2 2 2 2 2 2 2 2 2 2 2 2 2 2 2 2 2 2 2 2 2 2 2 2
left_child=-1 2 15 21 5 14 -7 8 -6 -9 23 13 -13 -12 -4 17 20 18 -2 -18 -17 22 24 25 -3 -5 -24 -25
right_child=1 3 4 10 7 6 -8 9 -10 -11 11 12 -14 -15 -16 16 19 -19 -20 -21 -22 -23 26 27 -26 -27 -28 -29
leaf_value=-0.5284418576250427 0.25532367963523811 -0.0023774637226387616 0.5262938680988466 -0.097879983771160486 0.26103472332429856 0.82573581807510998 0.67677730008586556 0.0015009149219953164 -0.68107865308425741 0.19021442914332123 0.03138174798159931 -0.079848243188064438 0.25067561670671451 0.23142249788138716 -0.60672186176555432 -0.5229452655225868 0.28035087355011334 -0.63597524546010775 3.1340784030127682 -0.34595919565761163 -0.55419739267055479 -2.7598703227511301 -0.2377263912969248 -0.34221998569765422 -0.66692346753865461 0.035244580572392041 -0.91251588791956184 -0.18782761568120568
leaf_weight=83635.976921916008 4320.0890438556671 225.53832972049713 6974.6370419859886 4636.3952676653862 78631.203542292118 7785.4607547521591 242.28842735290527 205.01328468322754 335.47628402709961 102.50664234161377 39540.60942196846 20688.0167517066 7595.1184165477753 9499.02547955513 401.50390338897705 1285.434855401516 650.71484327316284 640.64647436141968 44.658911287784576 624.35863971710205 537.1242299079895 1044.5684722661972 594.33468103408813 343.53550893068314 77.066870868206024 575.83305484056473 254.71486330032349 255.51242655515671
leaf_count=95755 3572 43 5875 5751 69225 5610 26 22 36 11 46700 25175 5278 6565 52 284 70 83 22 67 62 149 77 396 42 740 33 322
internal_value=-0.000566736 0.000821976 0.00145022 6.52421e-05 0.00159224 0.00261713 0.00353797 0.00139307 0.00136883 0.00759219 0.000149488 0.000232947 -0.000144554 0.000450666 0.0016146 -0.000209232 -0.00114329 0.000368928 0.000758315 0.000746203 -0.00246487 -0.00312237 -0.00203986 -0.000960834 0.00122443 -0.00076692 -0.00320333 -0.00264396
internal_weight=271747 188111 102781 85330.3 94678.1 15403.9 8027.75 79274.2 78966.7 307.52 83134 77322.8 28283.1 49039.6 7376.14 8103.03 3097.63 5005.39 4364.75 1275.07 1822.56 2196.22 1151.65 5811.28 302.605 5212.23 849.05 599.048
internal_count=272043 176288 85017 91271 80857 11563 5636 69294 69261 33 90927 83718 30453 53265 5927 4160 483 3677 3594 137 346 344 195 7209 85 6491 110 718
is_linear=0
shrinkage=0.0440977


Tree=13
num_leaves=30
num_cat=0
split_feature=3 1 2 2 3 1 3 1 3 3 1 2 3 1 3 3 2 3 2 2 3 3 1 2 1 3 1 1 1
split_gain=594.606 30.2962 13.6543 5.92008 6.51356 6.68921 6.04501 5.72087 4.93057 5.65897 4.80314 4.6275 11.8446 4.53208 7.00346 3.95509 3.91274 3.58775 3.43901 3.04161 1.8567 2.59216 1.70072 1.47636 1.2255 1.20547 1.1025 0.859018 0.331155
threshold=1.0000000180025095e-35 0.331499993801117 0.030250000000000003 0.26025000000000004 0.26951168477535253 3.2209999561309819 0.02392896264791489 1.8115000128746035 0.0037882957840338354 0.0035615330561995511 0.088250000029802336 0.070250000000000021 0.020081382244825367 12.7814998626709 2.1339553594589238 0.010747369378805162 0.42825000000000008 0.0037882957840338354 0.082250000000000018 0.088250000000000009 0.21899907290935519 0.3488419800996781 8.1449999809265154 0.11825000000000001 0.03024999983608723 0.00082657829625532042 1.0374999642372134 0.051249999552965171 0.03024999983608723
decision_type=2 2 2 2 2 2 2 2 2 2 2 2 2 2 2 2 2 2 2 2 2 2 2 2 2 2 2 2 2
left_child=-1 2 15 7 5 6 -5 17 9 19 -11 12 -10 26 -15 25 -13 -3 -19 -4 24 -22 -7 -9 -17 28 -6 -27 -2
right_child=1 3 8 4 13 22 -8 23 11 10 -12 16 -14 14 -16 20 -18 18 -20 -21 21 -23 -24 -25 -26 27 -28 -29 -30
leaf_value=-0.50513878010423086 0.83203394349722637 0.24390541465280322 0.22374735410818872 -0.032330450729752346 -0.073338029424247678 -0.078357206485740447 0.12102302199066453 -0.53879746737710865 0.77580608127551887 -0.10214686118312558 0.29761814729453367 0.30178639748624919 -0.021676158650554608 -0.17649052711226618 0.46801264791719976 -0.55749059086622366 0.33657391208263537 0.23697199842745972 -0.24089718019128212 0.1114246636055468 0.45845133684364781 -0.4749511357605497 -0.25095002653132364 0.62433058925942908 -0.63330140054937889 -0.020104192312326359 0.32500932186469206 0.45864637055234408 0.098567940529230846
leaf_weight=83635.976921916008 1103.9658427834511 38.593161106109619 25760.90204513073 23974.426250874996 750.15156584978104 10713.523014366627 26073.440419197083 1168.2421588897705 10202.915385425091 3642.483869433403 1102.1229100823402 43032.433147490025 3108.5442133545876 3796.6959252357483 2725.0331010222435 1461.0703298449516 1127.3927707672119 520.82943153381348 1452.4387101531029 9887.2168971896172 260.92599868774414 503.21442604064941 2989.886285007 55.912714004516602 430.02751266956329 2887.3111878633499 8996.0381826162338 21.122618675231934 324.52634829282761
leaf_count=95755 965 5 22889 29680 177 13471 29014 147 7495 1429 1227 37380 613 4761 2320 242 182 58 247 11160 28 54 3851 6 89 2360 6138 14 286
internal_value=-0.000593667 0.00078176 0.00128042 0.000153708 0.000228495 2.75116e-05 0.000263877 -0.00169512 0.00141493 0.00104152 -0.000389115 0.00167735 0.00239812 0.00101607 0.000116254 -0.000602112 0.00146004 -0.000248321 -0.000511783 0.00123194 -0.00194215 -0.000107416 -0.000835704 -0.00407076 -0.00268306 0.000218569 0.00161811 -0.000296703 0.00126714
internal_weight=271747 188111 104856 83255.2 80019.2 63751.3 50047.9 3236.02 97864 40392.7 4744.61 57471.3 13311.5 16267.9 6521.73 6992.16 44159.8 2011.86 1973.27 35648.1 2655.24 764.14 13703.4 1224.15 1891.1 4336.93 9746.19 2908.43 1428.49
internal_count=272043 176288 86413 89875 89412 76016 58694 463 82375 36705 2656 45670 8108 13396 7081 4038 37562 310 305 34049 413 82 17322 153 331 3625 6315 2374 1251
is_linear=0
shrinkage=0.0440977


end of trees

feature_importances:
price_std_7d=132
price_lag_1d=107
price_log=105
price_lag_3d=99

parameters:
[boosting: gbdt]
[objective: quantile]
[metric: quantile]
[tree_learner: serial]
[device_type: cpu]
[data_sample_strategy: bagging]
[data: ]
[valid: ]
[num_iterations: 1000]
[learning_rate: 0.0440977]
[num_leaves: 39]
[num_threads: -1]
[seed: 128]
[deterministic: 0]
[force_col_wise: 0]
[force_row_wise: 0]
[histogram_pool_size: -1]
[max_depth: 6]
[min_data_in_leaf: 5]
[min_sum_hessian_in_leaf: 0.001]
[bagging_fraction: 0.7]
[pos_bagging_fraction: 1]
[neg_bagging_fraction: 1]
[bagging_freq: 5]
[bagging_seed: 7259]
[bagging_by_query: 0]
[feature_fraction: 0.85]
[feature_fraction_bynode: 1]
[feature_fraction_seed: 2349]
[extra_trees: 0]
[extra_seed: 22898]
[early_stopping_round: 0]
[early_stopping_min_delta: 0]
[first_metric_only: 0]
[max_delta_step: 0]
[lambda_l1: 0]
[lambda_l2: 1]
[linear_lambda: 0]
[min_gain_to_split: 0.1]
[drop_rate: 0.1]
[max_drop: 50]
[skip_drop: 0.5]
[xgboost_dart_mode: 0]
[uniform_drop: 0]
[drop_seed: 14092]
[top_rate: 0.2]
[other_rate: 0.1]
[min_data_per_group: 100]
[max_cat_threshold: 32]
[cat_l2: 10]
[cat_smooth: 10]
[max_cat_to_onehot: 4]
[top_k: 20]
[monotone_constraints: ]
[monotone_constraints_method: basic]
[monotone_penalty: 0]
[feature_contri: ]
[forcedsplits_filename: ]
[refit_decay_rate: 0.9]
[cegb_tradeoff: 1]
[cegb_penalty_split: 0]
[cegb_penalty_feature_lazy: ]
[cegb_penalty_feature_coupled: ]
[path_smooth: 0]
[interaction_constraints: ]
[verbosity: -1]
[saved_feature_importance_type: 0]
[use_quantized_grad: 0]
[num_grad_quant_bins: 4]
[quant_train_renew_leaf: 0]
[stochastic_rounding: 1]
[linear_tree: 0]
[max_bin: 63]
[max_bin_by_feature: ]
[min_data_in_bin: 3]
[bin_construct_sample_cnt: 200000]
[data_random_seed: 456]
[is_enable_sparse: 1]
[enable_bundle: 1]
[use_missing: 1]
[zero_as_missing: 0]
[feature_pre_filter: 0]
[pre_partition: 0]
[two_round: 0]
[header: 0]
[label_column: ]
[weight_column: ]
[group_column: ]
[ignore_column: ]
[categorical_feature: ]
[forcedbins_filename: ]
[precise_float_parser: 0]
[parser_config_file: ]
[objective_seed: 18400]
[num_class: 1]
[is_unbalance: 0]
[scale_pos_weight: 1]
[sigmoid: 1]
[boost_from_average: 1]
[reg_sqrt: 0]
[alpha: 0.9]
[fair_c: 1]
[poisson_max_delta_step: 0.7]
[tweedie_variance_power: 1.5]
[lambdarank_truncation_level: 30]
[lambdarank_norm: 1]
[label_gain: ]
[lambdarank_position_bias_regularization: 0]
[eval_at: ]
[multi_error_top_k: 1]
[auc_mu_weights: ]
[num_machines: 1]
[local_listen_port: 12400]
[time_out: 120]
[machine_list_filename: ]
[machines: ]
[gpu_platform_id: -1]
[gpu_device_id: -1]
[gpu_use_dp: 0]
[num_gpu: 1]

end of parameters

pandas_categorical:[]
