tree
version=v4
num_class=1
num_tree_per_iteration=1
label_index=0
max_feature_idx=54
objective=quantile
feature_names=price_lag_1d return_1d return_3d return_7d return_14d return_30d return_60d price_std_7d price_std_14d price_std_20d price_std_30d price_std_60d price_zscore_30d vol_regime_60_30 trend_divergence_30_60 price_accel_7d price_log price_tier log_return_1d log_return_7d autocorr_1d autocorr_7d bb_pct_b bb_width rsi_14 macd_line macd_signal macd_histogram distance_to_support distance_to_resistance volume_missing volume_lag_1d volume_lag_7d volume_mean_30d volume_std_30d volume_std_60d volume_log_change_1d volume_log_change_7d volume_zscore_30d volume_price_conf_7d volume_price_conf_1d rsi_missing macd_missing dow_sin dow_cos events_next_30d_major events_next_30d_operation events_next_30d_case_drop events_next_30d_update events_next_30d_game_update item_type_graffiti item_type_skin item_type_sticker item_type_unknown item_volume_vs_market_30d
feature_infos=[0.029999999329447746:960.7130126953125] [-99.536705017089844:500] [-99.492156982421875:500] [-99.509979248046875:500] [-99.901214599609375:500] [-99.499412536621094:500] [-99.499412536621094:500] [0:167.40560913085938] [0:119.09705352783203] [0:135.57257080078125] [0:112.72939300537109] [0:97.889312744140625] [-4.8795590400695801:5.2946515083312988] [0.70205938816070557:761.94976806640625] [-112984214994944:140802198077440] [-599.50994873046875:534.69384765625] [-3.5065579414367676:6.86767578125] [0:4] [-5.3745660781860352:6.8952875137329102] [-5.3184762001037598:6.9452981948852539] [-49768.35546875:222115.390625] [-49754.98828125:50974.09765625] [-0.51409953832626343:1.5621322393417358] [0.0062784175388514996:17.437114715576172] [0:99.844482421875] [-24.237356185913086:40.936752319335938] [-16.600063323974609:26.537761688232422] [-17.223386764526367:29.474584579467773] [1.9274705665090278e-14:106457.8984375] [0.010915839113295078:106457.8984375] none [1:197735] [1:197735] [1:125869.734375] [0:64217.12890625] [0:67507.5625] [-6.4329400062561035:6.5171170234680176] [-6.0185933113098145:7.2102642059326172] [-4.1069283485412598:5.2931628227233887] [-99.499412536621094:500] [-99.341239929199219:500] [0:1] [0:1] [-0.97492790222167969:0.97492790222167969] [-0.90096884965896606:1] [0:1] [0:1] [0:1] none [0:2] [0:1] [0:1] [0:1] none [0.00099037075415253639:352.26205444335938]
tree_sizes=5764 5914 4942 5379 5905 5668 5940 5860 5743 5319

Tree=0
num_leaves=55
num_cat=0
split_feature=16 2 49 6 24 22 28 29 35 23 45 1 25 8 34 8 22 35 6 6 24 28 6 5 6 35 28 6 10 35 22 23 1 6 29 23 26 1 37 35 19 38 27 33 35 54 10 33 0 52 24 25 54 22
split_gain=4267.8 386.023 180.35 150.714 121.501 118.8 86.0718 82.93 59.0621 54.9254 37.745 37.1163 24.6872 20.9891 20.8856 19.4259 17.5783 13.9625 11.2175 11.0711 11.5921 10.4819 9.92305 9.50234 7.66792 6.97877 6.2499 6.46236 5.89573 6.35118 7.36425 5.51108 5.32213 5.19806 9.45162 4.72755 4.71433 4.58039 4.29853 4.00243 3.84674 3.83745 3.72005 3.6295 3.59948 3.49953 5.78767 3.33499 3.26134 3.24848 2.89034 2.76946 5.61128 2.55623
threshold=-3.498293280601501 14.263868331909181 1.5000000000000002 41.170942306518562 24.784466743469242 0.3669689148664475 17.026571273803714 8.8893632888793963 48.362033843994148 0.7443651854991914 1.0000000180025095e-35 20.574491500854496 0.0009213930752594025 0.038775276392698295 201.13568878173831 0.010874534025788309 0.45610722899436956 398.78746032714849 -14.45082378387451 -4.7117805480957022 50.554941177368171 61.77666091918946 1.0000000180025095e-35 -2.0624378919601436 48.891017913818366 116.92309570312501 33.017747879028327 -43.427698135375969 0.0045825128909200439 15.664955139160158 0.41318061947822576 0.7443651854991914 -1.6870447397232053 19.67485332489014 311.01898193359381 0.23039402067661288 -2.9884361651966167e-08 -1.3886690735816953 0.66212075948715221 30.312662124633793 0.081289630383253111 0.39725367724895483 0.00089378556003794085 16.250000000000004 29.043992996215824 0.096311651170253768 0.023672609589993957 597.16668701171886 0.091249998658895506 1.0000000180025095e-35 39.535881042480476 -0.011385418009012936 0.036202859133481986 0.21211816370487216
decision_type=2 2 2 2 2 2 2 2 2 2 2 2 2 2 2 2 2 2 2 2 2 2 2 2 2 2 2 2 2 2 2 2 2 2 2 2 2 2 2 2 2 2 2 2 2 2 2 2 2 2 2 2 2 2
left_child=5 2 3 4 7 15 8 37 -6 -8 14 19 35 -9 26 18 28 24 25 20 44 51 23 31 -14 -1 27 -4 29 30 -7 -21 50 34 -24 -5 -18 -2 -37 -35 -22 -12 -16 -25 -3 -34 -47 -31 -19 -23 -20 -13 -53 -27
right_child=1 11 10 12 6 16 9 13 -10 -11 41 21 17 -15 42 -17 36 48 32 22 40 49 33 43 -26 53 -28 -29 -30 47 -32 -33 45 39 -36 38 -38 -39 -40 -41 -42 -43 -44 -45 -46 46 -48 -49 -50 -51 -52 52 -54 -55
leaf_value=0.55028482697245262 0.58938675217196512 0.26790575847907577 0.013530484930570982 -0.22558260981862743 0.12277521994335744 0.14983222834619697 -0.033968198628924924 -0.26643214362508449 0 -0.49944973576088508 0.080333550951897051 -0.59847832789259636 -0.24787605787790334 -0.87034842940367485 0.15337329949611428 0 0 -0.53039503355003592 0 -1.5007768390006895 0.31444848005272302 -4.1163254181850419 -0.094514572773084699 -0.77528519949275188 -0.68618514685510212 0.36685654256842665 0.29872419219277091 1.0933494536862189 0 0 0 0.59545744400716494 0 -0.90947727354083063 -0.92379070824213705 -1.179834927448671 0 0.096035749451344576 -0.95445299731006306 -0.62995567650743722 -0.75529292034620976 -0.41420857040210241 -0.25648869009326819 -1.750906277181304 -0.14481179519066514 0 0.36685654256842665 0 0.25681150246916845 -2.1575044903359917 0.18342827128421332 -0.48893332884848906 -1.3158985266624306 0
leaf_weight=159.55806010961533 247.28825062513351 108.07581472396851 37.147004127502441 102.25872164964676 27571.258886575699 36.861806094646454 8810.5994665026665 1938.8915390968323 14020.896966397762 2989.3965942263603 82.472948670387268 84.081950724124908 610.9290891289711 2079.6498973369598 108.46659874916077 201.03447860479355 5221.1315743327141 37.061792075634003 45.725308001041412 78.124562919139862 58.354112327098846 1180.0119255781174 441.25665485858917 100.63798820972443 1644.7799280881882 33.072547435760498 66.880519390106201 1138.0706577897072 2377.3694251179695 1005.4185168147087 72.675496935844421 66.898964703083038 73.933931350708008 542.65515160560608 82.031973659992218 744.88428235054016 22958.507868885994 149.9123027920723 81.015428364276886 543.30467557907104 222.12602686882019 68.814760327339172 41.833004355430603 797.68756401538849 48.523389339447021 264.20340090990067 43.727230310440063 95.92403906583786 134.91787213087082 206.69228261709213 120.01965862512589 87.968827784061432 264.37313193082809 43.851083159446716
leaf_count=118 41 65 34 113 26387 25 8657 2051 16159 1011 87 37 572 1626 119 88 5228 45 38 70 46 311 417 38 1433 32 65 1438 657 1079 68 47 51 381 13 358 29556 60 47 480 159 75 56 322 55 282 41 127 127 113 124 60 185 48
internal_value=-0.00918608 -0.00128716 -0.000121527 -0.000592242 6.41054e-05 -0.0254899 0.000791572 -0.0087052 0.00197007 -0.00335285 0.0184462 -0.01614 -0.0119279 -0.0110925 0.0213016 -0.00651269 -0.0260747 -0.00891971 -0.00243021 -0.0123787 -0.00389446 -0.0224436 -0.0137332 -0.0180815 -0.0100902 0.00734373 0.0236503 0.0246128 -0.022231 -0.0186302 -0.00457455 -0.00400151 -0.00685733 -0.0108363 -0.00591748 -0.0196597 -0.0265594 0.015138 -0.0211179 -0.0130976 -0.0107434 -0.00707844 0.00113548 -0.0202252 0.00766448 -0.0104505 -0.00727388 -0.0199229 0.00576566 -0.0249048 0.000773987 -0.0143325 -0.0165849 -0.00521408
internal_weight=100373 67620.2 62707.4 61163.7 57807.9 32753 53392.2 4415.74 41592.2 11800 1543.69 4912.8 3355.85 4018.54 1392.4 985.126 31767.9 2427.69 784.091 3089.68 437.079 1823.13 2652.6 1043.35 2255.71 236.482 1242.1 1175.22 3588.25 1210.88 109.537 145.024 547.61 1609.25 523.289 928.158 28179.6 397.201 825.9 1085.96 280.48 151.288 150.3 898.326 156.599 381.865 307.931 1101.34 171.98 1386.7 165.745 436.424 352.342 76.9236
internal_count=100922 63360 60561 58687 55992 37562 52214 3778 42546 9668 1874 2799 2695 3677 1712 822 36740 2177 734 2093 325 706 1768 477 2005 198 1537 1472 1956 1299 93 117 536 1291 430 518 34784 101 405 861 205 162 175 360 120 374 323 1206 172 424 162 282 245 80
is_linear=0
shrinkage=0.0550285


Tree=1
num_leaves=55
num_cat=0
split_feature=7 2 6 54 6 6 11 52 35 24 18 38 54 2 4 38 8 25 28 12 35 11 3 32 18 28 6 24 25 11 2 4 33 2 6 10 11 28 24 12 28 52 25 34 33 3 43 31 35 11 37 37 18 32
split_gain=4156.35 338.185 147.927 82.6946 78.3294 82.5676 92.3111 60.986 53.3904 43.4964 39.1197 36.6944 31.1053 25.4433 21.4206 18.0782 17.9221 17.6618 15.7366 13.9717 18.1773 13.5828 12.4099 12.2174 11.8737 11.0483 11.0442 11.8577 9.12612 8.56914 8.45797 8.40494 8.11118 7.50227 7.41635 6.07872 5.77359 5.60835 5.34092 5.33562 5.20108 4.53606 4.51698 3.6438 3.60727 3.55623 2.91724 2.88254 2.85306 2.65528 2.65448 2.4788 2.25818 2.0562
threshold=1.0000000180025095e-35 14.263868331909181 -1.0000000180025095e-35 0.089605677872896208 48.891017913818366 1.0000000180025095e-35 0.009117066394537689 1.0000000180025095e-35 39.083984375000007 24.784466743469242 0.18709755688905719 0.28208516538143164 1.2122225165367129 -1.4001109600067136 16.778962135314945 -0.72317337989807118 0.0013887245440855624 -0.0005707469827029853 23.568457603454593 -0.18257127702236173 136.29981994628909 1.0000000180025095e-35 2.9902318716049199 134.50000000000003 0.080076780170202269 93.014759063720717 -4.7117805480957022 50.554941177368171 1.0000000180025095e-35 0.23921661078929904 18.615480422973636 -36.14793395996093 37.183334350585945 -22.980739593505856 -26.663125991821286 0.72802987694740307 0.036897895857691772 27.32420635223389 51.022369384765632 -0.62143209576606739 19.849666595458988 1.0000000180025095e-35 0.026637247763574127 66.747200012207045 766.30950927734386 8.4685006141662615 -0.87837970256805409 451.50000000000006 29.043992996215824 0.003894567373208702 0.22478166222572329 -0.14076209813356397 -0.081891961395740495 19.500000000000004
decision_type=2 2 2 2 2 2 2 2 2 2 2 2 2 2 2 2 2 2 2 2 2 2 2 2 2 2 2 2 2 2 2 2 2 2 2 2 2 2 2 2 2 2 2 2 2 2 2 2 2 2 2 2 2 2
left_child=21 2 3 13 5 6 7 -4 -8 23 26 12 -11 22 15 -7 -15 -16 -13 36 29 -1 33 34 -18 41 27 48 32 -21 38 -25 37 -2 -5 -22 43 -28 -30 44 -24 -12 -32 -6 47 -29 -34 -23 53 -41 -43 -47 -38 -3
right_child=1 10 4 9 19 14 8 -9 -10 11 25 18 -14 16 17 -17 24 -19 -20 20 35 39 40 31 -26 -27 28 45 30 -31 42 -33 46 -35 -36 -37 52 -39 -40 49 -42 50 -44 -45 -46 51 -48 -49 -50 -51 -52 -53 -54 -55
leaf_value=0 1.2084562271506964 0.074365309328786516 0.20273139638017185 -0.31098744856194344 -0.73845108233961532 -0.063780468263659046 -0.0067561340663035265 0 -0.02820450711288236 0.044563174236335858 -1.2370083562713352 0.2427727131514423 -0.21847537114689877 0 -0.59166874868201769 0.065855823929663465 0.2840448020630425 -0.19262996964651949 -0.32665902472933261 -0.80883228979406574 0.20497335350310497 0 0.24325268367559183 0.82778787728790904 -0.2102074123914747 -4.0633394597030836 -0.015104719270787985 0.29714485730896667 0.41775959397190149 -0.30485840728150576 -0.66109689513137693 -0.40976046315588899 -0.72083131930765754 0.51290573818859886 0.19936017013644106 -0.88772223311943987 -1.3009588261013751 -0.86697861599281467 -0.34742836710397934 0 -0.31713648102710734 -1.1676737947479525 -1.5045688216362965 0.037759727480822687 0 -0.20606554873898045 -1.3766172273637054 0.55028482697245262 -0.13684302182465863 0 0.076573665829402338 -0.76490711752488849 -1.4931992702233232 0.35857990613197976
leaf_weight=24734.710325419903 370.6962925195694 46.358128309249878 2787.8092200756073 213.34213221073151 93.348065614700317 4992.2400240302086 5580.7637259364128 877.55643647909164 6440.7657553553581 11377.739471137524 534.44142609834671 6847.8433490991592 1742.4776560664177 75.684672176837921 228.40105974674225 12806.150157094002 2119.2655671834946 1471.0991902351379 355.15407133102417 932.6669904589653 342.07630211114883 124.77037781476974 275.90676081180573 73.183071613311768 277.96557605266571 1137.5517148375511 134.27433782815933 58.354112327098846 89.163789212703705 401.52091878652573 497.98824006319046 1320.1510772705078 86.836344659328461 2193.2734575867653 373.57152551412582 45.163145661354065 73.343700706958771 254.46768671274185 433.8982749581337 1808.4325372576714 207.6710165143013 71.251023411750793 280.00258874893188 76.416536092758179 73.822673618793488 39.952594041824341 875.96627336740494 31.016706824302673 48.523389339447021 3124.321466088295 79.883954286575317 182.17343282699585 590.11992400884628 61.717686414718628
leaf_count=32185 182 32 2335 253 82 5490 3299 739 3164 12644 313 7626 2269 43 70 13967 1790 1579 270 877 344 129 174 57 171 269 86 46 47 274 479 1678 52 1766 385 20 36 122 415 2290 134 52 169 66 71 39 398 37 55 1360 72 120 267 33
internal_value=-0.00900823 -0.00171308 -0.000667754 0.00237419 -0.00291339 -0.00223385 -0.00520585 0.00241575 -0.00753884 0.000876018 -0.015638 0.00163906 -8.52915e-05 0.00840585 0.000151762 0.000720983 0.00418679 -0.00574172 0.00479481 -0.0122251 -0.00925288 -0.0262007 0.0117908 -0.00689638 0.00505988 -0.0221015 -0.0117826 -0.0033249 -0.0131329 -0.0123041 -0.00962093 -0.00970111 -0.0164228 0.0133311 -4.55639e-05 0.000981023 -0.0182151 -0.0091217 -0.00389656 -0.023435 0.00338635 -0.0160917 -0.0133183 -0.00798274 -0.0138926 -0.0102638 -0.0192439 -0.0079659 0.00839116 -0.0238539 -0.00643996 -0.0134595 -0.0206518 0.0134435
internal_weight=100373 70476.2 65563.4 27823.9 37739.4 35184.8 15686.9 3665.37 12021.5 22303.5 4912.8 20323.2 13120.2 5520.46 19497.9 17798.4 2472.92 1699.5 7203 2554.66 1721.43 29897.1 3047.55 1980.25 2397.23 1823.13 3089.68 437.079 2652.6 1334.19 1301.05 1393.33 1351.54 2563.97 586.914 387.239 833.228 388.742 523.062 5162.36 483.578 685.576 777.991 169.765 229.61 280.48 962.803 155.787 156.599 4932.75 151.135 222.126 663.464 108.076
internal_count=100922 64850 62051 29442 32609 30643 9537 3074 6463 25182 2799 22809 14913 4260 21106 19457 2004 1649 7896 1966 1515 36072 2256 2373 1961 706 2093 325 1768 1151 1110 1735 658 1948 638 364 451 208 462 3887 308 437 648 148 237 205 450 166 120 3650 124 159 303 65
is_linear=0
shrinkage=0.0550285


Tree=2
num_leaves=46
num_cat=0
split_feature=9 1 0 6 24 26 29 4 19 23 22 23 0 4 26 27 11 42 23 4 12 11 9 26 26 32 24 47 6 51 34 11 5 46 11 26 23 12 26 1 10 10 27 34 34
split_gain=4262.25 321.001 129.507 142.039 111.317 80.9246 70.691 63.4455 60.8872 48.4607 42.6957 32.138 26.3859 23.3003 22.3609 31.574 21.4523 21.0004 20.7321 14.8113 14.5048 11.2277 11.1676 9.54998 9.20563 8.68553 8.61423 8.02261 7.35368 6.99126 6.92858 6.35527 5.78388 5.45155 5.07452 4.92743 4.4498 4.43447 4.40383 3.34549 3.33599 1.12282 1.08874 0.897417 0.227594
threshold=1.0000000180025095e-35 10.083401679992678 0.03024999983608723 35.114305496215827 24.784466743469242 0.011014184448868038 8.8893632888793963 16.778962135314945 0.32100288569927221 3.2658587694168095 0.3669689148664475 0.32097347080707556 0.042249999940395362 -5.1540067195892325 0.0032919101649895315 -0.0029863941017538305 0.057051433250308044 1.0000000180025095e-35 1.1527953147888186 16.778962135314945 -0.20418929308652875 0.0061324695125222215 0.007037773961201311 0.060027761384844787 -0.0023431461304426189 7.5000000000000009 32.209028244018562 1.0000000180025095e-35 -6.8698971271514884 1.0000000180025095e-35 27.887510299682621 0.036897895857691772 22.223015785217289 1.0000000180025095e-35 0.01159889902919531 -2.9884361651966167e-08 0.32097347080707556 -0.4305951446294784 0.014444526284933092 -1.3886690735816953 0.022066643461585048 0.01640997733920813 -0.0097236866131424887 19.33999061584473 94.406280517578139
decision_type=2 2 2 2 2 2 2 2 2 2 2 2 2 2 2 2 2 2 2 2 2 2 2 2 2 2 2 2 2 2 2 2 2 2 2 2 2 2 2 2 2 2 2 2 2
left_child=12 2 5 4 6 10 39 9 17 -6 21 22 35 -8 16 -16 -12 19 -9 25 31 28 33 -22 -23 40 -24 36 -2 41 34 -13 -27 -5 -21 -1 -19 -38 -32 -4 -3 43 -7 -10 -45
right_child=1 8 3 11 7 42 13 18 29 -11 14 20 -14 -15 15 -17 -18 27 -20 30 23 24 26 -25 -26 32 -28 -29 -30 -31 38 -33 -34 -35 -36 -37 37 -39 -40 -41 -42 -43 -44 44 -46
leaf_value=0 0.1700688572391959 0.2526908814194308 0.53441943540812975 -0.23058499325476789 0.051047070934073319 0.001552051231645578 -0.29526857761586478 -0.20225380451922031 -1.5164595341353921 0.21075570628905982 0 -0.72814288423384621 0.18665694692108614 -1.4448206815339761 0 0.0003717798065678529 0 -0.24583497785451885 -1.0455158751597444 -0.45441993617591886 -0.76501979693665645 0 -0.69220219116683668 -0.16383136530353473 0.001552051231645578 -0.28659652360734283 0.048305621283283563 -2.1530560786436115 0 -3.5653513362789786 -0.52439390524442753 -1.3511759086849287 -0.68834289264892268 -0.96403233370623409 -1.0258575110288617 0 -0.77518540707238126 -1.4415609678430024 0.40274507903972462 0.091122827680912136 -0.31813069699412799 -2.3825197812484924 0.001552051231645578 -0.20916517464557999 -1.5756214878969004
leaf_weight=5221.1315743327141 109.16099846363068 176.97113996744156 254.22554558515549 291.59826415777206 48323.229909777641 115.14183950424194 3074.7783615589142 2532.2838017940521 54.325982570648193 3015.7633473873138 2064.7883599996567 170.22763210535049 41.623769760131836 952.09727966785431 175.75732290744781 138.7967968583107 884.28886526823044 93.083949327468872 582.17875003814697 159.12325793504715 1549.4723550677299 148.63079977035522 87.88188225030899 533.3435350060463 242.64777904748917 1278.598737180233 1000.864831328392 414.27050143480301 209.31509304046631 1209.9897437095642 235.85008311271667 669.06513476371765 222.93693447113037 144.77535724639893 520.82482069730759 22465.959926724434 79.068136870861053 213.41877061128616 49.659262537956238 153.38095009326935 164.0161018371582 148.00319820642471 130.22965180873871 33.201314568519592 37.26428359746933
leaf_count=5228 144 121 42 340 50240 38 3476 2244 40 536 1688 138 6 242 38 29 184 53 156 139 1254 93 94 382 150 1041 1099 73 224 362 231 270 142 156 272 29485 36 67 46 65 91 76 29 29 33
internal_value=-0.00816242 -0.00115487 -0.00014898 0.000471266 0.00118912 -0.00948456 -0.0071887 0.00187352 -0.0144791 0.00233771 -0.0113977 -0.00900755 -0.0265163 -0.00941636 -0.0140589 0 -0.015546 -0.0105611 -0.00574127 -0.00824414 -0.0123957 0.000686493 -0.00243997 -0.00981336 0.00706197 -0.00524944 0.000446941 -0.0185373 -0.00679949 -0.0239244 -0.0138342 -0.0186538 -0.00706851 -0.00987896 -0.0169504 -0.0265838 -0.0121764 -0.0155289 -0.00599545 0.0145189 0.00243625 -0.0148664 0.0209701 -0.00898321 -0.00270806
internal_weight=100373 72644.5 67553.9 63335.2 58887.9 4218.76 4434.48 54453.5 5090.61 51339 3973.39 4447.23 27728.7 4026.88 3263.63 314.554 2949.08 3607.82 3114.46 2807.98 2922.11 709.755 1525.12 2082.82 391.279 1842.52 1088.75 799.841 318.476 1482.78 965.457 839.293 1501.54 436.374 679.948 27687.1 385.571 292.487 285.509 407.606 340.987 272.795 245.371 124.792 70.4656
internal_count=100922 66203 63351 60734 57001 2617 3825 53176 2852 50776 2550 3733 34719 3718 1939 67 1872 2312 2400 2083 2044 611 1689 1636 243 1395 1193 229 368 540 688 408 1183 496 411 34713 156 103 277 107 212 178 67 102 62
is_linear=0
shrinkage=0.0550285


Tree=3
num_leaves=50
num_cat=0
split_feature=9 2 16 28 2 25 1 34 25 33 23 12 19 47 0 42 25 11 16 26 26 11 34 26 1 25 23 5 16 5 0 11 1 28 28 1 19 26 39 20 34 32 26 16 51 31 11 28 31
split_gain=4103.47 308.336 180.193 96.9146 94.3769 72.7864 66.4239 57.9952 45.8427 52.535 45.5783 41.9979 39.4449 34.3607 26.3859 20.7543 15.361 13.9383 13.2069 17.8818 11.2479 10.6714 10.5408 13.3516 10.2677 8.9088 8.85485 8.7796 8.76883 7.82823 7.54989 7.07841 8.88664 6.70612 8.43167 5.61259 5.28993 4.92743 4.86075 4.59775 4.54601 4.08164 3.49043 2.79048 2.77547 2.32589 2.45155 1.41628 0.395661
threshold=1.0000000180025095e-35 14.263868331909181 -3.3740954399108882 29.89500713348389 -1.0000000180025095e-35 0.0017530224286019804 -1.0000000180025095e-35 575.77584838867199 -0.009732116945087908 32.30217361450196 0.7443651854991914 -0.4305951446294784 0.32100288569927221 1.0000000180025095e-35 0.042249999940395362 1.0000000180025095e-35 0.00061391483177430939 0.0020657351706177001 1.1074068546295168 -0.02400576043874025 -0.0023431461304426189 0.080504763871431365 7.5981698036193857 0.001075279258657247 20.574491500854496 -0.0005707469827029853 0.1300337761640549 19.263664245605472 -3.498293280601501 -3.30163562297821 0.03024999983608723 0.057051433250308044 13.26772451400757 25.367726325988773 18.763512611389164 13.26772451400757 0.16874564439058307 -2.9884361651966167e-08 -4.4768528938293448 -51.602212905883782 10.862912654876711 142.50000000000003 1.0000000180025095e-35 -2.4621715545654292 1.0000000180025095e-35 12.500000000000002 0.009117066394537689 61.77666091918946 12.500000000000002
decision_type=2 2 2 2 2 2 2 2 2 2 2 2 2 2 2 2 2 2 2 2 2 2 2 2 2 2 2 2 2 2 2 2 2 2 2 2 2 2 2 2 2 2 2 2 2 2 2 2 2
left_child=14 2 4 7 17 11 -7 8 9 -4 18 20 15 -10 37 31 26 30 19 -5 -6 25 27 -24 29 -19 -9 -12 -13 -14 -2 32 38 34 -33 -20 -35 -1 -3 -34 -17 -32 -18 44 -26 -31 -47 -42 -45
right_child=1 12 3 10 5 6 -8 16 13 -11 22 28 24 -15 -16 40 42 21 35 -21 -22 -23 23 -25 43 -27 -28 -29 -30 45 41 33 39 36 -36 -37 -38 -39 -40 -41 47 -43 -44 48 -46 46 -48 -49 -50
leaf_value=0 0 0.38836326328000054 0.21722569750319401 -1.3987745806524485 0 -0.010045515505227656 0.0014666442072997312 -0.086544423738707313 0.1084207820699756 -0.10232355781605612 0.19047072244993843 0 0.51022811906331644 -0.032807119817124281 0.1763854983471185 -0.69405462860946754 -1.012465704243195 0.32771799154119902 0.327660297648312 -0.1532894025995381 0 -0.011225786930305381 -1.4342576596614722 -0.56116265966045153 -0.76160852275103763 -0.00057364134078975552 -0.99071487191121788 -1.2873159582759317 -0.18671961370560414 -1.2773393300109428 0.70965426168676904 -0.38706916420801146 -0.59496604047765167 -0.90695552124833345 0.073772479602058072 -2.1722931113676358 -0.66050889888343045 0 -0.19244074202953224 -0.77362191701171057 -1.6588875185805163 -0.015355066174588183 0.11702040684314251 -1.8457652452052196 -1.582882139551625 -0.30231259898394547 -1.5442560773999814 -1.7491895588236019 -3.8176629304746257
leaf_weight=5221.1315743327141 132.11009621620178 59.838468909263611 2446.2211209535599 184.18473941087723 252.53410053253174 134.16385495662689 289.62314927577972 203.74450886249542 30718.605584621429 12078.162892878056 153.27392917871475 3017.0282041430473 50.52307140827179 8483.1035632491112 41.623769760131836 80.619387745857239 45.118791699409485 459.6520928144455 440.85317105054855 3339.8437765836716 737.13535726070404 209.68925720453262 876.26501911878586 1163.5880389809608 53.239769518375397 548.01323169469833 787.77815407514572 96.819710493087769 585.4941229224205 56.966431379318237 40.929164528846741 103.21065944433212 164.34324783086777 484.52609241008759 206.51469391584396 31.862274944782257 399.96196830272675 22465.959926724434 819.91255664825439 281.70840328931808 428.88885992765427 68.678342223167419 207.24941581487656 146.92817002534866 78.774420082569122 42.569448709487915 315.39224582910538 191.09166693687439 947.79543513059616
leaf_count=5228 130 37 1919 47 177 29 66 226 31097 12482 56 1482 31 8330 6 30 33 376 464 2955 715 45 279 622 41 358 609 39 483 30 29 51 126 236 123 17 227 29485 822 265 141 87 252 51 36 49 204 44 255
internal_value=-0.00850745 -0.0016316 -0.000664264 0.000256842 -0.009394 -0.0129805 0.00865986 0.00099881 0.0012727 -0.00136331 -0.00621246 -0.015003 -0.0149428 0.00225216 -0.0265163 -0.0112913 -0.0107339 0.00286076 -0.00262959 -0.00380741 -0.00480318 0.00531512 -0.0124139 -0.0137272 -0.0218166 0.00771153 -0.0138251 -0.00125159 -0.0177724 -0.0142229 -0.0090176 -0.00887613 -0.00593415 -0.0120425 -0.00452369 0.00590812 -0.014543 -0.0265838 -0.0025611 -0.01232 -0.0197967 0.000730669 0.000982979 -0.0245942 -0.0146409 -0.0167732 -0.0185311 -0.0214717 -0.0256796
internal_weight=100373 72644.5 67731.7 61256.7 6475.05 5015.98 423.787 54970 53726.1 14524.4 6286.69 4592.19 4912.8 39201.7 27728.7 3220.62 1243.89 1459.07 3996.74 3524.03 989.669 1217.35 2289.95 2039.85 1692.19 1007.67 991.523 250.094 3602.52 465.451 241.718 2520.02 1325.8 1194.21 309.725 472.715 884.488 27687.1 879.751 446.052 700.6 109.608 252.368 1226.74 132.014 414.928 357.962 619.981 1094.72
internal_count=100922 66203 63404 59427 3977 2952 95 54948 53828 14401 4479 2857 2799 39427 34719 2102 1120 1025 3483 3002 892 779 996 901 697 734 835 95 1965 314 246 1887 1250 637 174 481 463 34713 859 391 215 116 285 383 77 283 253 185 306
is_linear=0
shrinkage=0.0550285


Tree=4
num_leaves=55
num_cat=0
split_feature=7 28 49 1 35 28 29 29 16 0 11 0 35 33 42 45 35 0 51 7 39 49 38 19 49 11 35 11 33 38 33 22 51 22 9 0 22 16 28 38 0 11 11 22 28 27 22 27 19 33 33 9 19 38
split_gain=4387.85 298.608 166.342 90.5241 77.6697 58.9712 43.1822 67.5877 97.711 47.0084 42.4896 41.6133 32.7227 32.0912 29.1029 27.7278 22.3775 22.1685 21.423 18.9049 17.3343 20.9246 35.4514 15.7972 15.7905 14.3336 12.3208 11.916 9.91566 7.6693 7.1143 12.0272 6.51729 5.588 4.69571 4.28173 3.93603 3.56139 3.48355 3.26974 3.09947 3.01928 2.5406 2.87767 2.28413 1.71855 1.39619 1.92377 1.37417 0.860634 0.700046 0.591543 0.498184 0.356839
threshold=1.0000000180025095e-35 33.017747879028327 1.5000000000000002 20.574491500854496 46.329853057861335 14.297486782073976 859.48718261718761 22.22355937957764 -3.498293280601501 0.03824999928474427 0.029491548426449302 0.55950000882148754 12.378100872039797 7.4500000476837167 1.0000000180025095e-35 1.0000000180025095e-35 233.39443969726565 0.042249999940395362 1.0000000180025095e-35 0.015863254666328434 20.002232551574711 1.0000000180025095e-35 -0.83281356096267689 -0.016527885571122166 1.0000000180025095e-35 1.0000000180025095e-35 12.378100872039797 0.01159889902919531 275.27618408203131 0.18100963532924655 218.05000305175784 0.46970856189727789 1.0000000180025095e-35 0.56361523270607006 0.018313605338335041 0.29224999248981481 0.32998028397560125 -3.263633012771606 49.451852798461921 0.13123550266027453 0.074250001460313811 0.034304160624742515 0.003894567373208702 0.32998028397560125 41.897970199584968 0.00073827509186230611 0.3669689148664475 -1.0000000180025095e-35 0.14168315380811694 153.1166687011719 16.250000000000004 0.03182491101324559 -0.044382335618138306 -0.66118007898330677
decision_type=2 2 2 2 2 2 2 2 2 2 2 2 2 2 2 2 2 2 2 2 2 2 2 2 2 2 2 2 2 2 2 2 2 2 2 2 2 2 2 2 2 2 2 2 2 2 2 2 2 2 2 2 2 2
left_child=17 2 4 14 5 11 7 8 -6 28 -9 12 -2 -13 20 16 37 25 23 32 21 27 -23 -7 -20 -1 -16 -3 -8 -11 -28 -32 39 -21 40 49 -18 -4 -36 53 -22 -38 43 -27 -34 -41 47 -44 -39 -17 -35 -48 -37 -5
right_child=1 3 15 19 6 18 9 10 -10 29 -12 13 -14 -15 26 35 36 -19 24 33 34 22 -24 -25 -26 42 30 -29 -30 -31 31 -33 44 50 38 52 41 48 -40 45 -42 -43 46 -45 -46 -47 51 -49 -50 -51 -52 -53 -54 -55
leaf_value=0 0.41782336428020717 -0.034435347061362649 0.10552502204484834 -0.672915028853174 -0.0012569916279951273 0.64607482515753256 0.0014494580866147308 -0.0052297201094431648 0.0032470941911311993 -0.0094927260290633263 -0.59613553560671173 0.32773585850134607 0.094254316930851886 -0.0058395814490746784 -0.55559109986178945 0.25798075143740434 0.19930804350732237 -0.084288197504653758 -0.1455111513712786 -1.4099934652479598 -0.6304390717398376 0.5084972185866703 -0.23611826609433606 -0.064850967292690298 0.037660481659287294 0 -1.5687717023297314 -0.49983067859457964 0.001552051231645578 -0.18686512901223065 -1.5705917358226709 -2.4801059583946117 -0.54436903125520497 -1.5003692777572686 -0.40531764434481737 -0.18648103136375954 0.048379096059067879 0.99668982168576725 -1.2018951665474891 -0.16334817826984341 0.01688084355319238 -0.29697285875482848 0 0 -1.402019582830337 -0.95484630822201511 0 0 0.45013884208574073 -0.011156001137894658 -3.3615533696148332 0 -0.50694167009498992 -0.7791551719348524
leaf_weight=24693.086555659771 2319.5975241661072 644.38153731822968 24.885278344154358 57.479259014129639 804.83985394239426 643.31100654602051 139.68042880296707 3253.0530393123627 14900.701404929161 214.18538421392441 4436.7593386769295 733.43416023254395 12043.327991604805 11905.95310997963 157.29424721002579 31.096318304538727 37.829103767871857 49.040951251983643 5557.2829112410545 239.10447329282761 189.85798245668411 382.30983477830887 1179.2973670959473 1014.4829365611076 1689.0412997603416 26.485138416290283 367.75982576608658 2841.2085661292076 316.60523277521133 94.191986441612244 126.63876122236252 171.75520634651184 49.254544258117676 268.47892445325851 189.17439395189285 27.784327387809753 68.841533899307251 1161.5320681333542 441.51169848442078 79.881667673587799 123.90298306941986 33.321634352207184 70.248367130756378 1843.4623705744743 165.56961393356323 46.024789035320282 2379.124673306942 49.537656784057617 27.26635605096817 37.439554214477539 1089.1890453696251 786.08837389945984 50.641376256942749 99.011966168880463
leaf_count=32179 1384 649 30 34 449 552 60 3454 16867 71 3270 444 10062 13880 46 27 38 16 4552 61 171 182 843 1139 1257 38 108 2082 52 26 38 60 37 103 128 33 81 1449 278 45 121 40 59 2331 97 40 1211 51 38 39 310 187 61 62
internal_value=-0.00853604 -0.00104059 0.000320306 -0.0104565 -0.000130122 0.00149109 -0.00254407 -0.00296847 -0.000890703 0.0102838 -0.00719707 0.00277356 0.00480077 0.000461012 -0.00735466 0.0184111 0.0208871 -0.0262007 -0.00238561 -0.0204911 -0.00599124 -0.0046748 0.000553535 0.00322087 -0.0036837 -0.0262625 -0.0171225 -0.00704823 0.0215361 -0.00602539 -0.020416 -0.0132409 -0.0106758 -0.02347 -0.0128977 -0.0036397 0 0.0232882 -0.0157777 -0.00461846 -0.00672708 -0.00556756 -0.0234291 -0.0212673 -0.0180703 0.00123105 -0.0246194 -0.0155383 0.0237223 0.00527893 -0.0249679 -0.0249233 -0.0127876 -0.0100015
internal_weight=100373 70476.2 61567.1 8909.09 60066.4 35906.4 24160 23395.4 15705.5 764.663 7689.81 27002.3 14362.9 12639.4 6815.09 1500.64 1353.68 29897.1 8904.12 2093.99 5991.64 5047.2 1561.61 1657.79 7246.32 29848 823.448 3485.59 456.286 308.377 666.154 298.394 497.222 1596.77 944.447 146.962 139.992 1213.68 630.686 282.398 313.761 102.163 5154.95 1869.95 214.824 125.906 3285 119.786 1188.8 68.5359 1357.67 3165.21 78.4257 156.491
internal_count=100922 64850 59355 5495 57519 33270 24249 24040 17316 209 6724 25770 11446 14324 4706 1836 1676 36072 7500 789 4454 3756 1025 1691 5809 36056 252 2731 112 97 206 98 315 474 698 160 159 1517 406 181 292 121 3877 2369 134 85 1508 110 1487 66 413 1398 94 96
is_linear=0
shrinkage=0.0550285


Tree=5
num_leaves=53
num_cat=0
split_feature=7 2 49 6 49 45 47 28 47 42 42 45 3 12 16 11 4 34 25 42 34 6 45 54 1 12 3 4 13 54 37 49 13 28 12 38 34 11 33 31 11 12 20 31 7 16 38 33 25 32 54 34
split_gain=4363.19 305.176 168.321 86.0288 70.4726 74.3094 88.3671 61.9972 42.5461 40.864 38.3425 30.623 30.3628 27.8428 23.4185 23.4096 26.021 18.3174 17.8424 16.8706 13.7771 12.9513 12.3792 8.76691 8.40907 7.93925 7.32928 5.87373 9.06427 5.61329 5.09485 4.83432 16.9984 4.44535 3.7301 2.96971 2.90631 2.93819 2.90353 3.88642 2.70012 2.64827 2.3591 2.13528 1.97566 1.88275 1.73651 1.539 6.99599 1.2435 0.357341 0.116829
threshold=1.0000000180025095e-35 18.615480422973636 1.5000000000000002 41.170942306518562 1.0000000180025095e-35 1.0000000180025095e-35 1.0000000180025095e-35 20.831138610839847 1.0000000180025095e-35 1.0000000180025095e-35 1.0000000180025095e-35 1.0000000180025095e-35 37.850957870483406 -0.20418929308652875 -3.498293280601501 0.20678987354040149 48.985910415649421 201.13568878173831 -1.2636415647193641e-07 1.0000000180025095e-35 143.96688079833987 -43.427698135375969 1.0000000180025095e-35 0.66962006688117992 20.574491500854496 -0.62143209576606739 15.221152305603029 13.108928680419924 3.6565427780151372 0.36036570370197302 1.0146436095237734 1.5000000000000002 1.208427965641022 18.763512611389164 -0.5036276876926421 0.85569715499877941 7.5981698036193857 0.010684153065085413 883.24166870117199 534.50000000000011 0.01159889902919531 0.81670379638671886 -1.3728004693984983 16.500000000000004 0.03558055870234967 -2.2027499675750728 0.39725367724895483 54.672618865966804 -0.0083232121542096121 160.50000000000003 0.16562715917825702 29.021732330322269
decision_type=2 2 2 2 2 2 2 2 2 2 2 2 2 2 2 2 2 2 2 2 2 2 2 2 2 2 2 2 2 2 2 2 2 2 2 2 2 2 2 2 2 2 2 2 2 2 2 2 2 2 2 2
left_child=14 2 3 4 7 6 -6 8 -2 -9 -7 17 19 22 18 20 -17 21 25 27 -15 -4 23 -5 36 38 -23 28 35 43 -26 47 -33 -24 -19 -3 -14 -38 39 40 -1 -36 -21 -29 -31 -32 50 48 -27 -39 -13 -48
right_child=1 12 11 13 5 10 -8 9 -10 -11 -12 46 24 15 -16 16 -18 34 -20 42 -22 26 33 -25 30 31 -28 29 -30 44 45 32 -34 -35 41 -37 37 49 -40 -41 -42 -43 -44 -45 -46 -47 51 -49 -50 -51 -52 -53
leaf_value=0 0.0011818778329271858 -0.50758142501461412 -0.036548222911723646 -0.58956410055620434 0.45329441283483568 -0.003634803690746861 0.013797050979026181 -0.2311040895750445 -0.17124102426189855 -1.1713565863810489 -2.4431655848833977 0.19087289864848769 -0.58755486842472004 -0.54024156823412783 -0.11702163453911085 0.19899276628126561 -0.72194118852018752 0.21215620085518849 0 -1.087785991348134 0.023978065501629977 1.0301245083041819 -2.2403063390028497 0.64786998000912877 -3.0818717626483205 0.90889630311621572 0.22101759824754416 -0.63802621096740175 0.084011334117010283 -0.26611799621193255 -0.33310232106468707 0.048297379334860092 0 -0.34801696268216908 -0.16793699333223508 0.23340566224101048 -0.52980556224068409 -1.5856209286374734 0 0.49981592898774457 0 0.21463156024848434 -1.6030444202494918 -0.81274305755067366 0.66347879237991758 -1.459626145179175 -0.52306069419587053 0 0 -0.86481696705704447 -0.16648879347033993 -0.12571632628500351
leaf_weight=57.520382523536682 34017.107059240341 426.68264305591583 51.457057237625122 344.55876314640045 4184.4091489911079 7169.9938126206398 4103.5261788368225 5775.9653189778328 5989.6991541385651 894.11322605609894 270.55450344085693 34.486013770103455 60.164010286331177 1398.9289754033089 91.358450472354889 736.09534847736359 122.04340845346451 47.743634343147278 23253.535472452641 119.81594789028168 355.06033277511597 1191.1482101082802 581.19208353757858 46.64094865322113 1133.3480703830719 33.79066264629364 52.986519992351532 273.64005303382874 59.452045261859894 141.33961206674576 45.113488674163818 78.715973973274231 267.95125877857208 132.75332552194595 51.790730535984039 102.23655170202255 53.372880101203918 257.14973539113998 48.939338266849518 27.895686209201813 63.399688899517059 40.141003310680389 434.16560733318329 430.58067411184311 47.377187490463257 62.948934674263 37.318128407001495 4910.3441284894943 1407.4574260115623 64.067542791366577 38.654658377170563 25.304178535938263
leaf_count=78 32593 362 40 272 3386 7144 4110 4983 5915 365 39 36 25 1306 23 490 50 54 30293 38 380 1438 256 53 314 12 61 161 21 160 35 28 303 74 61 76 55 143 46 35 56 49 112 296 54 36 36 3790 1553 49 48 35
internal_value=-0.00861285 -0.00119159 -0.000347461 -0.000772136 -0.000285812 0.00289746 0.00648286 -0.00136086 -0.000538903 -0.00627361 -0.00108182 0.0174457 -0.0165539 -0.00890464 -0.0261317 -0.00573777 0.00159989 0.0198281 -0.0262162 -0.0119089 -0.0093893 0.0218697 -0.0162784 -0.0079161 -0.0221181 -0.0236109 0.0230018 -0.00870341 -0.00412731 -0.0115876 -0.0245769 -0.0239495 -0.0164559 -0.020689 8.73584e-05 -0.00657121 -0.0148041 -0.0166548 -0.0115259 -0.00655792 -0.0112668 -0.00557305 -0.0202507 -0.013883 -0.00241364 -0.0110808 -0.00689722 -0.0243385 -0.021933 -0.018713 0 -0.0135982
internal_weight=101646 71405.1 67693.7 66122.6 62405.4 15728.5 8287.94 46676.9 40006.8 6670.08 7440.55 1571.03 3711.45 3717.27 30240.9 2612.13 858.139 1435.27 30149.6 2035.29 1753.99 1295.59 1105.15 391.2 1676.16 6896.01 1244.13 1481.31 588.371 892.938 1241.41 6698.26 346.667 713.945 139.675 528.919 434.754 374.59 197.755 148.816 120.92 91.9317 553.982 704.221 188.717 108.062 135.763 6351.59 1441.25 321.217 73.1407 62.6223
internal_count=101428 65211 63274 61416 58535 14679 7496 43856 38508 5348 7183 1858 1937 2881 36217 2226 540 1703 36194 1280 1686 1539 655 325 657 5901 1499 1130 459 671 385 5686 331 330 164 438 272 247 215 169 134 110 150 457 214 71 155 5355 1565 192 84 71
is_linear=0
shrinkage=0.0550285


Tree=6
num_leaves=55
num_cat=0
split_feature=7 2 49 6 1 49 45 47 44 46 27 27 45 5 0 11 4 25 6 6 23 45 34 35 6 5 25 25 9 38 10 35 20 4 14 49 27 6 52 25 10 9 8 15 21 54 27 21 8 52 36 26 23 6
split_gain=4379.65 287.44 160.577 83.951 53.9755 52.7417 59.9515 71.7499 55.1562 53.9001 57.2733 33.8165 30.6401 29.4731 23.4185 17.853 18.9831 17.8424 16.2439 15.0449 14.7097 14.4029 13.8955 13.3796 11.9667 10.1455 9.15169 9.27868 6.62626 5.6382 5.42458 5.19826 4.72229 6.13683 4.68114 4.67102 15.3566 3.96373 3.79049 3.44976 2.96426 3.32428 2.76573 2.55446 1.7586 1.75431 1.55107 1.20988 1.11104 0.929483 0.737388 0.661294 0.507981 0.236635
threshold=1.0000000180025095e-35 14.263868331909181 1.5000000000000002 41.170942306518562 20.574491500854496 1.0000000180025095e-35 1.0000000180025095e-35 1.0000000180025095e-35 1.0000000180025095e-35 1.0000000180025095e-35 -0.00019334172975504768 6.2160733449445629e-08 1.0000000180025095e-35 -3.30163562297821 0.03024999983608723 0.20678987354040149 48.985910415649421 -1.2636415647193641e-07 -4.7117805480957022 1.0000000180025095e-35 0.90320947766304027 1.0000000180025095e-35 201.13568878173831 180.1883239746094 -43.427698135375969 -17.740363121032711 -0.046339258551597588 -0.0053111254237592212 0.021405084989964965 -0.57059913873672474 0.063841201364994063 35.868347167968757 -32.803010940551751 7.2354423999786386 0.64618486166000377 1.5000000000000002 -0.00011511507182149215 7.6964211463928232 1.0000000180025095e-35 -0.0071510537527501574 0.0054746016394346961 1.0000000180025095e-35 0.010874534025788309 53.130611419677741 4.8227491378784189 0.16562715917825702 0.00060524186119437229 3.846182227134705 0.006115419091656805 1.0000000180025095e-35 0.64056271314620983 0.011014184448868038 0.57594311237335216 -21.568032264709469
decision_type=2 2 2 2 2 2 2 2 2 2 2 2 2 2 2 2 2 2 2 2 2 2 2 2 2 2 2 2 2 2 2 2 2 2 2 2 2 2 2 2 2 2 2 2 2 2 2 2 2 2 2 2 2 2
left_child=14 2 3 5 18 9 7 -7 -8 10 -2 -11 22 21 17 23 -17 34 29 25 38 31 24 -15 -4 30 -21 -28 -27 47 -20 -5 53 -34 35 51 -37 -26 46 -22 41 -36 -23 50 49 -14 -6 -3 -47 -24 -40 -1 -48 -31
right_child=1 4 12 13 20 6 8 -9 -10 11 -12 -13 45 15 -16 16 -18 -19 19 26 39 42 44 -25 37 28 27 -29 -30 32 -32 -33 33 -35 40 36 -38 -39 43 -41 -42 -43 -44 -45 -46 48 52 -49 -50 -51 -52 -53 -54 -55
leaf_value=0 0.061619748197088361 -0.76997440620869351 -0.0345370296596108 -1.1140224739594624 -0.72529938929322257 0.4409538328729295 0.10467949418353845 0.018369832880630023 -0.15799038551547745 -0.32732585587573237 -0.0077039528546480806 -0.028634515738271048 0.076733990653700082 -0.51516942297459012 -0.11058211154767203 0.13188529399459412 -0.59693745848035107 0 -1.5374187021629309 0.066025114550405675 -0.85780318102214337 -0.78447292987126127 0.034669006771791189 0.022658588939060122 1.0249629513852403 -0.54915771542853598 -0.80004934510879266 -0.38279357632636751 -1.3280937798431587 0.013647668710934426 0.33899516341558711 -0.13323064535587956 0.36511984073499748 -0.38764469237609417 0 0.10314594407773393 0 0.39264493887170576 -0.5142623486506066 -2.9349239058154888 0 0.18342827128421332 -2.6817032338381308 -0.79130996802579179 0.23414723572393326 -0.1019210226918059 -0.58984655761046301 -0.037139442230053422 -0.38738038041098771 -0.29415377127503051 0.17128349559509004 -8.5407024345846889e-05 -1.111048668816464 0.0050953416933655253
leaf_weight=6347.7660504579544 14142.146012842655 85.158695042133331 51.457057237625122 89.033909320831299 91.132551610469818 4090.4294555187225 4355.287936091423 4038.038265645504 2937.446754693985 3376.8063146471977 25584.496909141541 2752.0901287198067 42.575537264347076 1490.9560453891754 91.358450472354889 775.87339025735855 107.77848535776138 23253.535472452641 46.449226081371307 64.685593605041504 151.33916628360748 81.169809401035309 56.337768197059631 352.95868426561356 1067.1384992599487 207.83017838001251 205.25887668132782 1353.2477411627769 781.24884712696075 51.151893675327301 67.966288149356842 181.7419359087944 125.20624881982803 130.80634599924088 28.791147947311401 58.615339756011963 288.05189299583435 161.65635603666306 70.914443373680115 1171.5817956328392 77.407967686653137 54.70989590883255 417.36110842227936 52.730568110942841 36.179363012313843 38.251338541507721 136.06033372879028 41.723593592643738 54.2380051612854 40.37246435880661 43.024790525436401 40.672251045703888 148.70185995101929 57.086134910583496
leaf_count=5421 14416 60 40 72 70 3343 3992 4069 3090 3473 22158 3235 44 1369 23 528 42 30293 36 29 37 80 71 351 1302 166 91 1202 225 23 43 147 102 101 28 16 315 177 63 270 53 58 137 38 43 38 137 32 72 44 34 10 80 39
internal_value=-0.00857984 -0.0011446 -0.000176243 -0.000596626 -0.0137546 -0.000121486 0.00266028 0.00591176 -0.00094904 -0.00105943 -0.00031541 -0.00586327 0.0173296 -0.00888877 -0.0261317 -0.00614091 0.000169057 -0.0262162 -0.00937094 -0.0110299 -0.0212481 -0.0184678 0.0197432 -0.00922291 0.0215105 -0.016077 -0.0075232 -0.00840885 -0.0178709 0 0 -0.00760624 0.00332385 -0.00034987 -0.0236109 -0.023855 -0.0164559 0.0226107 -0.0131297 -0.0244821 -0.0126286 -0.0036693 -0.0241198 -0.0051637 0.00186171 -0.00707377 -0.0163468 -0.0100972 -0.0113863 -0.00102821 0 -0.0242367 -0.0187084 0.0129444
internal_weight=101646 71405.1 66321.8 64773.6 5083.31 61276.7 15421.2 8128.47 7292.73 45855.5 39726.6 6128.9 1548.21 3496.87 30240.9 2727.57 883.652 30149.6 3217.82 2726.69 1865.49 769.307 1413.14 1843.91 1280.25 1103.49 1623.19 1558.51 989.079 491.133 114.416 270.776 364.251 256.013 6896.01 6735.11 346.667 1228.79 542.565 1322.92 160.909 83.501 498.531 166.67 132.89 135.065 375.895 126.882 92.4893 96.7102 113.939 6388.44 284.762 108.238
internal_count=101428 65211 62333 60502 2878 57776 14494 7412 7082 43282 36574 6708 1831 2726 36217 2290 570 36194 2149 1792 729 436 1677 1720 1519 470 1322 1293 391 357 79 219 265 203 5901 5762 331 1479 422 307 139 86 217 135 158 154 287 92 110 115 97 5431 217 62
is_linear=0
shrinkage=0.0550285


Tree=7
num_leaves=55
num_cat=0
split_feature=7 28 49 24 1 11 1 6 49 23 45 32 20 4 6 25 34 4 10 12 32 13 11 15 13 23 12 6 35 49 39 39 34 13 23 34 2 1 7 37 12 35 2 13 12 25 27 13 35 6 7 12 12 15
split_gain=4360.99 273.508 146.304 103.246 74.3941 60.9969 52.1159 42.9321 73.5455 57.3383 25.9906 24.184 21.7094 19.3664 16.9833 16.5178 15.742 16.9039 13.8597 13.7292 9.99051 9.18153 9.0778 8.95281 8.2963 8.26501 7.40628 7.01585 6.67879 19.2301 6.11583 5.86271 5.8304 5.27917 4.61235 10.0444 4.67788 4.03699 4.01507 3.87464 3.70247 2.89907 2.85033 2.48227 2.26399 2.22912 2.0347 1.55697 1.77391 1.5398 1.52795 0.997423 0.800172 0.59569
threshold=1.0000000180025095e-35 61.77666091918946 1.5000000000000002 24.784466743469242 8.3370246887207049 0.025261835195124153 20.574491500854496 -1.0528625249862669 1.0000000180025095e-35 0.21609170734882358 1.0000000180025095e-35 160.50000000000003 -14.223306179046629 -6.0602989196777335 30.528644561767582 -1.2636415647193641e-07 201.13568878173831 16.778962135314945 0.00081825369852595042 -1.0814263224601743 114.50000000000001 1.0176872014999392 0.01159889902919531 0.99877896904945385 1.0176872014999392 0.90320947766304027 -0.62143209576606739 -43.427698135375969 44.424278259277351 1.5000000000000002 -17.380061149597164 16.368952751159672 101.65377807617189 0.75039613246917736 0.7443651854991914 7.5981698036193857 8.9222459793090838 8.3370246887207049 0.00082657829625532042 0.22478166222572329 -0.5036276876926421 328.30613708496099 3.2468290328979497 0.97280389070510875 0.81670379638671886 -0.0083232121542096121 -0.0015773840132169423 1.0176872014999392 60.803052902221687 26.990034103393558 0.045134454965591438 1.3905817270278933 -0.35562849044799799 6.122572898864747
decision_type=2 2 2 2 2 2 2 2 2 2 2 2 2 2 2 2 2 2 2 2 2 2 2 2 2 2 2 2 2 2 2 2 2 2 2 2 2 2 2 2 2 2 2 2 2 2 2 2 2 2 2 2 2 2
left_child=15 2 3 5 7 11 20 8 -5 -9 16 18 23 14 -7 26 17 27 -2 -15 22 -14 42 -6 30 39 41 -4 29 45 -22 32 -26 -32 36 -36 -24 -19 -13 -8 -18 47 -3 -44 -42 -28 -12 -1 -49 -41 51 -27 -48 -50
right_child=1 6 10 4 12 13 25 9 -10 -11 46 38 21 19 -16 -17 40 37 -20 -21 24 -23 34 -25 31 50 28 -29 -30 -31 33 -33 -34 -35 35 -37 -38 -39 -40 49 44 -43 43 -45 -46 -47 52 48 53 -51 -52 -53 -54 -55
leaf_value=0.10619040938401714 -0.38211767370492616 0.49462192036725666 -0.0018951682585703752 0.0034273114171011142 0.017265964290486883 -0.30810004117431938 -1.0370134620503269 0.040870154779077524 0.27444112038468005 -0.0082707704331537804 -0.28478627234208498 0.55949740523294444 -0.65742988490971499 -0.26062046178716031 -1.3792745949976082 0 0.2248678376260122 0.28938865078374931 0.21002946604843994 -2.0468000466073319 0.36060019541283039 -0.31286100166510228 -0.10985167653890184 -0.30174820280352399 -0.22696003983690011 -2.0712711339340575 0 0.9287298927782357 0 -0.032175675868639161 0.30115260614247397 -0.60477798122562321 0.44727291389903123 -1.1007628303657835 -1.6087219943735747 -1.4943246981674381 -0.9801537642586029 -0.37513038529910742 -0.29663128595507487 -0.075963852086551459 -0.14250883968748732 0 -0.53172799943574789 -0.0041068156476452939 0.14504749351773127 0 0.087319847152496341 0.15306152518025729 0 -0.74776538114212676 -3.0961401236112347 -2.0896103380931259 -0.34687489073003142 0
leaf_weight=44.29384309053421 84.634998440742493 63.616003334522247 42.600387811660767 16290.620880305767 973.68164759874344 2494.7491774559021 155.08773553371429 15063.162531793118 7065.1271238923073 18130.422638654709 63.851074039936066 25.895108580589294 1013.4261156916618 253.63921099901199 345.37636232376099 23336.783011972904 47.743634343147278 57.563454747200012 651.13800340890884 722.02007460594177 46.483695328235626 761.97129857540131 166.58152091503143 1479.3345121145248 85.832302093505859 104.5547222495079 153.79449284076691 1177.8726236820221 4897.0988821983337 99.269346356391907 45.558365523815155 56.40822696685791 131.30431818962097 378.01145732402802 138.36794948577881 837.75401985645294 227.65835696458817 37.462171316146851 533.42610454559326 46.221459865570068 51.790730535984039 58.199935078620911 91.119283437728882 67.930323541164398 42.915921151638031 1549.2311002612114 33.716309785842896 30.797867596149445 38.975536525249481 90.21809583902359 1040.6921838521957 149.53830718994141 38.04628324508667 32.464452803134918
leaf_count=53 14 50 39 17536 665 2577 100 17572 6816 12517 71 28 549 99 166 30305 54 70 288 172 12 695 137 1059 37 39 29 1418 4168 56 37 33 83 264 43 394 145 29 717 33 61 56 73 55 53 1434 32 36 41 71 198 58 52 39
internal_value=-0.00861727 -0.00119788 -0.000374956 -0.000775134 -0.000141557 -0.0082865 -0.015322 0.0003831 0.00219198 -0.00088638 0.0160922 0.00195869 -0.00718259 -0.0117922 -0.00940949 -0.0261317 0.0182548 0.0201372 0.00857515 -0.0185988 -0.0100055 -0.0118452 -0.012504 -0.00375965 -0.00449568 -0.0230724 -0.0236155 0.0218828 -0.0239501 -0.0206797 -0.00898106 0.00281567 0.00724614 -0.0111784 -0.0141899 -0.0163562 -0.00851997 -0.00113162 -0.00654844 -0.0137465 8.56685e-05 -0.0120681 -0.00161917 -0.00594636 -0.00541146 -0.0220575 -0.00631581 -0.00675099 -0.0105261 -0.00573319 -0.025075 -0.0191497 0 -0.0152334
internal_weight=101646 71405.1 67482.2 65888.6 60777.7 5110.88 3922.94 56549.3 23355.7 33193.6 1593.56 1295.09 4228.41 3815.78 2840.13 30240.9 1457.95 1315.5 735.773 975.659 2336.63 1775.4 1593.03 2453.02 743.598 1586.31 6904.13 1220.47 6699.39 1802.29 470.054 273.545 217.137 423.57 1370.36 976.122 394.24 95.0256 559.321 291.527 142.45 204.732 222.666 159.05 94.7067 1703.03 135.614 146.532 102.238 136.44 1294.79 254.093 71.7626 71.44
internal_count=101428 65211 63349 61470 57409 4061 1862 54441 24352 30089 1879 1047 2968 3014 2743 36217 1724 1556 302 271 1363 1244 897 1724 466 499 5912 1457 5687 1519 313 153 120 301 719 437 282 99 745 204 168 225 178 128 114 1463 155 169 116 104 295 97 84 80
is_linear=0
shrinkage=0.0550285


Tree=8
num_leaves=54
num_cat=0
split_feature=8 2 16 49 24 22 4 29 38 19 2 16 8 46 34 27 2 25 6 42 26 6 42 22 34 20 49 33 52 52 29 25 29 11 34 27 20 35 11 33 24 5 2 20 52 38 22 33 35 38 33 33 35
split_gain=4157.15 241.38 171.079 136.834 114.359 81.985 71.6011 61.3564 47.9663 38.3212 29.8829 25.6196 25.5671 21.2134 18.922 18.7883 16.1676 15.2433 14.8775 12.002 11.8565 10.776 10.4284 8.38398 6.60636 6.55721 6.1514 13.2011 6.0763 5.88758 5.6132 7.49619 7.62629 5.54376 3.97578 3.97211 2.62808 2.50593 2.49716 2.18065 2.11623 2.11397 1.95536 1.9019 1.60912 1.31838 1.18505 1.17679 0.625302 1.19725 0.322291 0.441957 0.224987
threshold=1.0000000180025095e-35 18.615480422973636 -3.498293280601501 1.5000000000000002 24.784466743469242 0.32998028397560125 16.778962135314945 11.112301826477053 -0.43234731256961817 0.32100288569927221 -12.494087219238279 -3.498293280601501 0.052846597507596023 1.0000000180025095e-35 48.877338409423835 0.0010786501225084069 -3.5075715780258174 1.0000000180025095e-35 5.9068326950073251 1.0000000180025095e-35 -2.9884361651966167e-08 -43.427698135375969 1.0000000180025095e-35 0.25328645110130316 201.13568878173831 -1.3728004693984983 1.5000000000000002 187.94999694824222 1.0000000180025095e-35 1.0000000180025095e-35 9.3343019485473651 -0.046339258551597588 123.85357666015626 0.32126080989837652 94.406280517578139 -4.6635750550194637e-05 -51.602212905883782 14.61741352081299 0.009117066394537689 54.672618865966804 39.535881042480476 61.921031951904304 5.8836364746093759 6.7344603538513192 1.0000000180025095e-35 0.60226708650589 0.40210592746734625 28.845238685607914 60.803052902221687 0.13123550266027453 49.216667175292976 20.550000190734867 6.9976561069488534
decision_type=2 2 2 2 2 2 2 2 2 2 2 2 2 2 2 2 2 2 2 2 2 2 2 2 2 2 2 2 2 2 2 2 2 2 2 2 2 2 2 2 2 2 2 2 2 2 2 2 2 2 2 2 2
left_child=11 2 5 4 7 23 8 16 -6 19 14 20 -9 15 -7 -12 -4 -8 21 30 26 -5 -15 35 -23 -21 46 39 41 37 36 43 -33 42 -31 47 -3 -25 -30 -28 -27 45 -20 -32 -38 52 -1 -2 49 -40 51 -48 -11
right_child=1 9 3 18 6 10 17 12 -10 28 13 -13 -14 22 -16 -17 -18 -19 33 25 -22 24 -24 29 -26 40 27 -29 38 34 31 32 -34 -35 -36 -37 44 -39 48 -41 -42 -43 -44 -45 -46 -47 50 -49 -50 -51 -52 -53 -54
leaf_value=0 -0.021296740971572258 0.20074212932475535 0.48722742715262185 -0.088324970117305474 -0.045317164968795627 -0.0040547048133953807 -0.46967885253168773 -0.3014988189319322 0.071817542838599494 -1.4730041011694979 -8.0707205384408264e-05 -0.14894022109804675 -0.88838109147606326 0 0.0021815729738714263 -0.0023857247325761374 0.014351381119680338 -0.28277552938981626 0.3199316868116816 -0.89637228540370495 0 0.88038464915215353 0.0082294402083805136 -0.0099201002965595957 0.057870567473155131 -1.2947854261521392 0.0017705786228095822 0 -0.10904303011021357 -0.0068425626882874157 -0.17241320564022811 -0.4358419688614254 -0.80945235900192503 -0.20627109643834884 0 0.14974111318555983 -0.26281268963863502 0.18768259847454757 -1.1398645074227876 0 -2.229188435174029 -2.8754905518399871 -0.077582728752393373 0.083163404644309324 0.096415733367756301 -0.80914205275788131 0 0.013321911167213825 -1.8750606611311083 -0.69248607782168192 0 0 -1.2935491272180468
leaf_weight=50.11982136964798 32.989252865314484 65.333828806877136 199.11274582147598 68.958113431930542 20878.310048282146 146.38946449756622 1211.9825727343559 2388.719539642334 32596.915061473846 76.199424624443054 2902.8429039716721 84.634998440742493 1965.0350363850594 269.44193118810654 152.69431626796722 280.0057687163353 330.32704675197601 3419.8073436021805 211.98833751678467 119.81594789028168 22600.428461432457 1098.105187356472 102.70327472686768 37.118971824645996 76.696776151657104 229.95673185586929 36.033196747303009 233.31988275051117 45.562743306159973 62.74931138753891 66.355125844478607 874.33088171482086 256.33213001489639 39.70995169878006 97.091399669647217 124.85247761011124 95.798419594764709 209.52069526910782 43.74116188287735 96.754415273666382 204.208875477314 908.11600828170776 56.20912754535675 68.307531774044037 54.850848972797394 108.57814514636993 363.55295342206955 159.46940869092941 163.7285128235817 51.366347312927246 4558.5255945920944 791.46480250358582 278.87231892347336
leaf_count=48 23 47 61 55 20696 41 533 2342 31641 28 1419 14 1423 198 57 68 148 3055 248 38 29573 1327 44 18 91 48 40 275 49 33 26 774 87 43 97 76 100 171 29 70 64 245 71 34 62 52 518 164 92 38 3942 868 124
internal_value=-0.00862696 -0.00162537 -0.000889483 -0.000158561 -0.000558039 -0.0111682 0.000119866 -0.0086456 0.00069027 -0.0152965 -0.0143671 -0.0263194 -0.0108081 -0.015776 0.00200893 -0.0172369 0.00891655 -0.00644057 0.0159773 -0.0101115 -0.0264089 0.0186885 -0.0029732 0.00571017 0.0199359 -0.0171722 -0.0240713 -0.0161281 -0.0215171 0.000194096 -0.0073869 -0.00879072 -0.0102744 0.00464456 -0.00771784 0.0124078 0.000332716 0.0057765 -0.0134899 -0.00135895 -0.0203981 -0.023207 0.00775705 0.00283966 -0.00312772 -0.0189699 -0.0245539 0.00652088 -0.0155881 -0.00909076 -0.0246526 -0.0224301 -0.0210618
internal_weight=101646 72831.2 69119.7 64541.9 62990.2 4577.87 58107 4883.19 53475.2 3711.45 3854.08 28814.8 4353.75 3554.99 299.084 3182.85 529.44 4631.79 1551.67 2035.29 28730.2 1243.76 372.145 723.792 1174.8 553.982 6129.77 366.107 1676.16 406.48 1481.31 1265.33 1130.66 307.907 159.841 317.311 215.983 246.64 304.399 132.788 434.166 1371.77 268.197 134.663 150.649 463.65 5763.66 192.459 258.836 95.1075 5713.54 1155.02 355.072
internal_count=101428 66080 64143 61734 59899 2409 55925 3974 52337 1937 1827 35348 3765 1729 98 1487 209 3588 1835 1280 35334 1473 242 582 1418 150 5761 385 657 319 1130 921 861 362 130 263 209 189 208 110 112 449 319 60 162 204 5376 187 159 67 5328 1386 152
is_linear=0
shrinkage=0.0550285


Tree=9
num_leaves=50
num_cat=0
split_feature=8 28 49 7 46 24 16 22 28 8 18 22 0 32 27 22 8 16 27 34 28 8 32 37 27 38 0 16 24 27 36 9 22 38 32 4 27 18 22 8 22 5 36 35 10 10 8 22 49
split_gain=4404.67 264.345 119.294 122.997 79.2409 76.6048 83.7776 75.8339 73.2876 54.4406 47.9807 26.556 25.6196 24.2982 21.8116 18.2459 11.1964 13.5689 10.9546 10.4874 11.926 9.07538 10.7892 7.77707 7.27463 6.81761 6.29958 5.88833 6.13902 3.75934 3.64463 3.20247 3.09889 3.08629 2.71518 4.09082 2.46703 3.70257 2.29783 1.57037 1.3239 1.30276 1.25057 0.907835 0.897194 10.1646 0.876562 0.864002 0.547853
threshold=1.0000000180025095e-35 61.77666091918946 1.5000000000000002 1.0000000180025095e-35 1.0000000180025095e-35 29.035779953002933 -3.3740954399108882 0.41318061947822576 20.831138610839847 0.038775276392698295 0.18709755688905719 0.32998028397560125 0.03024999983608723 170.50000000000003 -0.0057938392274081698 0.22678823024034503 0.40730327367782598 -0.53358298540115345 0.028976769186556343 201.13568878173831 25.367726325988773 0.021330021321773533 127.50000000000001 1.0146436095237734 6.6720495794925238e-10 -0.83281356096267689 0.11425000056624414 -3.263633012771606 41.068443298339851 -1.0000000180025095e-35 0.51092442870140087 0.01268317084759474 0.67067122459411632 -0.37941722571849817 22.500000000000004 31.240141868591312 0.10603060573339464 0.0053628417663276204 0.3669689148664475 0.0019159896764904263 0.40210592746734625 9.091863155364992 0.03079536929726601 100.91706466674806 0.029938749969005588 0.027476907707750801 0.08823010697960855 0.37884327769279486 1.5000000000000002
decision_type=2 2 2 2 2 2 2 2 2 2 2 2 2 2 2 2 2 2 2 2 2 2 2 2 2 2 2 2 2 2 2 2 2 2 2 2 2 2 2 2 2 2 2 2 2 2 2 2 2
left_child=12 2 3 4 11 9 7 -7 -8 13 16 43 24 -5 -13 -11 17 21 25 20 27 26 -23 34 29 -19 -3 -4 -29 44 32 -25 -22 -20 35 -12 -18 -38 -21 47 -26 42 -40 -2 45 -1 -37 -6 -42
right_child=1 10 19 5 39 6 8 -9 -10 15 23 14 -14 -15 -16 -17 36 18 33 38 30 22 -24 31 40 -27 -28 28 -30 -31 -32 -33 -34 -35 -36 46 37 -39 41 -41 48 -43 -44 -45 -46 -47 -48 -49 -50
leaf_value=0 -0.0068880487845925653 -0.70098465296156565 0.048154212724013011 0.031888607385182996 0 0.0050476463624477318 0.052748486471154508 -0.0016957790710533732 -0.17997965537369104 -0.37506597740886544 -0.6108729994073725 4.4411950550389299e-06 -0.14074426671842896 -0.26382595677386322 4.4411950550389299e-06 -1.0520645342072967 -1.222367081452892 0.66976456648631388 -0.79719338332798995 0.19585172520467831 0.47134680132761925 -1.536720347975844 -0.47039988983290826 0.18188654782478322 0 0.22076894545098841 -0.00036640324869619115 0.35503430128256858 0.84825096302332492 0 -0.39049989059377105 -1.4509065626632096 -0.012122813773646357 -0.010718775961534508 -2.5707314662628393 -1.0775068708615207 -0.92399416183746885 0.081957735394778242 -0.1643115902833959 0 0 1.0796238491187986 0.010521211735971994 -0.00073308455815926442 0 -0.0058071677866972258 -1.6258841232618835 0 0
leaf_weight=229.13706374168396 27.628574907779694 684.37381988763809 62.755803108215332 2047.6192547678947 22.165018200874329 1513.6807695031166 43701.563585698605 2567.7355640530586 11024.773776352406 1696.567318379879 96.005795657634735 211.2190837264061 84.634998440742493 1912.5480129718781 955.21397703886032 1424.1375072598457 236.32706159353256 68.103151023387909 53.89017641544342 39.653782188892365 52.230645895004272 530.69925433397293 332.72465604543686 48.74714595079422 37.325324416160583 132.03258883953094 158.53923434019089 191.29772573709488 1057.2855269312859 22231.605935394764 31.327499687671661 99.110988080501556 77.011149942874908 45.437283039093018 1039.4090383648872 85.578603029251099 48.503111183643341 45.995486259460449 47.307848393917084 102.25957363843918 5488.4619547128677 28.025805652141571 33.706414937973022 53.487892627716064 338.71250528097153 39.662152767181396 217.46093344688416 27.060610234737396 365.29419177770615
leaf_count=284 28 514 58 1305 29 1218 44131 1210 8840 1669 43 49 14 2317 590 780 61 16 25 46 47 245 186 37 30 78 125 238 1263 29046 21 53 88 45 255 48 31 37 57 64 5435 32 42 59 98 6 63 37 435
internal_value=-0.00810799 -0.000901085 -0.000108365 -0.00046538 0.0156707 -0.000809905 -0.000156858 -0.0077627 0.000408496 -0.00621724 -0.014794 0.0202808 -0.0263194 -0.0018998 0.0224259 -0.0116584 -0.00968904 -0.00803966 0.00246632 0.0146382 0.0160459 -0.00994829 -0.0140021 -0.0222333 -0.0264089 0.0101673 -0.00565372 0.0177858 0.0186142 -0.0269103 0.00113339 -0.0088792 0.00584817 -0.0119001 -0.0235224 -0.0184128 -0.0193032 -0.00943229 0 -0.0214585 -0.0244419 -0.00342395 -0.00752788 -0.00912176 -0.0215339 -0.0172803 -0.0217416 -0.00912891 -0.0245244
internal_weight=101646 72831.2 68908.3 67287.7 1399.03 65888.6 58807.8 4081.42 54726.3 7080.87 3922.94 1247.55 28814.8 3960.17 1166.43 3120.7 2336.63 2005.8 299.463 1620.6 1471.91 1706.34 863.424 1586.31 28730.2 200.136 842.913 1311.34 1248.58 22839.1 160.569 147.858 129.242 99.3275 1438.45 399.045 330.826 94.4986 148.694 151.485 5891.08 109.04 81.0143 81.1165 607.512 268.799 303.04 49.2256 5853.76
internal_count=101428 66080 64218 62326 856 61470 55399 2428 52971 6071 1862 726 35348 3622 639 2449 1363 1234 164 1892 1715 1070 431 499 35334 94 639 1559 1501 29434 156 90 135 70 409 154 129 68 177 130 5900 131 99 87 388 290 111 66 5870
is_linear=0
shrinkage=0.0550285


end of trees

feature_importances:
return_60d=28
price_std_60d=26
volume_std_60d=22
distance_to_support=21
bb_pct_b=20
volume_std_30d=20
macd_line=19
macd_histogram=17
volume_mean_30d=17
events_next_30d_game_update=17
return_1d=15
return_3d=15
price_zscore_30d=15
volume_zscore_30d=15
price_log=14
bb_width=14
macd_signal=14
price_lag_1d=13
return_14d=13
price_std_14d=13
rsi_14=13
price_std_7d=10
price_std_30d=10
volume_lag_7d=10
events_next_30d_major=9
return_30d=8
price_std_20d=8
log_return_7d=8
distance_to_resistance=8
macd_missing=8
item_type_sticker=8
item_volume_vs_market_30d=8
vol_regime_60_30=7
autocorr_1d=7
volume_log_change_7d=6
log_return_1d=5
volume_lag_1d=5
events_next_30d_case_drop=5
return_7d=4
volume_price_conf_7d=4
events_next_30d_operation=4
item_type_skin=4
price_accel_7d=3
volume_log_change_1d=3
autocorr_7d=2
trend_divergence_30_60=1
dow_sin=1
dow_cos=1

parameters:
[boosting: gbdt]
[objective: quantile]
[metric: quantile]
[tree_learner: serial]
[device_type: cpu]
[data_sample_strategy: bagging]
[data: ]
[valid: ]
[num_iterations: 1000]
[learning_rate: 0.0550285]
[num_leaves: 55]
[num_threads: -1]
[seed: 73]
[deterministic: 0]
[force_col_wise: 0]
[force_row_wise: 0]
[histogram_pool_size: -1]
[max_depth: 7]
[min_data_in_leaf: 30]
[min_sum_hessian_in_leaf: 0.001]
[bagging_fraction: 0.7]
[pos_bagging_fraction: 1]
[neg_bagging_fraction: 1]
[bagging_freq: 5]
[bagging_seed: 5921]
[bagging_by_query: 0]
[feature_fraction: 0.65]
[feature_fraction_bynode: 1]
[feature_fraction_seed: 22355]
[extra_trees: 0]
[extra_seed: 3536]
[early_stopping_round: 0]
[early_stopping_min_delta: 0]
[first_metric_only: 0]
[max_delta_step: 0]
[lambda_l1: 2]
[lambda_l2: 1]
[linear_lambda: 0]
[min_gain_to_split: 0.1]
[drop_rate: 0.1]
[max_drop: 50]
[skip_drop: 0.5]
[xgboost_dart_mode: 0]
[uniform_drop: 0]
[drop_seed: 14602]
[top_rate: 0.2]
[other_rate: 0.1]
[min_data_per_group: 100]
[max_cat_threshold: 32]
[cat_l2: 10]
[cat_smooth: 10]
[max_cat_to_onehot: 4]
[top_k: 20]
[monotone_constraints: ]
[monotone_constraints_method: basic]
[monotone_penalty: 0]
[feature_contri: ]
[forcedsplits_filename: ]
[refit_decay_rate: 0.9]
[cegb_tradeoff: 1]
[cegb_penalty_split: 0]
[cegb_penalty_feature_lazy: ]
[cegb_penalty_feature_coupled: ]
[path_smooth: 0]
[interaction_constraints: ]
[verbosity: -1]
[saved_feature_importance_type: 0]
[use_quantized_grad: 0]
[num_grad_quant_bins: 4]
[quant_train_renew_leaf: 0]
[stochastic_rounding: 1]
[linear_tree: 0]
[max_bin: 63]
[max_bin_by_feature: ]
[min_data_in_bin: 3]
[bin_construct_sample_cnt: 200000]
[data_random_seed: 277]
[is_enable_sparse: 1]
[enable_bundle: 1]
[use_missing: 1]
[zero_as_missing: 0]
[feature_pre_filter: 0]
[pre_partition: 0]
[two_round: 0]
[header: 0]
[label_column: ]
[weight_column: ]
[group_column: ]
[ignore_column: ]
[categorical_feature: ]
[forcedbins_filename: ]
[precise_float_parser: 0]
[parser_config_file: ]
[objective_seed: 8155]
[num_class: 1]
[is_unbalance: 0]
[scale_pos_weight: 1]
[sigmoid: 1]
[boost_from_average: 1]
[reg_sqrt: 0]
[alpha: 0.5]
[fair_c: 1]
[poisson_max_delta_step: 0.7]
[tweedie_variance_power: 1.5]
[lambdarank_truncation_level: 30]
[lambdarank_norm: 1]
[label_gain: ]
[lambdarank_position_bias_regularization: 0]
[eval_at: ]
[multi_error_top_k: 1]
[auc_mu_weights: ]
[num_machines: 1]
[local_listen_port: 12400]
[time_out: 120]
[machine_list_filename: ]
[machines: ]
[gpu_platform_id: -1]
[gpu_device_id: -1]
[gpu_use_dp: 0]
[num_gpu: 1]

end of parameters

pandas_categorical:[]
