tree
version=v4
num_class=1
num_tree_per_iteration=1
label_index=0
max_feature_idx=19
objective=quantile
feature_names=event_decay_major event_density_30d_major event_density_90d_major event_decay_operation event_density_30d_operation event_density_90d_operation event_decay_case_drop event_density_30d_case_drop event_density_90d_case_drop event_decay_update event_density_30d_update event_density_90d_update event_decay_game_update event_density_30d_game_update event_density_90d_game_update event_decay_major_weighted event_decay_operation_weighted event_decay_case_drop_weighted event_decay_update_weighted event_decay_game_update_weighted
feature_infos=[0.031220927834510803:0.98347145318984985] [0:2] [0:3] [1.5229979055675358e-08:0.95349693298339844] [0:1] [0:1] [0:0.93106275796890259] [0:1] [0:3] none none none [0:0.86687791347503662] [0:2] [0:3] [0:0.98347145318984985] [0:0.95349693298339844] [0:0.93106275796890259] none [0:0.26006338000297546]
tree_sizes=1849 1921 1904 1799 1895 1917 1910 1904 1916

Tree=0
num_leaves=16
num_cat=0
split_feature=0 0 19 19 16 3 0 12 16 0 3 6 12 12 19
split_gain=248.01 147.032 97.479 92.8569 62.3317 57.9092 63.8641 49.8339 33.5829 28.6501 135.149 33.6563 24.19 19.1446 2.28631
threshold=0.059310715645551688 0.048559507355093963 1.0000000180025095e-35 5.6753237664963771e-09 1.0000000180025095e-35 0.32668325304985052 0.039757162332534797 0.0020057506626471881 0.00026261518360115593 0.52643263339996349 6.1887472838861881e-05 1.0000000180025095e-35 0.0011326837702654304 5.409343459272798e-11 0.0002553558442741633
decision_type=2 2 2 2 2 2 2 2 2 2 2 2 2 2 2
left_child=1 5 9 13 12 6 -1 -5 -6 11 -11 -2 -3 -4 -7
right_child=2 4 3 7 8 14 -8 -9 -10 10 -12 -13 -14 -15 -16
leaf_value=-15.579909728106813 -14.715157538839838 -17.14320874184034 -15.334062531325522 -14.978745901969234 -16.282822719137766 -14.696017330861473 -18.042995612528927 -15.439616949550903 -15.833085881767275 -15.872770820491978 -14.911212804205629 -15.140627533419766 -15.521577658545693 -16.073007593260272 -15.493599228631007
leaf_weight=3302.3188323378563 65273.34248560667 925.50068414211273 1897.0557740330696 34303.436437904835 1460.5396022796631 3068.9975452423096 2367.3778773546219 63558.320194840431 916.23234003782272 8342.6017482280731 58131.972218215466 24922.46989941597 973.39879268407822 7422.0182605981827 322.68767523765564
leaf_count=3464 62489 1072 1759 32289 1489 3379 2318 55746 944 8210 67695 28259 1230 6517 298
internal_value=-15.1899 -15.2004 -15.1894 -15.1912 -15.2124 -15.1947 -15.1996 -15.1905 -15.2209 -15.1881 -15.1894 -15.1872 -15.2017 -15.1987 -15.1866
internal_weight=277188 13337.1 263851 107181 4275.67 9061.38 5669.7 97861.8 2376.77 156670 66474.6 90195.8 1898.9 9319.07 3391.69
internal_count=277158 14194 262964 96311 4735 9459 5782 88035 2433 166653 75905 90748 2302 8276 3677
is_linear=0
shrinkage=1


Tree=1
num_leaves=16
num_cat=0
split_feature=19 3 3 3 1 16 16 15 19 19 16 3 3 19 13
split_gain=69.1272 131.116 97.8811 93.7043 139.307 86.9324 149.571 51.7757 43.7527 37.1019 25.9601 14.4654 4.55842 3.20254 0.844236
threshold=0.00060172524536028515 7.8760091781759924e-08 0.001503865350969136 0.00034364305611234164 1.0000000180025095e-35 0.0024621372576802973 0.0063815480098128327 0.49803984165191656 1.0000000180025095e-35 0.0033412043703719978 0.0016821577446535232 2.4696917932942602e-07 0.0059834124986082324 0.00251083925832063 1.0000000180025095e-35
decision_type=2 2 2 2 2 2 2 2 2 2 2 2 2 2 2
left_child=2 9 3 8 -5 11 -7 10 -1 13 -4 -3 -9 -2 -11
right_child=1 5 7 4 -6 6 -8 12 -10 14 -12 -13 -14 -15 -16
leaf_value=0.13272860527980399 -0.88229159602137963 -0.22462574956894171 0.89154084862691241 -1.5147965739169724 -0.26384398965921146 -2.1136534806641403 -0.030335110210468221 -0.33364166718647559 -0.29483009649437752 -0.35018239641608562 0.24128584138799489 0.18343308989000215 0.020093916733845973 -0.87608689805280215 -0.051414589762189128
leaf_weight=75446.006923377514 903.13460326194763 2338.1611541509628 36135.43774998188 5456.2859276533127 10926.016380131245 11019.981194734573 19358.803167581558 5062.0956188440323 21915.446781516075 166.9777022600174 34783.708955168724 30310.010829985142 22897.859042048454 200.46810036897659 267.87623709440231
leaf_count=75714 796 2442 43866 5898 11097 8553 17783 5483 20897 181 30558 26402 27004 199 285
internal_value=6.81645e-05 -0.00218793 0.000753443 -0.000821294 -0.0063302 -0.00163285 -0.00466431 0.00256531 0.000105273 -0.0248949 0.00369656 0.00118672 -0.000302663 -0.032574 -0.00530086
internal_weight=277188 64565.4 212623 113744 16382.3 63027 30378.8 98879.1 97361.5 1538.46 70919.1 32648.2 27960 1103.6 434.854
internal_count=277158 56641 220517 113606 16995 55180 26336 106911 96611 1461 74424 28844 32487 995 466
is_linear=0
shrinkage=0.0787314


Tree=2
num_leaves=16
num_cat=0
split_feature=0 0 19 19 3 12 16 0 16 0 3 12 12 12 19
split_gain=170.58 105.227 70.9462 69.4367 41.4817 38.1591 36.3793 35.9758 23.7619 23.4024 115.502 22.2051 17.8961 14.85 2.01967
threshold=0.059310715645551688 0.048559507355093963 1.0000000180025095e-35 5.6753237664963771e-09 0.32668325304985052 0.0035517732612788682 1.0000000180025095e-35 0.039757162332534797 0.00026261518360115593 0.52643263339996349 6.1887472838861881e-05 1.0000000180025095e-35 0.0011326837702654304 5.409343459272798e-11 0.00033980513399001216
decision_type=2 2 2 2 2 2 2 2 2 2 2 2 2 2 2
left_child=1 4 9 13 7 -5 12 -1 -8 11 -11 -2 -3 -4 -6
right_child=2 6 3 5 14 -7 8 -9 -10 10 -12 -13 -14 -15 -16
leaf_value=-0.36977786840191035 0.43002341023308888 -1.6802843188454768 -0.10962427726007813 0.16359476051293836 0.38308246067854806 -0.23676801150498827 -0.89058614972021488 -2.5092297432920514 -0.56178543174203255 -0.63958160797562269 0.2569171336568089 0.10994304000674834 -0.32216374429816885 -0.79039118769458283 -0.43321172318481954
leaf_weight=3302.3188323378563 58969.713270127773 925.50068414211273 1897.0557740330696 38939.469835460186 3290.2461535930634 58922.28679728508 1460.5396022796631 2367.3778773546219 916.23234003782272 8342.6017482280731 58131.972218215466 31226.099114894867 973.39879268407822 7422.0182605981827 101.43906688690186
leaf_count=3464 54506 1072 1759 36393 3585 51642 1489 2318 944 8210 67695 36242 1230 6517 92
internal_value=0.000118971 -0.00856777 0.00055823 -0.00100241 -0.0037581 -0.000383581 -0.01875 -0.00787991 -0.025253 0.00162614 0.000504536 0.00245233 -0.0105852 -0.00749633 0.00312064
internal_weight=277188 13337.1 263851 107181 9061.38 97861.8 4275.67 5669.7 2376.77 156670 66474.6 90195.8 1898.9 9319.07 3391.69
internal_count=277158 14194 262964 96311 9459 88035 4735 5782 2433 166653 75905 90748 2302 8276 3677
is_linear=0
shrinkage=0.0787314


Tree=3
num_leaves=15
num_cat=0
split_feature=0 0 15 4 19 15 16 19 19 19 16 16 0 15
split_gain=141.461 89.8243 76.313 82.276 60.0819 111.97 82.4112 54.294 33.0304 32.4193 20.5684 13.7354 10.1557 6.30273
threshold=0.059310715645551688 0.048559507355093963 0.036201631650328643 1.0000000180025095e-35 1.0000000180025095e-35 0.05249301344156266 1.0000000180025095e-35 5.6753237664963771e-09 0.0010655319783836605 0.00060172524536028515 1.3343175009339349e-08 1.0000000180025095e-35 0.08277477324008943 1.0000000180025095e-35
decision_type=2 2 2 2 2 2 2 2 2 2 2 2 2 2
left_child=1 2 13 -4 5 6 -2 12 11 -9 -7 -3 -6 -1
right_child=4 8 3 -5 7 10 -8 9 -10 -11 -12 -13 -14 -15
leaf_value=0.16556282919798226 1.0544958470053549 -1.0231173953584685 -3.0279527466242961 0.35273363626723175 -0.13862150146170016 -0.13216859719190152 0.13009613816790455 0.17833564531500168 -0.8827827168387532 -0.19527196205213479 0.63339225977753899 -0.67895018677916141 -0.74937836308957029 -0.86701405273590326
leaf_weight=6146.138579428196 38923.325241923332 1898.8994768261909 1298.6511600017548 841.25957149267197 2472.5990269780159 72557.822055637836 43122.15327423811 34303.436437904835 577.36175310611725 63558.320194840431 2067.0857796669006 1799.4101892113686 6846.4750076532364 775.33261924982071
leaf_count=6568 47089 2302 957 1071 2241 81513 35508 32289 500 55746 2543 1933 6035 863
internal_value=0.00017069 -0.00773991 -0.00329582 -0.016289 0.000570715 0.00155347 0.00356087 -0.000865445 -0.0171475 -0.000318187 -0.000653027 -0.0143915 -0.00660779 0.000716474
internal_weight=277188 13337.1 9061.38 2139.91 263851 156670 82045.5 107181 4275.67 97861.8 74624.9 3698.31 9319.07 6921.47
internal_count=277158 14194 9459 2028 262964 166653 82597 96311 4735 88035 84056 4235 8276 7431
is_linear=0
shrinkage=0.0787314


Tree=4
num_leaves=16
num_cat=0
split_feature=0 0 19 8 17 3 19 16 3 0 17 16 0 19 4
split_gain=113.989 70.9869 51.4471 48.763 41.2662 28.9511 25.1455 24.0961 20.2246 46.9982 12.2076 8.26966 4.89463 2.07725 2.06041
threshold=0.059310715645551688 0.048559507355093963 1.0000000180025095e-35 1.5000000000000002 0.014420353807508947 0.32668325304985052 0.00080072306445799779 4.0998969780048362e-05 0.0024211175041273241 0.54427608847618114 0.41396586596965795 0.00014830355212325233 0.17523419857025149 0.0002553558442741633 1.0000000180025095e-35
decision_type=2 2 2 2 2 2 2 2 2 2 2 2 2 2 2
left_child=1 5 8 4 -4 7 11 -1 9 -2 -5 -3 -10 -7 -8
right_child=2 6 3 10 -6 13 14 -9 12 -11 -12 -13 -14 -15 -16
leaf_value=-2.1067080517505521 0.25634365703219053 -0.94256596887778743 -0.06705441255797838 0.27159524688775927 -0.906920619018033 0.3683956474983533 -0.73308119674331196 -0.099931623914157663 0.12236441523219825 -0.29446858679982996 -0.55419385515944775 -0.65743753161617002 0.39118050608929988 -0.34200516241834455 -0.60262863828837776
leaf_weight=2886.4175890088081 61372.112658083439 1914.3370106816292 56148.186677873135 27473.757252275944 21989.815559983253 3068.9975452423096 675.08638399839401 2783.27912068367 8816.1705955862999 25019.584636032581 1569.0711772441864 1575.3859323263168 61462.518461763859 322.68767523765564 110.86209213733673
leaf_count=2830 60947 2322 51798 24325 18810 3379 598 2952 8999 26661 1378 1717 70046 298 98
internal_value=0.000243758 -0.00685722 0.000602857 -0.000726072 -0.00175016 -0.00290593 -0.0152206 -0.00634987 0.00151225 0.000704802 0.0020278 -0.0123319 0.00250425 0.0028396 -0.0279811
internal_weight=277188 13337.1 263851 107181 78138 9061.38 4275.67 5669.7 156670 86391.7 29042.8 3489.72 70278.7 3391.69 785.948
internal_count=277158 14194 262964 96311 70608 9459 4735 5782 166653 87608 25703 4039 79045 3677 696
is_linear=0
shrinkage=0.0787314


Tree=5
num_leaves=16
num_cat=0
split_feature=0 15 12 19 19 15 16 19 12 16 16 12 0 12 12
split_gain=94.1408 69.9742 87.7522 70.0975 52.2539 104.445 77.7866 51.4627 26.7581 20.2733 18.6685 13.327 6.49125 4.18115 1.472
threshold=0.059310715645551688 0.036201631650328643 7.5042862590635209e-05 0.00060172524536028515 1.0000000180025095e-35 0.05249301344156266 1.0000000180025095e-35 5.6753237664963771e-09 0.0020057506626471881 1.3343175009339349e-08 0.00014830355212325233 5.409343459272798e-11 0.039757162332534797 0.0020057506626471881 0.0035517732612788682
decision_type=2 2 2 2 2 2 2 2 2 2 2 2 2 2 2
left_child=1 3 12 10 5 6 -2 11 -9 -7 -1 -6 -3 -4 -5
right_child=4 2 13 14 7 9 -8 8 -10 -11 -12 -13 -14 -15 -16
leaf_value=0.27952772117618863 0.94067577806755487 -1.7630184817923626 0.19052132835562349 -0.55518286454583343 -0.022730792409978082 -0.13700538699904541 0.11364046084706497 0.15393729140547327 -0.17146298166292784 0.54811856033277673 -0.31924793443179444 -0.72071098231137021 -2.6815570006689056 -0.43387880075432195 -0.75887430673899436
leaf_weight=5165.0398779511452 39069.150922417641 390.53198099136353 981.33302986621857 477.62449532747269 1895.4023768901825 72354.850386202335 43106.186118364334 34441.555971503258 63465.650024354458 2055.507629275322 4044.8075349926949 7346.1934425234795 1469.3632702827454 409.85648685693741 538.88856333494186
leaf_count=5971 47368 350 1240 421 1739 81151 35616 32276 55512 2528 4047 6522 1166 520 494
internal_value=0.000208807 -0.006209 -0.0162723 -0.00300527 0.000536932 0.00145375 0.00338874 -0.000802525 -0.00027198 -0.000682641 -0.000834756 -0.00641864 -0.0274579 -0.00128528 -0.0226219
internal_weight=277212 13477.4 3251.08 10226.4 263734 156586 82175.3 107149 97907.2 74410.4 9209.85 9241.6 1859.9 1391.19 1016.51
internal_count=276921 14209 3276 10933 262712 166663 82984 96049 87788 83679 10018 8261 1516 1760 915
is_linear=0
shrinkage=0.0787314


Tree=6
num_leaves=16
num_cat=0
split_feature=0 15 12 19 19 15 16 12 16 3 0 12 0 3 3
split_gain=81.1854 58.4699 71.5158 60.5866 46.9537 97.373 75.1272 42.6379 28.8514 25.4917 15.849 8.03069 4.7532 4.56279 0.96593
threshold=0.059310715645551688 0.036201631650328643 7.5042862590635209e-05 0.00060172524536028515 1.0000000180025095e-35 0.05249301344156266 1.0000000180025095e-35 1.0504471603667299e-07 0.0024621372576802973 0.0049456821288913497 0.048559507355093963 5.409343459272798e-11 0.039757162332534797 0.39522977173328405 4.4477250327190638e-08
decision_type=2 2 2 2 2 2 2 2 2 2 2 2 2 2 2
left_child=1 3 12 10 5 6 -2 11 -9 -7 -1 -6 -3 -4 -5
right_child=4 2 13 14 7 9 -8 8 -10 -11 -12 -13 -14 -15 -16
leaf_value=0.11440517641616982 0.8666150924385928 -1.6242136347000873 -0.49381414834371989 -0.69348587091738201 -0.020941166154020918 -0.29881038372249263 0.10469339253537246 0.12139596138186555 -0.26550979910639977 0.12538405028396749 -0.3872048486332848 -0.69167931079333322 -2.4704343645246376 0.29022066356108206 -0.56290025343377081
leaf_weight=6977.9974083900452 39069.150922417641 390.53198099136353 519.51933854818344 357.43297600746155 1895.4023768901825 42102.702760875225 43106.186118364334 48070.619069099426 47358.135286927223 32307.655254602432 2231.8500045537949 9824.6450823545456 1469.3632702827454 871.67017817497253 659.080082654953
leaf_count=7443 47368 350 643 305 1739 45126 35616 43632 41855 38553 2575 8823 1166 1117 610
internal_value=0.000253515 -0.00570631 -0.0149055 -0.00277734 0.000558235 0.00142731 0.00329564 -0.000711454 -0.000160618 -0.000635462 -0.000759132 -0.00519299 -0.0250037 -0.00137261 -0.0210147
internal_weight=277212 13477.4 3251.08 10226.4 263734 156586 82175.3 107149 95428.8 74410.4 9209.85 11720 1859.9 1391.19 1016.51
internal_count=276921 14209 3276 10933 262712 166663 82984 96049 85487 83679 10018 10562 1516 1760 915
is_linear=0
shrinkage=0.0787314


Tree=7
num_leaves=16
num_cat=0
split_feature=0 15 12 19 19 15 16 6 0 6 3 16 0 3 12
split_gain=68.8108 47.8868 58.0823 51.757 42.2391 88.5319 70.4448 36.2018 48.9364 35.518 22.206 13.3039 4.60801 4.09593 1.60519
threshold=0.059310715645551688 0.036201631650328643 7.5042862590635209e-05 0.00060172524536028515 1.0000000180025095e-35 0.036201631650328643 1.0000000180025095e-35 0.12166240811347963 0.37097080051898962 0.029156521894037727 0.0049456821288913497 9.6610725449863835e-05 0.039757162332534797 0.39522977173328405 0.0035517732612788682
decision_type=2 2 2 2 2 2 2 2 2 2 2 2 2 2 2
left_child=1 3 12 11 5 6 -2 9 -9 -6 -7 -1 -3 -4 -5
right_child=4 2 13 14 7 10 -8 8 -10 -11 -12 -13 -14 -15 -16
leaf_value=0.33803825892527578 0.79838530549302156 -1.4963370823337536 -0.45493548764858771 -0.45687347375676424 -0.052060971076416343 -0.27217978644793167 0.0972584068648287 -3.2304726840979519 0.26850207637719126 -0.7807971516357104 0.11648051222684645 -0.26135557047291413 -2.2759337011675926 0.26737119530839526 -0.65480919476766752
leaf_weight=4406.188191652298 38950.281911730766 390.53198099136353 519.51933854818344 477.62449532747269 56658.953970849514 42360.509576261044 42920.935712099075 593.30155330896378 28744.217776954174 21152.328514158726 32353.967856168747 4803.6592212915421 1469.3632702827454 871.67017817497253 538.88856333494186
leaf_count=5111 47214 350 643 421 52181 45460 35376 429 26039 17400 38613 4907 1166 1117 494
internal_value=0.000284345 -0.00520245 -0.0135279 -0.00255131 0.000564892 0.00138918 0.00317762 -0.000639347 0.00171683 -0.00152822 -0.00057005 -0.000685623 -0.0226286 -0.00132895 -0.0194076
internal_weight=277212 13477.4 3251.08 10226.4 263734 156586 81871.2 107149 29337.5 77811.3 74714.5 9209.85 1859.9 1391.19 1016.51
internal_count=276921 14209 3276 10933 262712 166663 82590 96049 26468 69581 84073 10018 1516 1760 915
is_linear=0
shrinkage=0.0787314


Tree=8
num_leaves=16
num_cat=0
split_feature=0 15 12 19 15 16 12 19 12 16 16 6 12 0 12
split_gain=53.2355 42.9718 50.3009 36.6434 80.5906 64.9716 35.7697 33.7085 27.597 19.2797 11.4134 6.56402 3.43217 2.95109 1.53009
threshold=0.059310715645551688 0.036201631650328643 7.5042862590635209e-05 1.0000000180025095e-35 0.05249301344156266 1.0000000180025095e-35 1.0504471603667299e-07 0.00060172524536028515 0.0020057506626471881 1.3343175009339349e-08 9.6610725449863835e-05 2.9535829071392078e-07 0.0035517732612788682 0.039757162332534797 0.0035517732612788682
decision_type=2 2 2 2 2 2 2 2 2 2 2 2 2 2 2
left_child=1 7 13 4 5 -2 11 10 -8 -6 -1 -5 -4 -3 -9
right_child=3 2 12 6 9 -7 8 14 -10 -11 -12 -13 -14 -15 -16
leaf_value=0.31142404624058539 0.73552734263320274 -1.3785284251603571 0.073629794593977754 0.029703350103213878 -0.10542609837084974 0.088785558286228902 0.18200011912277181 -0.42090320270160608 -0.15084143701901717 0.50867262601596852 -0.24077869032624308 -0.61950391817951878 -0.4180751793693826 -2.0967463400336603 -0.60325517472022094
leaf_weight=4406.188191652298 39069.150922417641 390.53198099136353 1160.414807677269 1513.1055621504784 72354.850386202335 43106.186118364334 31963.104331672192 477.62449532747269 63465.650024354458 2055.507629275322 4803.6592212915421 10206.94189709425 230.77470904588699 1469.3632702827454 538.88856333494186
leaf_count=5111 47368 350 1468 1423 81151 35616 29975 421 55512 2528 4907 9139 292 1166 494
internal_value=0.000311288 -0.00451469 -0.0124009 0.000558064 0.00132582 0.00302554 -0.000563552 -0.00200322 -5.90011e-05 -0.000550751 -0.000496728 -0.00466825 -0.0010468 -0.02087 -0.0156067
internal_weight=277212 13477.4 3251.08 263734 156586 82175.3 107149 10226.4 95428.8 74410.4 9209.85 11720 1391.19 1859.9 1016.51
internal_count=276921 14209 3276 262712 166663 82984 96049 10933 85487 83679 10018 10562 1760 1516 915
is_linear=0
shrinkage=0.0787314


end of trees

feature_importances:
event_decay_game_update_weighted=26
event_decay_major=25
event_decay_game_update=22
event_decay_operation_weighted=22
event_decay_operation=16
event_decay_major_weighted=12
event_decay_case_drop=4
event_density_30d_operation=2
event_decay_case_drop_weighted=2
event_density_30d_major=1
event_density_90d_case_drop=1
event_density_30d_game_update=1

parameters:
[boosting: gbdt]
[objective: quantile]
[metric: quantile]
[tree_learner: serial]
[device_type: cpu]
[data_sample_strategy: bagging]
[data: ]
[valid: ]
[num_iterations: 1000]
[learning_rate: 0.0787314]
[num_leaves: 23]
[num_threads: -1]
[seed: 13]
[deterministic: 0]
[force_col_wise: 0]
[force_row_wise: 0]
[histogram_pool_size: -1]
[max_depth: 4]
[min_data_in_leaf: 10]
[min_sum_hessian_in_leaf: 0.001]
[bagging_fraction: 0.7]
[pos_bagging_fraction: 1]
[neg_bagging_fraction: 1]
[bagging_freq: 5]
[bagging_seed: 16376]
[bagging_by_query: 0]
[feature_fraction: 0.75]
[feature_fraction_bynode: 1]
[feature_fraction_seed: 20348]
[extra_trees: 0]
[extra_seed: 30076]
[early_stopping_round: 0]
[early_stopping_min_delta: 0]
[first_metric_only: 0]
[max_delta_step: 0]
[lambda_l1: 0.5]
[lambda_l2: 0.5]
[linear_lambda: 0]
[min_gain_to_split: 0.1]
[drop_rate: 0.1]
[max_drop: 50]
[skip_drop: 0.5]
[xgboost_dart_mode: 0]
[uniform_drop: 0]
[drop_seed: 24096]
[top_rate: 0.2]
[other_rate: 0.1]
[min_data_per_group: 100]
[max_cat_threshold: 32]
[cat_l2: 10]
[cat_smooth: 10]
[max_cat_to_onehot: 4]
[top_k: 20]
[monotone_constraints: ]
[monotone_constraints_method: basic]
[monotone_penalty: 0]
[feature_contri: ]
[forcedsplits_filename: ]
[refit_decay_rate: 0.9]
[cegb_tradeoff: 1]
[cegb_penalty_split: 0]
[cegb_penalty_feature_lazy: ]
[cegb_penalty_feature_coupled: ]
[path_smooth: 0]
[interaction_constraints: ]
[verbosity: -1]
[saved_feature_importance_type: 0]
[use_quantized_grad: 0]
[num_grad_quant_bins: 4]
[quant_train_renew_leaf: 0]
[stochastic_rounding: 1]
[linear_tree: 0]
[max_bin: 63]
[max_bin_by_feature: ]
[min_data_in_bin: 3]
[bin_construct_sample_cnt: 200000]
[data_random_seed: 81]
[is_enable_sparse: 1]
[enable_bundle: 1]
[use_missing: 1]
[zero_as_missing: 0]
[feature_pre_filter: 0]
[pre_partition: 0]
[two_round: 0]
[header: 0]
[label_column: ]
[weight_column: ]
[group_column: ]
[ignore_column: ]
[categorical_feature: ]
[forcedbins_filename: ]
[precise_float_parser: 0]
[parser_config_file: ]
[objective_seed: 11872]
[num_class: 1]
[is_unbalance: 0]
[scale_pos_weight: 1]
[sigmoid: 1]
[boost_from_average: 1]
[reg_sqrt: 0]
[alpha: 0.1]
[fair_c: 1]
[poisson_max_delta_step: 0.7]
[tweedie_variance_power: 1.5]
[lambdarank_truncation_level: 30]
[lambdarank_norm: 1]
[label_gain: ]
[lambdarank_position_bias_regularization: 0]
[eval_at: ]
[multi_error_top_k: 1]
[auc_mu_weights: ]
[num_machines: 1]
[local_listen_port: 12400]
[time_out: 120]
[machine_list_filename: ]
[machines: ]
[gpu_platform_id: -1]
[gpu_device_id: -1]
[gpu_use_dp: 0]
[num_gpu: 1]

end of parameters

pandas_categorical:[]
