tree
version=v4
num_class=1
num_tree_per_iteration=1
label_index=0
max_feature_idx=40
objective=quantile
feature_names=price_lag_1d return_1d return_3d return_7d return_14d return_30d return_60d price_std_7d price_std_14d price_std_20d price_std_60d price_zscore_30d vol_regime_60_30 trend_divergence_30_60 price_accel_7d price_log price_tier log_return_1d log_return_7d autocorr_1d autocorr_7d bb_pct_b bb_width rsi_14 macd_line macd_signal macd_histogram volume_missing volume_lag_1d volume_lag_7d volume_mean_7d volume_mean_30d volume_std_30d volume_std_60d volume_log_change_1d volume_log_change_7d volume_zscore_30d volume_price_conf_7d volume_price_conf_1d rsi_missing macd_missing
feature_infos=[0.029999999329447746:960.7130126953125] [-99.339042663574219:500] [-99.322723388671875:500] [-99.360801696777344:500] [-99.363525390625:500] [-99.273765563964844:500] [-99.186729431152344:500] [0:167.40560913085938] [0:120.89762878417969] [0:135.57257080078125] [0:100.54641723632812] [-4.96368408203125:5.2946515083312988] [0.70132356882095337:805.0294189453125] [-1056138296557568:933262033682432] [-599.36077880859375:586.79248046875] [-3.5065579414367676:6.86767578125] [0:4] [-5.0192403793334961:4.9908404350280762] [-5.0527162551879883:4.8882842063903809] [-49669.5234375:60162.6015625] [-49680.40234375:34064.93359375] [-0.54432862997055054:1.5621322393417358] [0.001467026537284255:15.69301700592041] [0:99.844482421875] [-54.1455078125:48.291065216064453] [-42.52099609375:42.708404541015625] [-22.157054901123047:29.474407196044922] none [1:107040] [1:107040] [1:33132.71484375] [1:19356.69921875] [0:18549.255859375] [0:13706.833984375] [-6.4329400062561035:9.0481739044189453] [-6.4248690605163574:6.5434322357177734] [-4.7328248023986816:5.2923283576965332] [-98.559768676757812:500] [-98.559768676757812:500] [0:1] [0:1]
tree_sizes=2899 3245 2822 2611 2829 2752 2716 2856 3488 2734 3164 3488 3145 3486 2757 3033 3256

Tree=0
num_leaves=27
num_cat=0
split_feature=8 15 2 31 3 1 10 28 3 10 6 25 36 1 36 6 6 5 31 31 10 10 31 32 32 29
split_gain=348.294 139.699 102.309 51.083 24.1449 20.057 17.2243 16.5479 15.5212 15.2145 14.6394 6.82488 6.69625 6.44122 5.74876 4.40464 4.24692 2.76905 2.65966 5.09569 1.72349 45.2997 0.417566 3.37076 2.47021 0.275384
threshold=1.0000000180025095e-35 -1.2165518999099729 -9.0234732627868635 33.576436996459968 -15.996633052825926 -3.5402646064758296 2.3235280513763432 29.500000000000004 -13.951858043670653 0.30693945288658148 10.687604904174806 -3.1982444036876552e-12 0.60270980000495922 -10.266731262207029 1.1857018470764162 -18.340027809143063 3.768689870834351 -4.3008599281311026 271.11666870117193 114.28333663940431 0.019883015193045143 0.018440173007547859 1306.5833129882815 321.93052673339849 236.45064544677737 645.50000000000011
decision_type=2 2 2 2 2 2 2 2 2 2 2 2 2 2 2 2 2 2 2 2 2 2 2 2 2 2
left_child=11 2 3 4 -2 7 -7 -4 13 -5 14 17 -12 16 -10 -15 -3 18 19 -1 21 -19 -13 24 -24 -22
right_child=1 8 5 9 -6 6 -8 -9 10 -11 12 22 -14 15 -16 -17 -18 20 -20 -21 25 -23 23 -25 -26 -27
leaf_value=26.086644439697267 29.684234867288538 27.6101537317805 27.853311119079589 27.478644485473634 28.057266725741059 27.130122680664062 29.630999374389649 27.235344508068245 26.709285945892333 29.791626443917146 26.8719486618042 26.086644439697267 27.15182456970215 26.725252266689075 26.93164442062378 27.201079948216112 27.564831520699954 26.086644439697267 26.186644437313081 32.639297564622886 26.086644439697267 28.486644439697265 26.393213777542115 26.086644439697267 29.286644363403319 26.086644439697267
leaf_weight=141.72091287374496 1171.1404641270638 285.88490676879883 2359.792122066021 5430.0796536803246 1788.0254661440849 38159.310044407845 82.06891131401062 7377.4833887219429 24504.594633102417 411.61089199781418 10084.536745965481 23928.804492890835 2957.9372645020485 507.75878816843033 3081.6086796522141 1779.1943728923798 145.69643890857697 7323.3341896533966 148.85315698385239 155.09996628761292 2184.7264046669006 87.39937287569046 33.552609205245972 532.23649501800537 50.986808717250824 299.21745538711548
leaf_count=149 489 219 1189 3716 861 31529 13 5401 25185 76 10506 34809 2960 561 3357 1491 91 10378 182 119 658 26 37 698 68 114
internal_value=26.8934 26.8943 26.8953 26.8983 26.9015 26.8948 26.8945 26.896 26.893 26.8967 26.8929 26.8908 26.8937 26.8952 26.8925 26.8946 26.8986 26.8915 26.8938 26.8955 26.8914 26.8916 26.8906 26.8914 26.8969 26.8907
internal_weight=0 100127 56779.5 8800.86 2959.17 47978.7 38241.4 9737.28 43347.2 5841.69 40628.7 34885.9 13042.5 2718.53 27586.2 2286.95 431.581 10340.4 445.674 296.821 9894.68 7410.73 24545.6 616.776 84.5394 2483.94
internal_count=134882 87644 43274 5142 1350 38132 31542 6590 44370 3792 42008 47238 13466 2362 28542 2052 310 11626 450 268 11176 10404 35612 803 105 772
is_linear=0
shrinkage=1


Tree=1
num_leaves=29
num_cat=0
split_feature=9 2 15 31 15 9 9 3 7 6 15 10 10 25 3 25 14 30 31 10 11 31 32 32 31 25 31 32
split_gain=328.491 131.832 73.33 46.842 43.5165 37.4472 35.3696 30.8502 30.696 11.6936 11.1315 38.0928 8.42603 6.80274 6.13238 5.8714 4.99618 2.08378 7.36467 15.7097 1.4467 0.418888 3.36218 2.47021 0.230027 0.696877 0.283022 0.102178
threshold=1.0000000180025095e-35 -9.0234732627868635 -1.1607540249824522 33.576436996459968 -2.1099028587341304 0.57377308607101452 0.081802468746900572 -15.996633052825926 0.068093467503786101 10.687604904174806 -1.4806074500083921 0.4041373878717423 0.30693945288658148 0.20568390935659411 -13.951858043670653 -3.1982444036876552e-12 -30.536928176879879 293.07142639160162 205.78333282470706 0.018440173007547859 -0.43870726227760309 1306.5833129882815 321.93052673339849 236.45064544677737 684.58331298828136 -1.0366123959215655e-07 293.98333740234381 90.862300872802749
decision_type=2 2 2 2 2 2 2 2 2 2 2 2 2 2 2 2 2 2 2 2 2 2 2 2 2 2 2 2
left_child=15 3 5 4 7 6 -3 -2 -7 14 11 -5 -6 -11 -4 17 -12 18 20 -20 -1 27 23 -23 26 -26 -19 -17
right_child=1 2 9 10 12 8 -8 -9 -10 13 16 -13 -14 -15 -16 21 -18 24 19 -21 -22 22 -24 -25 25 -27 -28 -29
leaf_value=5.5138572080842465 3.2309466960406641 0.32895345153808592 0.22706999131806938 0.71941142072621223 0.69956632948738695 0.51797480568758625 -0.15638167293473376 1.1765073362540337 4.9276826952695183 -0.016966999276561479 0.52193300760742944 2.6265186428598715 0.10972846355438236 0.47506003074645992 -0.1734010568618774 -0.78259933319091801 0.042987581634521453 -0.2825993522644043 -0.48259933319091797 0.94540066680908197 -0.78259933319091801 -0.4852270754814148 -0.78259933319091801 2.3214005928039549 -0.78259933319091801 -0.68259933557510377 -0.78259933319091801 -0.78259933319091801
leaf_weight=28.788302779197693 903.31846302747726 43477.174807846546 1033.9311134815216 5254.5852823257446 1104.6026294827461 401.82256674766541 6698.7104239463806 1227.9329358935356 229.08753347396851 10662.074982523918 492.75614249706268 121.09371340274811 649.24494409561157 1883.2142098546028 25132.833270668983 17893.426602303982 2554.4342665076256 111.94685053825378 850.39254450798035 175.29672336578369 4000.0996764302254 33.552609205245972 524.34176325798035 50.986808717250824 919.88508802652359 370.39449727535248 2212.8478855490685 6013.8779992461205
leaf_count=32 403 38999 914 3449 567 42 992 659 21 10856 417 29 307 2144 26602 26161 2115 162 1218 69 5000 37 686 68 1217 544 2543 8629
internal_value=0 0.000808986 0.000408533 0.00372022 0.00644753 0.00115812 0.0010664 0.00933062 0.00842201 -0.000574859 0.00246015 0.00328245 0.00293382 0.000177154 -0.00093597 -0.00262785 0.00100426 -0.00195115 -0.0015497 0.000708627 -0.00212838 -0.0028665 -0.00200127 0.00345582 -0.00250801 -0.00212649 -0.0027128 -0.00288786
internal_weight=0 101827 89518.8 12308 3885.1 50806.8 50175.9 2131.25 630.91 38712.1 8422.87 5375.68 1753.85 12545.3 26166.8 33185.8 3047.19 8669.65 5054.58 1025.69 4028.89 24516.2 608.881 84.5394 3615.07 1290.28 2324.79 23907.3
internal_count=134882 88516 80570 7946 1936 40054 39991 1062 63 40516 6010 3478 874 13000 27516 46366 2532 10785 6319 1287 5032 35581 791 105 4466 1761 2705 34790
is_linear=0
shrinkage=0.03


Tree=2
num_leaves=25
num_cat=0
split_feature=39 15 18 9 9 31 11 1 14 15 35 1 25 36 25 9 25 31 9 33 33 15 31 31
split_gain=336.857 122.022 68.1674 58.5636 46.6214 38.0433 29.2441 22.6237 14.2668 13.6415 10.7418 8.62351 7.75855 7.49941 6.59118 6.19001 3.94554 3.52691 1.98408 1.83807 8.34855 1.04828 0.808681 0.590751
threshold=1.0000000180025095e-35 -1.275648236274719 -0.17431330680847165 0.57377308607101452 0.056914281100034721 33.576436996459968 -0.63657632470130909 2.5763803720474248 -16.322650909423825 -1.7134114503860471 0.27765254676342016 -10.266731262207029 0.20568390935659411 -0.45628787577152247 -1.3306970525484017e-09 0.12086655199527742 -0.019976549781858918 17.716667175292972 0.4548951536417008 126.90270996093751 109.67051315307619 2.014836430549622 1306.5833129882815 684.58331298828136
decision_type=2 2 2 2 2 2 2 2 2 2 2 2 2 2 2 2 2 2 2 2 2 2 2 2
left_child=1 2 5 4 -4 6 -1 -5 11 -7 12 13 -10 -3 18 21 -12 -13 19 20 -2 22 -16 -21
right_child=14 8 3 7 -6 9 -8 -9 10 -11 16 17 -14 -15 15 -17 -18 -19 -20 23 -22 -23 -24 -25
leaf_value=2.6969531448930284 -0.75912135319519036 0.69235265234038557 0.40722288122464906 2.7214340151513041 -0.15065479402087986 0.49909914212452916 1.1261685457985793 -0.43483203159576939 -0.14769660997892084 1.3355294662362702 -0.10256566410255434 0.57053169480320232 0.28269433059310911 0.7773263150165014 -0.75912135319519036 0.097893860282783268 0.13513050808620697 0.070695798555922104 0.022092097923637723 -0.75912135319519036 0.68106814324724418 0.12346504115867617 -0.67228624749338894 -0.75912135319519036
leaf_weight=1091.2081218361855 4745.0828049182892 151.68131512403488 40150.194982469082 431.7292857170105 8097.5558469891548 3366.3950306177139 920.32262480258942 205.24732732772827 30697.424258887768 560.42397445440292 1641.8806270956993 448.251633644104 1880.8172381520271 357.43584752082825 26348.599327266216 130.3501513004303 5271.2928332090378 3328.2685885429382 47.680412292480469 2441.1760188341141 569.35308742523193 82.236783981323242 834.43072229623795 1213.6157922744751
leaf_count=553 5152 109 37306 40 1234 2160 309 20 32448 382 1746 284 2043 224 36597 17 5166 3341 5 2795 411 11 952 1577
internal_value=0 0.000831268 0.00177438 0.00140521 0.00128549 0.00481046 0.00816961 0.010442 -0.000349474 0.00308508 -0.000528157 0.00129343 -0.000756269 0.00496228 -0.0025452 -0.00277787 0.000544625 0.000794263 -0.00183654 -0.00187022 -0.00150614 -0.00280938 -0.00281969 -0.00239525
internal_weight=0 98600.1 54823.1 48884.7 48247.8 5938.35 2011.53 636.977 43777.1 3926.82 39491.4 4285.64 32578.2 509.117 36412.5 27395.6 6913.17 3776.52 9016.91 8969.23 5314.44 27265.3 27183 3654.79
internal_count=134882 87365 42004 38600 38540 3404 862 60 45361 2542 41403 3958 34491 333 47517 37577 6912 3625 9940 9935 5563 37560 37549 4372
is_linear=0
shrinkage=0.03


Tree=3
num_leaves=23
num_cat=0
split_feature=39 15 2 9 12 29 9 6 22 4 26 12 14 24 9 35 24 13 14 24 24 15
split_gain=326.632 112.538 81.1189 34.0726 34.9737 33.9956 32.0775 20.8948 17.3184 13.4694 10.3246 9.54392 8.6166 6.70334 6.16868 5.47177 3.28563 2.88488 2.79829 1.54671 1.46596 1.04099
threshold=1.0000000180025095e-35 -1.3413228392601011 -9.0234732627868635 0.57377308607101452 0.71620547771453869 29.500000000000004 0.056914281100034721 4.7633452415466317 0.27235823869705206 -39.863939285278313 -0.015511994715780018 0.71620547771453869 -14.612037658691404 -1.5799904495850111e-08 0.12086655199527742 0.20617429912090304 0.12872192263603213 1.0617329478263857 6.928654909133912 -0.02168644871562719 -0.0017820216016843913 2.014836430549622
decision_type=2 2 2 2 2 2 2 2 2 2 2 2 2 2 2 2 2 2 2 2 2 2
left_child=1 2 5 6 -5 7 -4 -1 15 -7 -2 17 -13 19 21 16 -3 -10 -17 -12 -21 -15
right_child=10 8 3 4 -6 9 -8 -9 11 -11 13 12 -14 14 -16 18 -18 -19 -20 20 -22 -23
leaf_value=1.8043078078669124 0.021429334985928639 -0.17434864748653622 0.36401102959719606 2.826165818642119 0.24380270317944269 1.7227318762156976 -0.1402365738905082 1.0798537063218951 -0.3443897201331273 0.66529699805194187 -0.32837081624550479 0.37580469062947619 0.050160479755395865 -0.73634771259933463 0.094957044474299729 -0.034086618480593633 0.062181332219274306 -0.24656543441827497 0.20049801632746689 -0.73634771259933463 -0.6363477149835205 0.11976108992391583
leaf_weight=1991.7401770949364 11.920103073120115 20306.755700588226 36992.507974803448 250.32216453552246 301.97594451904297 502.63579761981964 7526.0856183171272 913.65027594566345 1021.5276372432709 5061.9135836958885 73.472707748413086 3565.4209308624268 12299.264229238033 27852.776227355003 130.3501513004303 4540.7093387246132 1733.5311442613602 424.06182581186295 1168.0271931290627 2041.4994503855705 6220.2696767449379 82.236783981323242
leaf_count=974 1 23601 34719 22 31 295 1176 409 139 3265 9 3155 10800 38543 17 5284 2068 75 1352 561 8375 11
internal_value=0 0.000790256 0.00172008 0.00121338 0.00861971 0.00441436 0.00112106 0.00704847 -0.000314258 0.00303582 -0.00253457 0.000429829 0.000643189 -0.00254424 -0.00276712 -0.000778972 -0.000993398 -0.00190074 4.627e-05 -0.00179188 -0.00183151 -0.00279782
internal_weight=0 98600.1 53540.8 45070.9 552.298 8469.94 44518.6 2905.39 45059.3 5564.55 36412.5 17310.3 15864.7 36400.6 28065.4 27749 22040.3 1445.59 5708.74 8335.24 8261.77 27935
internal_count=134882 87365 40891 35948 53 4943 35895 1383 46474 3560 47517 14169 13955 47516 38571 32305 25669 214 6636 8945 8936 38554
is_linear=0
shrinkage=0.03


Tree=4
num_leaves=25
num_cat=0
split_feature=8 15 2 9 9 0 34 3 14 1 6 6 25 15 25 34 26 5 5 26 10 25 28 26
split_gain=304.54 99.7067 67.2707 29.705 27.565 23.0397 21.4883 18.6488 13.1658 10.7072 10.0171 8.9816 8.61527 5.71201 5.66275 5.37238 3.25926 2.93699 2.45302 5.51925 1.70462 0.309583 0.477882 4.44838
threshold=1.0000000180025095e-35 -1.2165518999099729 -9.0234732627868635 0.57377308607101452 0.093400768935680403 0.16125000268220904 -0.99311253428459156 -23.218517303466793 -14.612037658691404 -10.266731262207029 10.687604904174806 8.5650625228881854 -1.3306970525484017e-09 0.30121502280235296 0.20568390935659411 -0.11268100887537001 -0.015511994715780018 26.168745040893558 -4.3008599281311026 -0.00049766444135457266 0.019883015193045143 -2.0816682538902295e-17 935.50000000000011 3.8132773948607755e-18
decision_type=2 2 2 2 2 2 2 2 2 2 2 2 2 2 2 2 2 2 2 2 2 2 2 2
left_child=12 2 6 4 -4 -5 11 -8 9 15 13 -2 16 -10 -12 -3 -1 -11 19 -18 -20 22 -14 -24
right_child=1 8 3 5 -6 -7 7 -9 10 17 14 -13 21 -15 -16 -17 18 -19 20 -21 -22 -23 23 -25
leaf_value=0.020786454936350791 2.0939278582396912 1.0613728957495687 0.30693690537431922 0.20113757302506077 -0.14485370918448848 2.261724503155246 1.8575459912708567 0.68619189551762905 -0.075363267102467504 0.029504648103340223 -0.017153727724048076 1.0173098353897361 -0.71425728122135457 -0.21769612614177414 0.42981109629223369 0.33029576823792572 2.9528165415605319 0.64231891583209799 -0.61725728353401477 -0.3536038741569168 -0.71425728122135457 -0.71425728122135457 2.2940175938226179 -0.71425728122135457
leaf_weight=31.786941528320312 435.79596227407455 198.55497944355011 41751.504144370556 298.00257682800293 5628.539593398571 300.60815191268921 1785.5949399471283 6420.0184119939804 12589.594782412052 3327.7736751437187 10071.597091674805 159.44716173410416 2744.4061262607574 14257.657058775425 1593.5173472166061 343.5699605345726 31.046994686126709 964.94693475961685 6342.3131990432739 414.62704145908356 2452.1569185256958 22476.173844337463 68.421007990837097 324.99979072809219
leaf_count=3 230 149 37292 30 782 28 953 3874 12420 3355 10315 85 4141 15271 1795 212 5 853 8803 445 769 32485 94 493
internal_value=0 0.000694964 0.00152218 0.00107946 0.000995151 0.00772148 0.00393377 0.00353116 -0.000388245 0.00108622 -0.000573751 0.00945111 -0.00255984 -0.000892755 0.000159158 0.00506051 -0.00177178 0.000580289 -0.00180625 0.000336297 -0.00191655 -0.00284448 -0.00252307 -0.00145501
internal_weight=0 100127 56779.5 47978.7 47380 598.611 8800.86 8205.61 43347.2 4834.85 38512.4 595.243 34885.9 26847.3 11665.1 542.125 9271.93 4292.72 9240.14 445.674 8794.47 25614 3137.83 393.421
internal_count=134882 87644 43274 38132 38074 58 5142 4827 44370 4569 39801 315 47238 27691 12110 361 10025 4208 10022 450 9572 37213 4728 587
is_linear=0
shrinkage=0.03


Tree=5
num_leaves=24
num_cat=0
split_feature=39 22 8 2 0 0 26 30 25 10 14 10 25 36 25 40 26 10 26 28 10 34 8
split_gain=289.937 77.508 44.9331 31.3623 27.6753 18.4751 15.5221 13.5541 12.5372 15.0844 11.1986 10.6368 9.47202 5.12324 4.70091 4.81189 4.34769 3.97802 2.95384 4.69128 3.45294 2.40185 1.81039
threshold=1.0000000180025095e-35 0.26348327100276953 0.069730032235384001 -10.181922912597654 0.35024999082088476 0.058249998837709434 -0.0044104747939854852 135.30952453613284 -0.0048261943738907567 0.025241516530513767 -14.612037658691404 0.032020458951592452 -3.1982444036876552e-12 1.0612670183181765 -0.10741871967911719 1.0000000180025095e-35 0.0047523265238851317 0.11729039251804353 0.0024890705244615678 116.50000000000001 0.019883015193045143 -0.62769433856010426 1.0000000180025095e-35
decision_type=2 2 2 2 2 2 2 2 2 2 2 2 2 2 2 2 2 2 2 2 2 2 2
left_child=1 4 3 7 8 13 -2 -3 16 -10 -7 -5 18 -4 21 -16 -1 22 20 -20 -8 -6 -14
right_child=6 2 5 11 14 10 12 -9 9 -11 -12 -13 17 -15 15 -17 -18 -19 19 -21 -22 -23 -24
leaf_value=-0.19532444733134391 -0.21395866041811679 1.114700461321533 -0.52171074493571767 0.65790126067646859 0.74714458578006626 0.45767562696928454 -0.5987395650279943 0.53085408453560068 0.11447077971943734 0.42130198699482796 0.057843914353654789 0.33778268042273263 -0.69282956278471397 0.28593808102820717 -0.11389297978427873 -0.32632332685184462 0.17310957072264627 0.12749351261497519 2.532977809014521 -0.69379830515505836 -0.69282956278471397 -0.33599539296176895 -0.29929878343015226
leaf_weight=3429.9246828556061 198.66838455200195 4179.3582693338394 2306.7702009677887 15102.486472964287 97.659054934978485 3776.4851905703545 7631.4965268969536 1751.7610418200493 16602.083019077778 2143.2765867710114 12776.110067903996 12375.826112151146 24509.242729365826 332.56036174297333 20479.447844862938 895.06516653299332 182.37895882129669 88.694795846939087 22.99234938621521 27.743928194046021 2376.0244928598404 2398.0380127429962 1768.6185618042946
leaf_count=3101 22 2435 272 13546 105 2345 10677 1408 19486 1665 7536 7764 35571 47 24466 425 160 12 9 22 811 2874 372
internal_value=0 0.000703545 0.00149117 0.0021558 -0.000192354 0.000333373 -0.00242137 0.00413598 0.000565683 0.000877974 0.000705734 0.00172777 -0.0024673 -0.00199591 -0.000902983 -0.000758002 -0.00105064 -0.002767 -0.00168008 0.00543681 -0.00171793 -0.00213827 -0.00278875
internal_weight=0 98829.2 52601.4 33409.4 46227.9 19191.9 36623.5 5931.12 22357.7 18745.4 16552.6 27478.3 36424.8 2639.33 23870.2 21374.5 3612.3 26366.6 10058.3 50.7363 10007.5 2495.7 26277.9
internal_count=135131 87635 35353 25153 52282 10200 47496 3843 24412 21151 9881 21310 47474 319 27870 24891 3261 35955 11519 31 11488 2979 35943
is_linear=0
shrinkage=0.03


Tree=6
num_leaves=24
num_cat=0
split_feature=39 0 1 12 24 28 21 5 9 2 29 1 24 2 10 8 32 10 10 5 10 8 12
split_gain=282.156 70.9939 45.6656 30.5755 27.6043 19.6097 18.6771 14.6544 12.6742 12.2823 11.7349 10.6594 9.16562 7.25848 6.80448 6.61175 6.67665 6.1384 53.0835 3.91098 3.90886 1.74397 1.35929
threshold=1.0000000180025095e-35 0.26725000143051153 -5.172161102294921 0.70710840821266185 -0.02168644871562719 14.500000000000002 0.35582366585731512 26.168745040893558 0.0047014483716338882 -4.7618460655212393 19.500000000000004 -19.447751998901364 -4.4816073341280566e-07 -11.763778686523436 0.032020458951592452 0.20092575252056125 60.340875625610359 0.019883015193045143 0.018440173007547859 48.489915847778327 0.11729039251804353 1.0000000180025095e-35 1.4921073317527773
decision_type=2 2 2 2 2 2 2 2 2 2 2 2 2 2 2 2 2 2 2 2 2 2 2
left_child=1 2 5 14 -2 6 -1 10 -5 -7 11 -3 17 -12 -4 16 -9 18 -6 -17 21 -14 -19
right_child=4 7 3 8 12 9 -8 15 -10 -11 13 -13 20 -15 -16 19 -18 22 -20 -21 -22 -23 -24
leaf_value=1.4127725447016155 0.35981320047553766 0.9258869499792528 0.40608670137651209 0.084843154981791111 -0.48077738046134028 0.7978628843255674 0.81661712529420538 0.1966802545232133 0.42844327517055764 0.32808687711608031 0.17886454387810652 0.13288946896968692 -0.67204467590117256 -0.11336507847818196 -0.4502576845687522 0.23927221413755484 1.0233887469168337 -0.67204467590117256 0.97031914632557792 -0.29723540958768563 0.12366870723652593 -0.29026154584306768 -0.93931157093485784
leaf_weight=1031.610566675663 125.12648773193359 331.4839534163475 817.35761642456055 13992.536934137344 4668.5407171845436 3969.1835419535637 1068.6543164849281 1559.3804922103882 27291.320443511009 3469.1073087453842 1979.3300305604935 3639.958241045475 27331.357254683971 34436.494670629501 2165.1169209480286 852.35999131202698 1342.4978305697441 2346.3002936244011 110.25849837064743 882.83818542957306 88.694795846939087 1798.9067618250847 154.29695963859558
leaf_count=555 13 131 527 15254 6395 2860 500 1480 19173 2359 1362 3028 39789 37437 249 839 1259 770 31 622 12 400 86
internal_value=0 0.000655742 0.00139131 0.000985097 -0.00242695 0.00327472 0.00583998 -0.000222945 0.00119725 0.00254804 -0.000406628 0.0011405 -0.00247558 -0.000575781 -0.00194618 0.00137351 0.00224956 -0.00151825 -0.000883266 -8.31402e-05 -0.00271354 -0.00273299 -0.00272533
internal_weight=0 98829.2 53804.9 44266.3 36623.5 9538.56 2100.26 45024.3 41283.9 7438.29 40387.3 3971.44 36498.4 36415.8 2982.47 4637.08 2901.88 7279.4 4778.8 1735.2 29219 29130.3 2500.6
internal_count=135131 87635 41477 35203 47496 6274 1055 46158 34427 5219 41958 3159 47483 38799 776 4200 2739 7282 6426 1461 40201 40189 856
is_linear=0
shrinkage=0.03


Tree=7
num_leaves=25
num_cat=0
split_feature=39 22 8 24 1 33 18 24 14 30 24 24 29 30 32 1 24 26 11 8 7 30 25 11
split_gain=273.191 65.4322 40.4214 27.5915 23.2372 17.314 13.1652 12.095 10.5718 10.1345 9.51282 9.41926 9.36096 9.09544 10.3431 7.92711 5.17608 12.8689 3.37321 3.00245 2.95972 6.38384 1.06474 0.895243
threshold=1.0000000180025095e-35 0.26348327100276953 0.069730032235384001 -0.02168644871562719 -13.212252616882322 162.08802032470706 -0.05793992988765239 -6.1407361499732347e-05 -39.731567382812493 107.46428680419923 -0.0075903723482042542 -4.4816073341280566e-07 372.50000000000006 675.21429443359386 129.70814514160159 -3.0074493885040279 -0.0017820216016843913 -0.00064439864945597936 1.9648820757865908 0.15271896123886111 1.0000000180025095e-35 881.07144165039074 -2.0816682538902295e-17 -0.29648292064666742
decision_type=2 2 2 2 2 2 2 2 2 2 2 2 2 2 2 2 2 2 2 2 2 2 2 2
left_child=1 5 4 -2 7 10 15 -3 -6 -8 19 16 -12 14 -7 -4 23 -18 -15 -1 22 -22 -13 -5
right_child=3 2 6 11 8 13 9 -9 -10 -11 12 20 -14 18 -16 -17 17 -19 -20 -21 21 -23 -24 -25
leaf_value=-0.13072825374532826 0.34901880446127148 2.0439346762761215 0.40181006217817944 -0.64386532877312685 1.1470318027168791 -0.11209682649298618 0.10133068323971084 0.79933081489231073 0.43719592005234964 -0.18282150355346033 0.0097309642887098494 -0.65188333562413736 -0.2302317567149704 0.0063242321617989813 0.68681625181511929 0.097331036940676657 2.8966175536783965 -0.46635405904750005 0.33178069883660366 -0.2573901049795812 -0.27951756318566756 1.2579999920348575 -0.65188333562413736 -0.65188333562413736
leaf_weight=7565.926472902298 125.12648773193359 1246.5269930362701 2539.3889752626419 126.83979922533035 2453.4287905693054 658.3150846362114 7459.1770076155663 1795.707406103611 27913.768706560135 5953.7034549117088 25287.300183475018 4900.9836812615395 3922.4777658581734 3332.9577137827873 1933.9204451441765 3239.656383395195 33.249053001403809 5085.2829197645187 270.72350418567657 3256.2521566152573 1690.7536455392838 196.84791213274002 22430.373573422432 2034.0246968269348
leaf_count=8049 13 684 1403 103 1611 829 3748 1002 21856 2918 28186 7350 4769 4029 2138 2131 6 6707 315 3967 361 51 32439 466
internal_value=0 0.000609601 0.00133328 -0.00242372 0.00196365 -0.000213538 0.000235141 0.00446626 0.00171237 -0.000279685 -0.00044223 -0.00247234 -0.000160138 0.00126154 0.0026173 0.00143254 -0.00150199 -0.00097748 0.000281909 -0.00120219 -0.00271354 -0.00154602 -0.00279359 -0.00273695
internal_weight=0 98829.2 52601.4 36623.5 33409.4 46227.9 19191.9 3042.23 30367.2 13412.9 40032 36498.4 29209.8 6195.92 2592.24 5779.05 7279.4 5118.53 3603.68 10822.2 29219 1887.6 27331.4 2160.86
internal_count=135131 87635 35353 47496 25153 52282 10200 1686 23467 6666 44971 47483 32955 7311 2967 3534 7282 6713 4344 12016 40201 412 39789 569
is_linear=0
shrinkage=0.03


Tree=8
num_leaves=31
num_cat=0
split_feature=10 22 17 15 10 22 31 22 10 13 31 22 35 15 26 24 15 31 26 38 17 31 32 28 31 33 22 33 37 26
split_gain=254.53 72.1666 31.7159 21.5078 20.8248 26.0588 19.4337 15.2849 11.5715 10.1204 7.25924 6.7437 5.46571 5.03721 4.26526 3.7684 9.56415 2.57538 2.84582 2.29192 2.14519 1.28651 5.75944 1.27743 0.64754 8.54316 0.327382 0.930378 0.306044 0.252603
threshold=0.0011867274297401311 0.21615304052829745 -0.0360445138067007 -1.4136660695075987 0.032020458951592452 3.0601226091384892 114.28333663940431 3.0601226091384892 0.054664952680468566 0.29649302363395696 22.816666603088382 0.18227365612983706 0.1303263604640961 -1.2165518999099729 3.8903207322249508e-09 1.0000000180025095e-35 -0.49061466753482813 129.48332977294925 0.00021544129413086924 -2.0976655483245845 -0.053107161074876778 183.4714279174805 40.213111877441413 643.50000000000011 1306.5833129882815 309.53436279296881 0.05452051758766175 31.766872406005863 6.0608994960784921 2.4062421333074811e-14
decision_type=2 2 2 2 2 2 2 2 2 2 2 2 2 2 2 2 2 2 2 2 2 2 2 2 2 2 2 2 2 2
left_child=11 8 3 6 5 -4 -3 -6 9 13 -5 17 -11 -2 24 20 -17 26 19 -19 -10 -16 -23 -20 29 -26 27 -1 -28 -13
right_child=1 2 4 10 7 -7 -8 -9 15 12 -12 14 -14 -15 21 16 -18 18 23 -21 -22 22 -24 -25 25 -27 28 -29 -30 -31
leaf_value=-0.68571001604957371 0.24763656749229648 0.97241721509619827 0.37937163643490707 0.5013612911447527 0.14704812396762437 1.2009759144325651 0.33759185615353299 -0.17644174975719298 0.066387357484334858 -0.15236345158118983 0.038752043328495772 -0.63232683555541325 0.084720387246595155 -0.045231250951248893 -0.63805953541873495 0.36040532091226141 -0.14817222067600372 1.8767415698957353 5.7552584918928051 0.017298685952560219 -0.22949123817766817 1.3476364911983509 -0.59556911978516236 0.095098866588814238 2.28569979323724 -0.63493188872646733 -0.68571001604957371 4.6279737855986198 1.3004560176203082 -0.63232683555541325
leaf_weight=68.749955654144287 5831.6899297237396 7294.9523119926453 16029.077764868736 1259.0987775325775 19853.822499454021 700.663898229599 3866.8649599552155 8103.0910536050797 579.22410261631012 11696.585676670074 4444.1083812713623 23547.682146012783 4392.4752011299133 2715.6376608014107 1859.8672189712524 271.32464009523392 6880.7107718586922 32.236820340156555 18.421040415763859 473.02599763870239 10044.589765667915 31.907873392105103 2339.1432238817215 11.513150334358214 61.513116776943207 661.84167474508286 348.68398487567902 57.894699215888977 18.421040654182434 1957.8934745788574
leaf_count=103 6877 3696 15581 703 16854 91 2854 1000 451 11253 3494 34254 5008 3309 2746 283 8136 31 22 477 9902 35 3435 15 67 895 507 82 26 2944
internal_value=0 0.000479653 0.00113583 0.00224473 0.000716964 0.00155428 0.00301095 0.000215349 -0.000472282 -5.07188e-05 0.000742381 -0.00259896 -0.000494467 0.000782796 -0.00267969 -0.00105568 -0.000519944 -0.000194408 0.0012302 0.000661064 -0.00141489 -0.0017857 -0.00130777 0.0101751 -0.00282329 -0.00187292 -0.00176863 -0.000308911 -0.0022303 -0.00284962
internal_weight=0 103964 61551.7 16865 44686.7 16729.7 11161.8 27956.9 42412.2 24636.4 5703.21 31488.8 16089.1 8547.33 30459.8 17775.8 7152.04 1028.95 535.197 505.263 10623.8 4230.92 2371.05 29.9342 26228.9 723.355 493.75 126.645 367.105 25505.6
internal_count=135131 89492 44273 10747 33526 15672 6550 17854 45219 26447 4197 45639 16261 10186 44376 18772 8419 1263 545 508 10353 6216 3470 37 38160 962 718 185 533 37198
is_linear=0
shrinkage=0.03


Tree=9
num_leaves=24
num_cat=0
split_feature=9 22 9 0 2 18 0 5 22 26 13 13 25 25 33 25 31 5 33 33 31 33 31
split_gain=258.385 60.7414 41.9113 25.6535 20.7762 20.5759 18.2758 17.9888 14.3507 10.3386 9.94957 9.27058 9.03253 8.60496 7.43019 4.58386 4.46706 2.35692 2.24006 8.59881 0.898155 8.3408 0.685669
threshold=1.0000000180025095e-35 0.26348327100276953 0.056914281100034721 0.049249999225139625 -25.169455528259274 -0.17431330680847165 0.35024999082088476 0.84805697202682506 0.46508230268955236 -0.0044104747939854852 2.8443996906280522 0.29649302363395696 -0.008227136451750992 -3.1982444036876552e-12 39.592914581298835 -0.10741871967911719 418.01666259765631 7.6949510574340829 126.90270996093751 118.64254760742189 1306.5833129882815 309.53436279296881 684.58331298828136
decision_type=2 2 2 2 2 2 2 2 2 2 2 2 2 2 2 2 2 2 2 2 2 2 2
left_child=9 6 4 12 10 -5 7 11 -6 -1 -3 -2 -4 18 -9 17 -17 -8 19 -11 -15 -22 -20
right_child=1 2 3 5 8 -7 15 14 -10 13 -12 -13 -14 20 -16 16 -18 -19 22 -21 21 -23 -24
leaf_value=0.035129648060954075 0.13261298214372136 1.6063769992422174 -0.35858158178674271 0.58495315956310712 0.23849385348898738 0.068243543766049297 -0.31320412088469268 0.015103419080766364 0.82387697773885449 -0.61617973042145235 -0.65175774842430945 -0.15747307883225586 -0.5200691109596508 -0.61335703048875079 0.38195380657152922 -0.095070925618446114 -0.26740339375834538 0.7315501488952636 -0.61617973042145235 0.8153969865046945 2.2171287994401232 -0.61588393206467329 -0.61934437723720426
leaf_weight=11.920103073120115 4738.1412584781647 1365.4636727571487 308.09548389911652 3541.8331553936005 12565.49735891819 18034.309799969196 2420.7259711623192 2946.5079399943352 14477.89675796032 4735.1561489105225 77.361047208309174 10440.67408144474 3602.2436479926109 23890.46446865797 6018.3848090171814 18885.22711622715 2627.4436915516853 74.971096515655518 2495.5000177025795 321.43562918901443 61.513116776943207 541.11806827783585 1270.8283718824387
leaf_count=1 5360 704 47 1981 12986 10382 2930 3070 9154 5648 28 10189 436 34775 6533 21719 3189 49 3150 245 67 712 1776
internal_value=0 0.000489942 0.00118106 0.000296537 0.00197189 0.000702246 -0.000284406 0.000297945 0.00178385 -0.00255213 0.00548401 -0.000330584 -0.00193802 -0.0025627 0.00136377 -0.000870658 -0.000728363 -0.00209083 -0.00175478 -0.00133494 -0.00285308 -0.00164732 -0.0023142
internal_weight=0 102125 53972.7 25486.5 28486.2 21576.1 48152.1 24143.7 27043.4 33327.9 1442.82 15178.8 3910.34 33316 8964.89 24008.4 21512.7 2495.7 8822.92 5056.59 24493.1 602.631 3766.33
internal_count=135131 88757 35718 12846 22872 12363 53039 25152 22140 46374 732 15549 483 46373 9603 27887 24908 2979 10819 5893 35554 779 4926
is_linear=0
shrinkage=0.03


Tree=10
num_leaves=28
num_cat=0
split_feature=9 15 3 31 5 15 23 31 22 25 25 22 3 30 40 25 26 31 31 30 28 25 32 31 31 31 32
split_gain=263.418 69.4115 46.4544 24.1779 32.0603 25.9636 15.8859 33.3024 14.8024 10.8854 8.89611 8.91748 7.89093 7.40795 6.62313 6.82969 3.60347 3.43906 11.5573 1.43191 0.765395 0.726386 1.33318 1.87408 0.531343 0.326788 3.46768
threshold=1.0000000180025095e-35 -1.3413228392601011 -15.996633052825926 33.576436996459968 -48.036029815673821 -1.9643303155899046 51.064086914062507 36.983333587646491 0.26348327100276953 -1.0366123959215655e-07 0.00051220477325841795 1.7432011961936953 -15.996633052825926 2081.7143554687505 1.0000000180025095e-35 -0.10741871967911719 -0.0034396204864606257 322.71667480468756 205.78333282470706 1334.6428222656252 810.50000000000011 -3.1982444036876552e-12 10.555000782012941 17.716667175292972 684.58331298828136 1306.5833129882815 321.93052673339849
decision_type=2 2 2 2 2 2 2 2 2 2 2 2 2 2 2 2 2 2 2 2 2 2 2 2 2 2 2
left_child=9 2 3 4 -2 -5 7 -4 14 16 12 -12 -10 -8 15 -3 -1 18 -18 -16 -19 22 23 -11 -24 -23 -27
right_child=1 8 6 5 -6 -7 13 -9 10 21 11 -13 -14 -15 19 -17 17 20 -20 -21 -22 25 24 -25 -26 26 -28
leaf_value=0.034075758619125408 3.1938671983782414 -0.29727548653932961 0.65570618105095113 0.27826429599507629 1.4248008624505728 1.8647005667945395 0.37633808886543796 0.026203758089271927 0.30364871122941428 -0.59769433850880882 0.32247914738720007 -0.1685982740760095 -0.11635001010807972 1.6588796914342716 -0.28660984446312404 -0.080595060903898841 -0.56473625572459074 -0.60470706984101097 0.56716694260073808 1.2295550881862152 -0.59884376024195651 -0.59495631957408834 -0.59769433850880882 1.7023055851972457 -0.60059939903281068 2.1506149354569195 -0.59740741410273313
leaf_weight=27.813573837280273 227.82203418016434 2449.1005681753159 5687.5478913784027 3176.373919904232 1715.7588410377502 768.66172748804092 16991.889400780201 27043.913040041924 1181.3267996907234 19.407882213592529 7418.7618233561516 1853.0780604481697 7436.8928774595261 475.73041617870331 1629.4670996665955 23556.715917170048 2998.0392660498619 1865.977089881897 960.28813183307648 57.236801981925964 724.4858785867691 23885.750672876835 1773.6830670237541 15.131568908691404 385.85501366853714 75.657844722270966 518.74966204166412
leaf_count=3 74 2961 3030 1994 769 490 15479 19793 1045 29 7531 375 5931 465 578 28087 3510 1988 1074 10 969 34906 2667 18 568 92 688
internal_value=0 0.000524258 0.00123096 0.00375253 0.00649548 0.00239671 0.000934838 0.000544279 -0.000344993 -0.00255167 0.000327021 0.000972412 -0.000365594 0.00166579 -0.00077967 -0.00066071 -0.00145361 -0.00150165 -0.000938987 -0.00260419 -0.00235528 -0.0028218 -0.00226401 0.00337401 -0.00236189 -0.00287114 -0.00207651
internal_weight=0 101670 56087.7 5888.62 1943.58 3945.04 50199.1 32731.5 45582.6 33250.8 17890.1 9271.84 8618.22 17467.6 27692.5 26005.8 6576.6 6548.79 3958.33 1686.7 2590.46 26674.2 2194.08 34.5395 2159.54 24480.2 594.408
internal_count=135124 88612 42094 3327 843 2484 38767 22823 46518 46512 14882 7906 6976 15944 31636 31048 7544 7541 4584 588 2957 38968 3282 47 3235 35686 780
is_linear=0
shrinkage=0.03


Tree=11
num_leaves=31
num_cat=0
split_feature=9 15 3 24 30 1 9 24 6 28 2 26 36 36 30 30 30 30 10 26 35 28 32 24 32 30 28 29 32 28
split_gain=254.726 65.8869 42.5371 18.8608 28.5252 16.6741 21.5934 13.5542 12.5134 11.5164 8.25817 8.15864 7.69508 5.0832 4.75868 4.41293 4.38187 8.70939 12.9093 9.42236 3.81409 0.837711 6.09064 0.76788 0.759193 0.367154 0.303235 0.266506 1.13372 0.261682
threshold=1.0000000180025095e-35 -1.3413228392601011 -15.996633052825926 -0.00043887474748771632 102.35714340209962 -5.172161102294921 0.056914281100034721 -4.4816073341280566e-07 9.639925956726076 14.500000000000002 -11.763778686523436 -0.0026721386238932605 0.40265040099620825 1.1857018470764162 2081.7143554687505 206.78571319580081 321.21427917480474 220.21428680419925 0.018440173007547859 -0.0044104747939854852 0.79988932609558117 810.50000000000011 236.45064544677737 -1.0004844175348636e-13 10.555000782012941 10.642857074737551 438.50000000000006 940.50000000000011 321.93052673339849 175.50000000000003
decision_type=2 2 2 2 2 2 2 2 2 2 2 2 2 2 2 2 2 2 2 2 2 2 2 2 2 2 2 2 2 2
left_child=7 2 3 4 -2 9 -7 16 10 -4 14 -5 15 -12 -3 -10 17 19 -19 -1 -14 29 -23 24 25 -9 -26 -25 -29 -18
right_child=1 8 5 11 -6 6 -8 23 12 -11 13 -13 20 -15 -16 -17 21 18 -20 -21 -22 22 -24 27 26 -27 -28 28 -30 -31
leaf_value=0.033053485860551672 2.2739110367891562 0.17411625963694385 0.93597178330218866 -0.15159684763537082 0.35760197327202659 0.2447633408383334 -0.14115571252014653 -0.57710762998686571 0.052130145220461326 0.36732324617687012 -0.14467011437976091 0.78385198982565818 0.20609115450132037 0.043876669748583619 0.072881157358018561 -0.23653835903775586 0.20213022602023897 -0.099068898403253697 0.90015197246968848 -0.4029024098975767 0.53766751182548556 0.20531981775244829 -0.59795071478977391 -0.57710762998686571 -0.57710762998686571 1.5512365702292192 -0.57710762998686571 -0.57710762998686571 -0.57710762998686571 -0.58881549440220915
leaf_weight=11.920103073120115 2044.8387089371681 1738.3234192728996 1575.03843998909 944.96871954202652 1094.8512737154961 34827.020751953125 7299.1801682710648 18.421040773391724 8427.1097062826157 6497.8413881659508 25492.992133140564 1803.9578204154968 3352.9045520424843 3189.4952916502953 39.123985588550568 2591.4295260310173 26.973666608333588 522.88256591558456 208.29198241233826 2963.07608294487 751.20133394002914 126.04437470436096 505.02051192522049 23219.244352579117 2295.3932567834854 38.486817002296448 957.56517124176025 233.88142776489258 560.52595490217209 1563.1123430132866
leaf_count=1 982 1220 747 312 942 32675 1033 28 8404 4312 26358 1091 3502 3501 9 2886 37 671 80 3405 638 107 729 33783 3448 53 1425 345 851 1549
internal_value=0 0.000500756 0.00118929 0.00360224 0.00519329 0.000905905 0.000666025 -0.002524 -0.000346132 0.00215568 -0.000696531 0.00177896 0.000358646 -0.000819822 0.00128424 -5.30672e-05 -0.00121892 -0.000581868 0.00234326 -0.0013061 0.00146752 -0.00227476 -0.00130074 -0.00280654 -0.00235111 0.000890441 -0.00241255 -0.00286863 -0.00223437 -0.00265136
internal_weight=0 101670 56087.7 5888.62 3139.69 50199.1 42126.2 33250.8 45582.6 8072.88 30459.9 2748.93 15122.6 28682.5 1777.45 11018.5 5927.32 3706.17 731.175 2975 4104.11 2221.15 631.065 27323.5 3309.87 56.9079 3252.96 24013.7 794.407 1590.09
internal_count=135124 88612 42094 3327 1924 38767 33708 46512 46518 5059 31088 1403 15430 29859 1229 11290 6579 4157 751 3406 4140 2422 836 39933 4954 81 4873 34979 1196 1586
is_linear=0
shrinkage=0.03


Tree=12
num_leaves=28
num_cat=0
split_feature=10 22 3 9 25 22 22 0 15 5 32 6 35 36 40 25 3 33 31 32 32 34 31 36 31 33 32
split_gain=250.691 65.412 32.0822 38.9882 22.6379 20.8242 19.403 16.5747 12.8264 21.2144 8.19757 7.53643 6.29697 5.43141 4.20651 3.72121 2.25311 1.18958 1.8724 6.2213 0.588099 0.429347 0.416733 0.339049 0.334815 4.6567 4.9512
threshold=1.0000000180025095e-35 0.26348327100276953 -15.996633052825926 0.056914281100034721 0.0038197024259716277 0.53019130229949962 3.0601226091384892 0.058249998837709434 -1.0541180968284605 1.0000000180025095e-35 4.6771636009216317 -54.753215789794915 1.3869864344596865 1.1857018470764162 1.0000000180025095e-35 -3.1982444036876552e-12 11.430290699005129 118.64254760742189 183.4714279174805 32.076103210449226 10.555000782012941 -1.7289702296257017 293.98333740234381 -1.4916151762008665 1306.5833129882815 309.53436279296881 236.45064544677737
decision_type=2 2 2 2 2 2 2 2 2 2 2 2 2 2 2 2 2 2 2 2 2 2 2 2 2 2 2
left_child=15 8 4 6 5 -3 -4 -5 9 10 -2 -6 -11 14 -10 17 -15 18 20 -20 -1 22 -19 -23 -17 26 -26
right_child=1 2 3 7 11 -7 -8 -9 13 12 -12 -13 -14 16 -16 24 -18 21 19 -21 -22 23 -24 -25 25 -27 -28
leaf_value=1.4046993968283972 0.30719017037357171 0.21335348021865633 0.40591776550408881 -0.38013356265583786 3.4145157755341029 1.5238386573286209 1.2293018544320438 0.055017067455646183 -0.13602938733752071 0.23744141061217902 -0.094366787116177978 0.10338671121863942 1.2711431943227465 0.030921568740367104 -0.25403295036240875 -0.55979440108725975 0.3608141036063936 -0.56245027945393855 1.3456069429988795 -0.32993890298259992 -0.56245027945393855 -0.56245027945393855 0.73473177369080689 -0.56245027945393855 -0.52877087569267167 -0.56217196278004511 2.9034096399988725
leaf_weight=58.552593529224396 55.920406877994537 1534.2508514523506 23514.465637862682 3570.0447325110435 31.336050987243652 3924.5319666266441 877.81615889072418 17670.23340600729 20123.715530276299 8927.8820239305496 18477.18297290802 2524.037136733532 101.95238864421844 2732.1874708533287 1460.1963447928429 23878.274044573307 147.02742958068848 20.065776526927948 26.644718885421753 650.65747356414795 1620.3936902880669 49.6710205078125 19.40788209438324 2338.8142809867859 28.947349011898041 527.96018242835999 28.94734925031662
leaf_count=83 24 1507 19721 424 10 2206 122 10248 24261 9575 19093 1275 117 3119 485 34899 170 30 27 950 2405 73 27 3506 30 702 35
internal_value=0 0.000418177 0.00115327 0.000845337 0.0029046 0.00399589 0.00166364 -9.37126e-05 -0.00033953 0.000103755 -0.000476604 0.000567192 0.00129652 -0.000839591 -0.00100305 -0.00272007 0.000380493 -0.00194468 -0.00144789 -9.289e-05 -0.00198538 -0.00242023 0.000365371 -0.00247261 -0.00287105 -0.00206304 0.00589455
internal_weight=0 105673 53646.7 45632.6 8014.16 5458.78 24392.3 21240.3 52026.1 27562.9 18533.1 2555.37 9029.83 24463.1 21583.9 29248.3 2879.21 4784.21 2356.25 677.302 1678.95 2427.96 39.4737 2388.49 24464.1 585.855 57.8947
internal_count=135124 92357 35513 30515 4998 3713 19843 10672 56844 28809 19117 1285 9692 28035 24746 42767 3289 7101 3465 977 2488 3636 57 3579 35666 767 65
is_linear=0
shrinkage=0.03


Tree=13
num_leaves=31
num_cat=0
split_feature=10 22 10 21 15 22 11 15 10 15 5 32 28 40 36 24 31 31 31 32 24 32 31 31 32 24 31 24 28 31
split_gain=246.038 57.339 20.2044 29.6767 33.9019 25.1403 54.346 25.0818 13.2122 13.1317 18.9348 8.11646 6.13708 5.45402 4.69656 3.32562 1.57648 1.02191 3.47013 5.6145 0.364552 1.37644 1.50681 0.373193 3.41824 0.355555 0.726554 0.250935 0.1635 0.155171
threshold=1.0000000180025095e-35 0.26348327100276953 0.032020458951592452 0.41579040884971624 -1.4136660695075987 3.0601226091384892 -0.18257532268762586 -2.5607135295867915 0.029489852488040928 -1.0541180968284605 1.0000000180025095e-35 4.6771636009216317 41.500000000000007 1.0000000180025095e-35 1.1857018470764162 -1.5799904495850111e-08 1306.5833129882815 322.71667480468756 183.4714279174805 32.076103210449226 -1.0004844175348636e-13 10.555000782012941 12.150000095367433 1306.5833129882815 321.93052673339849 -4.4816073341280566e-07 684.58331298828136 -4.2929918890877153e-06 122.50000000000001 94.01666641235353
decision_type=2 2 2 2 2 2 2 2 2 2 2 2 2 2 2 2 2 2 2 2 2 2 2 2 2 2 2 2 2 2
left_child=15 9 5 4 -4 8 -7 -5 -3 10 11 -2 -12 14 -11 17 -15 18 27 -20 21 22 -17 -22 -25 28 -27 -1 -19 -23
right_child=1 2 3 7 -6 6 -8 -9 -10 13 12 -13 -14 16 -16 20 -18 25 19 -21 23 29 -24 24 -26 26 -28 -29 -30 -31
leaf_value=-0.46883358856440049 0.29797446526236454 0.40583077565825848 0.98966716232726715 -0.3726780798415969 0.059760257261352479 1.230074281442344 -0.77142707446321546 0.131811611146751 1.5637578948818809 -0.13194850571739514 0.66184101260163974 -0.091535783502692605 0.22552521253760047 -0.24641196185153652 0.069765907715104727 -0.54300056905464189 1.2046295274828938 -0.087024198644045328 1.3052387347089129 -0.020040735893121882 -0.54300056905464189 -0.54300056905464189 1.5625583386296 2.0163074270928516 -0.54530680389664377 -0.55237912046255644 -0.25246008034605566 -0.55131478993351535 -0.56313868496246244 -0.54300056905464189
leaf_weight=355.26292806863785 55.920406877994537 17356.620103120804 5086.1400943994522 6026.581523001194 6837.6512523293495 347.09481680393219 343.05506324768066 16699.526508867741 950.04657930135727 20123.715530276299 584.28526026010513 18477.18297290802 8445.5491523146629 1480.1250993013382 2807.6414452791214 18.092093586921692 51.644700646400452 21.052617847919464 26.644718885421753 538.48649287223816 23461.826944231987 652.96010482311249 17.105251848697662 75.657844722270966 470.72337716817856 278.61824136972427 230.59195572137833 770.39423966407776 820.39420819282532 1510.525342643261
leaf_count=521 24 15610 2360 914 5925 41 46 9966 651 24261 619 19093 9073 526 3238 27 10 29 27 775 34266 973 21 92 615 418 332 1150 1238 2283
internal_value=0 0.000387897 0.00107614 0.000644378 0.00185644 0.00186284 0.00748785 7.75636e-06 0.00164976 -0.0003215 0.000127047 -0.000421198 0.00125391 -0.000827489 -0.000710775 -0.00272109 -0.00256417 -0.0017683 -0.00125729 0.000639945 -0.00283105 -0.00241363 0.00325654 -0.0028686 -0.00199541 -0.00239619 -0.00168981 -0.00222298 -0.00280459 -0.00251354
internal_weight=0 105673 53646.7 34649.9 11923.8 18996.8 690.15 22726.1 18306.7 52026.1 27562.9 18533.1 9029.83 24463.1 22931.4 29248.3 1531.77 3041.45 1690.79 565.131 26206.9 2198.68 35.1973 24008.2 546.381 1350.66 509.21 1125.66 841.447 2163.49
internal_count=135124 92357 35513 19165 8285 16348 87 10880 16261 56844 28809 19117 9692 28035 27499 42767 536 4490 2473 802 38277 3304 48 34973 707 2017 750 1671 1267 3256
is_linear=0
shrinkage=0.03


Tree=14
num_leaves=24
num_cat=0
split_feature=39 15 12 22 5 9 25 25 11 22 12 25 36 40 32 25 25 15 25 15 20 25 29
split_gain=239.457 56.209 37.3266 30.0019 30.6928 26.5924 17.0736 16.1804 12.8742 10.9366 9.72278 9.18781 6.09502 4.97649 3.92711 3.49132 10.3437 2.53624 2.24061 1.36849 1.34459 0.92493 0.598811
threshold=1.0000000180025095e-35 -1.3413228392601011 0.70710840821266185 0.43906429409980779 -3.1740891933441158 0.4548951536417008 -0.004003536654636263 -1.0366123959215655e-07 -0.14430988579988477 0.29247219860553747 0.71620547771453869 0.0014734606374986472 1.1857018470764162 1.0000000180025095e-35 396.78665161132818 -0.00021489196660695595 -0.0015764840063638983 -3.498293280601501 -0.10741871967911719 -2.2325954437255855 5.3434672355651864 -3.1982444036876552e-12 344.50000000000006
decision_type=2 2 2 2 2 2 2 2 2 2 2 2 2 2 2 2 2 2 2 2 2 2 2
left_child=1 2 8 6 -5 7 -4 15 14 12 20 -12 13 -3 -1 16 -2 21 -14 -19 -11 -9 -17
right_child=5 9 3 4 -6 -7 -8 17 -10 10 11 -13 18 -15 -16 22 -18 19 -20 -21 -22 -23 -24
leaf_value=-0.47361211462829872 -0.56557395245157682 -0.11151640071650515 -0.17305419674600878 0.99396572989195964 0.53907589322879335 14.279945604502027 0.21411433233718766 -0.52928675399868119 0.74132711593827694 -0.49269718700708176 -0.034843290858430721 0.2332504714497447 -0.22904361510616494 -0.29080158468197675 0.27541183014401094 -0.42436183063240535 0.39657192617349041 -0.14658445195989298 0.10697725862158919 -0.27976141907066276 -0.26252322634283792 -0.52671055198300276 -0.53580774684867971
leaf_weight=3039.7702373862267 2123.5374091863632 24317.561623692513 4756.7200860381126 7818.6840522885323 15601.961489856243 78.099561214447021 22335.621884286404 2194.0775318145752 96.04947829246521 814.18352341651917 7374.4680514931679 7350.5312268137932 311.107426404953 960.52564704418182 115.96046656370163 2849.6761347651482 1535.3046625852585 511.29982960224152 3146.3007805943489 1087.9684815406799 454.92358601093292 24738.330852210522 1308.4528474807739
leaf_count=739 733 29190 4458 4083 6829 8 24912 3282 18 122 6027 6575 355 459 38 4148 1438 190 3594 154 80 35744 1948
internal_value=0 0.000468106 0.00112185 0.00132259 0.00210921 -0.00237863 0.000641989 -0.00241665 -0.00199156 -0.000317355 0.000310773 0.000528767 -0.000667491 -0.000829302 -0.00232514 -0.00120387 -0.000522087 -0.00274837 0.000511167 -0.00156554 -0.00220593 -0.00281802 -0.00180004
internal_weight=0 98494.4 53764.8 50513 23420.6 36426.7 27092.3 36348.6 3251.78 44729.6 15994.1 14725 28735.5 25278.1 3155.73 7816.97 3658.84 28531.7 3457.41 1599.27 1269.11 26932.4 4158.13
internal_count=135124 87479 41077 40282 10912 47645 29370 47637 795 46402 12804 12602 33598 29649 777 8267 2171 39370 3949 344 202 39026 6096
is_linear=0
shrinkage=0.03


Tree=15
num_leaves=27
num_cat=0
split_feature=39 15 12 4 10 9 10 6 18 8 12 1 10 6 9 33 0 30 10 30 10 30 32 33 33 6
split_gain=225.571 44.8372 32.7821 30.2932 18.6253 17.9528 14.1179 12.4621 10.2834 7.44145 7.63917 6.89253 6.31177 29.5453 4.92295 4.38602 10.8671 8.53211 4.12032 2.64479 2.22463 1.5717 3.36786 9.80908 0.407258 0.363695
threshold=1.0000000180025095e-35 -1.1607540249824522 0.70710840821266185 -28.90583515167236 0.054664952680468566 0.57377308607101452 1.0000000180025095e-35 10.687604904174806 -0.15026325732469556 0.061639599502086646 8.4596681594848651 15.352089881896974 0.044786237180233009 -3.8188130855560298 0.12086655199527742 79.41089248657228 0.73725000023841869 321.21427917480474 0.4041373878717423 1334.6428222656252 0.0059702061116695413 165.07142639160159 29.25242900848389 47.420829772949226 309.53436279296881 -3.8188130855560298
decision_type=2 2 2 2 2 2 2 2 2 2 2 2 2 2 2 2 2 2 2 2 2 2 2 2 2 2
left_child=1 2 12 4 -4 -5 21 8 18 10 -9 -11 13 -1 -10 19 17 -17 -3 20 -8 25 23 -23 -24 -2
right_child=6 7 3 5 -6 -7 15 9 14 11 -12 -13 -14 -15 -16 16 -18 -19 -20 -21 -22 22 24 -25 -26 -27
leaf_value=0.79728568121176746 0.20796227639568951 0.021414717631112374 0.40423596913957321 0.21489298023691197 1.6435557114868837 2.3072984325151564 -0.12590326968426699 -0.11864326263470495 -0.074620546037074922 0.25174911440109476 0.31867440971656458 -0.7653044727537277 -0.37074070217244237 -0.63226024758159871 -0.20762733584537085 0.40196187330061728 0.25664448124378242 -0.5486067338780295 0.54123294437004621 -0.41102357802843464 -0.53132053739926677 -0.042037742677796822 -0.51090923542351263 1.278812427586618 -0.51090923542351263 -0.51090923542351263
leaf_weight=146.53449702262878 20.39472359418869 1000.494597196579 1729.0545836091042 49289.010497152805 1795.7593593001366 709.16596782207489 1244.0009126663208 5145.2240831255913 14412.541162073612 7366.3974264860153 41.3985435962677 927.90859717130661 2108.7901954650879 892.93773359060287 11540.494344711304 1528.5993770956993 26.315770626068115 1991.0896592736244 781.30784726142883 98.684140682220459 2168.6599748730659 63.815745830535889 6024.3381980657578 18.749987363815308 2676.3140542507172 20517.420963048935
leaf_count=27 29 986 1183 41583 689 71 1535 5638 16168 7642 39 429 237 524 11410 1197 3 1450 693 13 627 44 8526 19 3767 30245
internal_value=0 0.000376571 0.0009242 0.00109938 0.00378856 0.000909461 -0.00239003 -0.000376052 -0.000739919 0.000371433 -0.000518009 0.000929428 -0.00204896 -0.0001205 -0.000891644 -0.00118147 -0.000431698 -0.000580701 0.00146127 -0.00193421 -0.00207687 -0.00268038 -0.00233414 0.00360922 -0.00239247 -0.00282766
internal_weight=0 97887 56671.3 53523 3524.81 49998.2 36378.4 41215.8 27734.8 13480.9 5186.62 8294.31 3148.26 1039.47 25953 7057.35 3546 3519.69 1781.8 3511.35 3412.66 29321 8783.22 82.5657 8700.65 20537.8
internal_count=134774 87319 44314 43526 1872 41654 47455 43005 29257 13748 5677 8071 788 551 27578 4825 2650 2647 1679 2175 2162 42630 12356 63 12293 30274
is_linear=0
shrinkage=0.03


Tree=16
num_leaves=29
num_cat=0
split_feature=39 15 12 7 4 24 24 5 1 10 32 10 10 4 12 30 30 30 11 11 30 33 38 12 38 28 12 28
split_gain=220.094 41.7178 34.3693 29.1947 20.2439 15.2619 13.7411 10.2822 8.16463 6.1937 5.90622 4.90001 43.8313 4.8784 5.91724 5.09664 4.42533 11.3148 20.9776 4.86997 2.23605 4.99194 1.93262 1.62825 0.918895 0.755956 13.0873 0.386501
threshold=1.0000000180025095e-35 -1.2165518999099729 0.70710840821266185 0.0061750262975692758 -28.90583515167236 -4.4816073341280566e-07 -0.0036946680629625912 26.168745040893558 24.123020172119144 0.11729039251804353 997.21929931640636 0.032020458951592452 0.029489852488040928 -18.19689846038818 0.86484503746032726 20.071428298950199 321.21427917480474 220.21428680419925 -0.18257532268762586 -0.40317764878273005 1040.5000000000002 309.53436279296881 3.1222980022430424 0.74156939983367931 -4.3460440635681143 810.50000000000011 0.70710840821266185 175.50000000000003
decision_type=2 2 2 2 2 2 2 2 2 2 2 2 2 2 2 2 2 2 2 2 2 2 2 2 2 2 2 2
left_child=1 2 11 6 -5 16 -4 13 10 20 -9 12 -1 14 -3 -15 17 19 -19 -2 22 -22 -7 -10 -13 27 -27 -18
right_child=5 7 3 4 -6 9 -8 8 23 -11 -12 24 -14 15 -16 -17 25 18 -20 -21 21 -23 -24 -25 -26 26 -28 -29
leaf_value=-0.77288660667910802 3.8920264068149706 -0.25240891317144049 -0.10565532317183138 1.0747168098832556 0.48483823173454416 -0.49558195836080732 0.2085837360988092 0.44945761749984608 -1.7154107644704022 0.24894514680646895 -0.75927286892928503 -0.38128529217711687 1.0085280442568081 0.13203911279051225 0.27600825048109356 -0.10666545611995414 0.24360868556424886 0.78893950546012004 0.054768438282968145 -0.39130508999666552 1.6869467979022612 -0.49558195836080732 0.064193367852161634 -0.33943140025328139 -0.35894229703426994 0.19214947297961354 -0.51484301494542284 -0.51503611167355068
leaf_weight=726.39785975217819 107.23791188001633 567.11652159690857 7389.888253390789 2101.7665841579437 18091.79737496376 27583.3279774189 24687.5218359828 3694.3564697504044 442.19919192790985 56.734919548034668 258.62757575511932 142.14643287658691 51.723924160003662 2877.673297226429 1720.8345701098442 32525.71865862608 28.289455235004425 154.68769252300262 743.81478381156921 3599.0511503219604 255.9208796620369 1073.2721193432808 141.31620180606842 409.07024985551834 2200.1806354522705 49.014019250869751 669.93807089328766 1915.778325676918
leaf_count=511 116 425 4971 1135 11382 38472 24901 3630 74 7 173 15 10 2263 1817 35501 39 96 731 3718 216 1405 75 262 249 35 876 1669
internal_value=0 0.000359051 0.000901586 0.00108437 0.0019782 -0.00237375 0.000521183 -0.000347772 0.000958143 -0.00268117 0.00153405 -0.00215507 -7.25275e-05 -0.000514637 0.000825049 -0.000601648 -0.00114027 -0.00057273 0.00244088 -0.00130759 -0.00270092 -0.00147359 -0.00275919 -0.00169785 -0.00284032 -0.00211571 -0.00123971 -0.00243155
internal_weight=0 97887 55391.4 52271 20193.6 36378.4 32077.4 42495.6 4804.25 29110.6 3952.98 3120.45 778.122 37691.3 2287.95 35403.4 7267.81 4604.79 898.502 3706.29 29053.8 1329.19 27724.6 851.269 2342.33 2663.02 718.952 1944.07
internal_count=134774 87319 43174 42389 12517 47455 29872 44145 4139 40175 3803 785 521 40006 2242 37764 7280 4661 827 3834 40168 1621 38547 336 264 2619 911 1708
is_linear=0
shrinkage=0.03


end of trees

feature_importances:
volume_mean_30d=38
price_std_60d=32
macd_signal=30
price_log=26
volume_std_30d=24
price_std_20d=22
macd_line=21
volume_mean_7d=20
bb_width=19
macd_histogram=15
volume_std_60d=15
volume_lag_1d=14
return_1d=12
return_30d=12
return_60d=12
vol_regime_60_30=12
return_7d=10
volume_zscore_30d=10
return_3d=9
price_std_14d=9
price_lag_1d=8
price_zscore_30d=8
rsi_missing=8
price_accel_7d=7
volume_lag_7d=6
volume_log_change_7d=5
macd_missing=5
return_14d=4
trend_divergence_30_60=4
log_return_7d=4
volume_log_change_1d=4
price_std_7d=3
volume_price_conf_1d=3
log_return_1d=2
bb_pct_b=2
autocorr_7d=1
rsi_14=1
volume_price_conf_7d=1

parameters:
[boosting: gbdt]
[objective: quantile]
[metric: quantile]
[tree_learner: serial]
[device_type: cpu]
[data_sample_strategy: bagging]
[data: ]
[valid: ]
[num_iterations: 1000]
[learning_rate: 0.03]
[num_leaves: 31]
[num_threads: -1]
[seed: 42]
[deterministic: 0]
[force_col_wise: 0]
[force_row_wise: 0]
[histogram_pool_size: -1]
[max_depth: 5]
[min_data_in_leaf: 15]
[min_sum_hessian_in_leaf: 0.001]
[bagging_fraction: 0.7]
[pos_bagging_fraction: 1]
[neg_bagging_fraction: 1]
[bagging_freq: 5]
[bagging_seed: 400]
[feature_fraction: 0.6]
[feature_fraction_bynode: 1]
[feature_fraction_seed: 30056]
[extra_trees: 0]
[extra_seed: 12879]
[early_stopping_round: 0]
[early_stopping_min_delta: 0]
[first_metric_only: 0]
[max_delta_step: 0]
[lambda_l1: 0.5]
[lambda_l2: 0.5]
[linear_lambda: 0]
[min_gain_to_split: 0.1]
[drop_rate: 0.1]
[max_drop: 50]
[skip_drop: 0.5]
[xgboost_dart_mode: 0]
[uniform_drop: 0]
[drop_seed: 17869]
[top_rate: 0.2]
[other_rate: 0.1]
[min_data_per_group: 100]
[max_cat_threshold: 32]
[cat_l2: 10]
[cat_smooth: 10]
[max_cat_to_onehot: 4]
[top_k: 20]
[monotone_constraints: ]
[monotone_constraints_method: basic]
[monotone_penalty: 0]
[feature_contri: ]
[forcedsplits_filename: ]
[refit_decay_rate: 0.9]
[cegb_tradeoff: 1]
[cegb_penalty_split: 0]
[cegb_penalty_feature_lazy: ]
[cegb_penalty_feature_coupled: ]
[path_smooth: 0]
[interaction_constraints: ]
[verbosity: -1]
[saved_feature_importance_type: 0]
[use_quantized_grad: 0]
[num_grad_quant_bins: 4]
[quant_train_renew_leaf: 0]
[stochastic_rounding: 1]
[linear_tree: 0]
[max_bin: 63]
[max_bin_by_feature: ]
[min_data_in_bin: 3]
[bin_construct_sample_cnt: 200000]
[data_random_seed: 175]
[is_enable_sparse: 1]
[enable_bundle: 1]
[use_missing: 1]
[zero_as_missing: 0]
[feature_pre_filter: 0]
[pre_partition: 0]
[two_round: 0]
[header: 0]
[label_column: ]
[weight_column: ]
[group_column: ]
[ignore_column: ]
[categorical_feature: ]
[forcedbins_filename: ]
[precise_float_parser: 0]
[parser_config_file: ]
[objective_seed: 16083]
[num_class: 1]
[is_unbalance: 0]
[scale_pos_weight: 1]
[sigmoid: 1]
[boost_from_average: 1]
[reg_sqrt: 0]
[alpha: 0.9]
[fair_c: 1]
[poisson_max_delta_step: 0.7]
[tweedie_variance_power: 1.5]
[lambdarank_truncation_level: 30]
[lambdarank_norm: 1]
[label_gain: ]
[lambdarank_position_bias_regularization: 0]
[eval_at: ]
[multi_error_top_k: 1]
[auc_mu_weights: ]
[num_machines: 1]
[local_listen_port: 12400]
[time_out: 120]
[machine_list_filename: ]
[machines: ]
[gpu_platform_id: -1]
[gpu_device_id: -1]
[gpu_use_dp: 0]
[num_gpu: 1]

end of parameters

pandas_categorical:[]
