tree
version=v4
num_class=1
num_tree_per_iteration=1
label_index=0
max_feature_idx=54
objective=quantile
feature_names=price_lag_1d return_1d return_3d return_7d return_14d return_30d return_60d price_std_7d price_std_14d price_std_20d price_std_30d price_std_60d price_zscore_30d vol_regime_60_30 trend_divergence_30_60 price_accel_7d price_log price_tier log_return_1d log_return_7d autocorr_1d autocorr_7d bb_pct_b bb_width rsi_14 macd_line macd_signal macd_histogram distance_to_support distance_to_resistance volume_missing volume_lag_1d volume_lag_7d volume_mean_30d volume_std_30d volume_std_60d volume_log_change_1d volume_log_change_7d volume_zscore_30d volume_price_conf_7d volume_price_conf_1d rsi_missing macd_missing dow_sin dow_cos events_next_30d_major events_next_30d_operation events_next_30d_case_drop events_next_30d_update events_next_30d_game_update item_type_graffiti item_type_skin item_type_sticker item_type_unknown item_volume_vs_market_30d
feature_infos=[0.029999999329447746:960.7130126953125] [-99.536705017089844:500] [-99.492156982421875:500] [-99.509979248046875:500] [-99.901214599609375:500] [-99.499412536621094:500] [-99.499412536621094:500] [0:167.40560913085938] [0:119.09705352783203] [0:135.57257080078125] [0:112.72939300537109] [0:97.889312744140625] [-4.8795590400695801:5.2946515083312988] [0.70205938816070557:761.94976806640625] [-112984214994944:140802198077440] [-599.50994873046875:534.69384765625] [-3.5065579414367676:6.86767578125] [0:4] [-5.3745660781860352:6.8952875137329102] [-5.3184762001037598:6.9452981948852539] [-49768.35546875:222115.390625] [-49754.98828125:50974.09765625] [-0.51409953832626343:1.5621322393417358] [0.0062784175388514996:17.437114715576172] [0:99.844482421875] [-24.237356185913086:40.936752319335938] [-16.600063323974609:26.537761688232422] [-17.223386764526367:29.474584579467773] [1.9274705665090278e-14:106457.8984375] [0.010915839113295078:106457.8984375] none [1:197735] [1:197735] [1:125869.734375] [0:64217.12890625] [0:67507.5625] [-6.4329400062561035:6.5171170234680176] [-6.0185933113098145:7.2102642059326172] [-4.1069283485412598:5.2931628227233887] [-99.499412536621094:500] [-99.341239929199219:500] [0:1] [0:1] [-0.97492790222167969:0.97492790222167969] [-0.90096884965896606:1] [0:1] [0:1] [0:1] none [0:2] [0:1] [0:1] [0:1] none [0.00099037075415253639:352.26205444335938]
tree_sizes=5714 5792 5800 5847 5836 5614 5892 5387 5360 5253 5998 5958 5996

Tree=0
num_leaves=55
num_cat=0
split_feature=16 2 49 24 12 28 29 6 35 45 23 23 49 13 8 8 33 34 12 26 35 13 1 34 13 49 15 14 15 24 23 52 6 10 22 54 26 28 26 29 10 1 54 6 26 38 3 16 23 13 23 7 28 15
split_gain=4339.98 445.857 187.407 161.265 124.741 122.852 72.3 61.0053 49.0348 43.1366 40.0093 31.2586 26.0141 23.4605 21.4859 20.2297 20.2642 19.6464 17.6559 14.5591 11.6851 11.6843 10.8955 10.7597 10.2254 22.9207 9.81535 7.33335 7.20813 8.85229 7.02874 5.97475 5.53159 5.48933 5.34972 4.83282 4.83159 4.65834 4.47792 4.32646 7.50345 4.25211 5.45441 3.62493 3.40364 3.04769 2.93343 4.32546 2.69833 2.81431 2.67704 3.12259 2.56747 2.50837
threshold=-3.498293280601501 14.263868331909181 1.5000000000000002 24.784466743469242 -0.62143209576606739 20.831138610839847 11.112301826477053 41.170942306518562 46.329853057861335 1.0000000180025095e-35 0.7443651854991914 0.7443651854991914 1.0000000180025095e-35 0.72160339355468761 0.011658251751214268 0.047250123694539077 137.67708587646487 232.34822845458987 -0.32215704023838038 0.0032919101649895315 12.378100872039797 1.0534912347793581 13.26772451400757 59.753629684448249 0.88916781544685375 1.5000000000000002 53.130611419677741 0.64618486166000377 -1.6102795004844663 48.655742645263679 0.13389915227890017 1.0000000180025095e-35 -43.427698135375969 0.04468676075339318 0.72764247655868541 0.12948403507471087 -0.030679585412144657 23.568457603454593 -2.9884361651966167e-08 42.310508728027351 0.025454172864556316 -1.0000000180025095e-35 0.20038945227861407 -9.1601052284240705 0.10664615407586099 -0.51516056060791005 -9.8924145698547346 -2.522613406181335 0.17688594758510592 1.4939163327217104 0.64672100543975841 1.0000000180025095e-35 4.3542454242706308 12.752571582794191
decision_type=2 2 2 2 2 2 2 2 2 2 2 2 2 2 2 2 2 2 2 2 2 2 2 2 2 2 2 2 2 2 2 2 2 2 2 2 2 2 2 2 2 2 2 2 2 2 2 2 2 2 2 2 2 2
left_child=4 2 3 6 14 7 21 8 -5 17 12 22 -7 -12 23 20 -17 32 28 -9 -8 45 27 30 25 43 31 34 29 -6 -1 36 -4 -29 35 -3 -13 -34 -26 48 -41 -32 -43 -20 -38 -2 -33 -48 -25 -50 51 -30 -19 -36
right_child=1 11 9 5 18 10 15 19 -10 -11 13 26 -14 -15 -16 16 -18 52 24 -21 -22 -23 -24 39 38 -27 -28 33 50 -31 41 46 37 -35 53 -37 44 -39 -40 40 -42 42 -44 -45 -46 -47 47 -49 49 -51 -52 -53 -54 -55
leaf_value=0 0.077504906223711215 0.10582400215936105 -0.076806978109820567 0.11708187724181039 0.55028482697245262 -0.23826883530031268 0.30092927711732764 -0.9281912693531249 0 -0.20456684783455115 -0.0087644606483473012 -0.85157822831396746 0.1175822275370262 -0.79857437590231584 0 -0.54280065608315176 -1.3310874912106352 0.20083388065969579 0 -0.26544130913376929 -0.39082727995674182 -0.33816385340752531 -1.1584943615253211 0 0 0.11220202452861464 -3.8011945271168179 0.075460996849846459 0 0 0.73371308513685329 0 1.1333461996701144 -0.44831890252142303 -0.97395548498006712 -0.58221617450744279 -1.4739772600869987 0.49003240223082351 0 0 0.91714134330125396 0 0.36685654256842665 0 -0.64029770994770607 0.58776357446477845 -0.57709604873386988 -2.6212753411203371 0 0.55028482697245262 0 0 -0.033968198628924924 -0.58160187225869209
leaf_weight=48.99407970905304 127.64622676372528 163.49991619586945 26.867635846138 28393.452761352062 40.219849705696106 5355.6149975657463 102.9502494931221 496.93343424797058 16803.232326328754 148.38097369670868 490.82726526260376 115.50257241725922 2223.4243239760399 2403.0906502008438 170.79530984163284 882.47730296850204 1227.6536946296692 31.568570733070374 183.41584831476212 441.68845307826996 2060.5283058285713 86.958292186260223 766.32589483261108 48.785812973976135 5413.7753028869629 75.362514436244965 1279.6121261715889 340.27078288793564 398.6908912062645 113.12701255083084 146.65935826301575 73.624088287353516 1144.459940969944 170.53883326053619 277.79575234651566 141.46732288599014 958.57484298944473 124.11103898286819 23465.904734432697 131.06159257888794 39.132710039615631 92.994548439979553 101.45280534029007 2043.8106536269188 115.38634985685349 337.84626358747482 92.518582403659821 152.88988274335861 81.185711026191711 42.778642058372498 291.95666629076004 223.38970553874969 96.307383358478546 309.08375126123428
leaf_count=38 31 137 28 27546 23 5386 45 370 18192 153 106 44 1718 1081 71 658 876 33 48 421 2122 119 676 70 5159 32 397 383 350 94 107 35 1411 165 187 114 270 127 29631 124 44 68 97 1147 25 73 41 85 107 47 97 190 118 292
internal_value=-0.00916303 -0.00119875 4.98048e-05 -0.000428615 -0.0254856 0.000392791 -0.0100844 0.00161601 0.00190659 0.0188086 -0.00498483 -0.0170872 -0.00286243 -0.0105024 -0.00516421 -0.0125163 -0.0164103 0.021774 -0.0260515 -0.0122464 -0.00866176 0.00851864 -0.0120036 -0.00090098 -0.0262995 -0.0224152 -0.0209967 -0.00894611 -0.0186861 -0.00649683 0.00517354 -0.0176978 0.0238065 -0.00337402 -0.0120069 -0.00548466 -0.019605 0.0243297 -0.0266046 -0.00812571 -0.0144077 0.00818104 0.00214655 -0.0234362 -0.0208217 0.0120801 -0.0102043 -0.0130877 -0.00125597 0.00234602 -0.0206014 -0.017871 0.000304672 -0.0151939
internal_weight=101117 67963.1 63006 61434.3 33153.5 56608.3 4826.06 46135.3 45196.7 1571.7 10473 4957.09 7579.04 2893.92 903.841 4273.61 2110.13 1423.31 32249.7 938.622 2163.48 552.451 2168.98 733.045 31182.3 2302.59 2788.11 1402.66 1067.38 153.347 390.101 1508.5 1295.44 510.81 891.847 304.967 1189.46 1268.57 28879.7 342.944 170.194 341.107 194.447 2227.23 1073.96 465.492 319.033 245.408 172.75 123.964 914.037 622.081 127.876 586.88
internal_count=101009 63465 60614 58744 37544 54820 3924 46529 45738 1870 8291 2851 7104 1187 773 3701 1534 1717 36771 791 2167 223 1954 702 36017 1227 897 1278 754 117 310 500 1566 548 730 251 339 1538 34790 392 168 272 165 1195 295 104 161 126 224 154 637 540 151 479
is_linear=0
shrinkage=0.0550285


Tree=1
num_leaves=55
num_cat=0
split_feature=16 2 24 12 28 29 35 47 1 23 1 45 13 42 8 11 8 38 4 33 0 25 13 19 19 25 34 4 35 35 33 13 14 33 15 23 12 2 33 33 5 16 29 8 4 29 10 0 54 10 54 11 23 38
split_gain=4412.71 411.79 143.118 124.741 117.719 66.7918 49.0771 52.4583 45.2063 38.9267 38.8433 33.5755 29.7968 24.3546 22.1289 21.5982 21.4859 21.331 18.4515 16.9249 13.8468 26.3518 18.0001 13.4491 12.4688 11.0331 10.7597 9.85124 9.82057 8.61287 17.4807 8.2895 8.24154 7.95335 7.53164 7.02874 6.69449 10.4776 5.76976 4.79654 4.6918 4.51445 5.74779 4.49026 4.41664 4.32646 7.50345 4.25211 5.45441 3.88224 3.36375 3.26938 3.16577 2.97595
threshold=-3.498293280601501 14.263868331909181 24.784466743469242 -0.62143209576606739 17.849355697631839 11.112301826477053 46.329853057861335 1.0000000180025095e-35 -3.6698377132415767 0.7443651854991914 20.574491500854496 1.0000000180025095e-35 0.70747444033622753 1.0000000180025095e-35 0.047250123694539077 1.0000000180025095e-35 0.011658251751214268 0.76444056630134594 48.985910415649421 417.38333129882818 7.7634999752044687 -0.022691817022860047 2.5386097431182866 -0.0046086376532912246 0.048015132546424873 0.0012883454328402879 59.753629684448249 16.778962135314945 12.378100872039797 42.528936386108406 118.9833335876465 1.0534912347793581 0.76209980249404918 89.171566009521499 53.130611419677741 0.13389915227890017 -0.35562849044799799 -1.0000000180025095e-35 174.78333282470706 174.78333282470706 -21.329183578491207 -2.9141628742218013 186.19493103027347 0.023160038515925411 10.590054988861086 42.310508728027351 0.025454172864556316 0.03024999983608723 0.20038945227861407 3.6921201944351201 0.62220042943954479 0.001341272203717381 0.14200010150671008 -0.51516056060791005
decision_type=2 2 2 2 2 2 2 2 2 2 2 2 2 2 2 2 2 2 2 2 2 2 2 2 2 2 2 2 2 2 2 2 2 2 2 2 2 2 2 2 2 2 2 2 2 2 2 2 2 2 2 2 2 2
left_child=3 2 5 16 6 31 8 11 24 20 13 -8 -10 27 28 -5 26 -9 25 23 21 -6 -22 -16 -4 -11 35 41 -7 30 36 53 -30 49 43 -1 37 -17 -32 -20 -35 44 -43 50 -3 -28 -47 48 -37 -29 -12 -38 -31 -2
right_child=1 10 4 15 9 14 7 17 12 18 34 -13 -14 -15 19 29 -18 -19 39 -21 22 -23 -24 -25 -26 -27 45 33 32 52 38 -33 -34 40 -36 47 51 -39 -40 -41 -42 42 -44 -45 -46 46 -48 -49 -50 -51 -52 -53 -54 -55
leaf_value=0 0.073239928832628101 -0.15287813626224811 0.3223618920357661 0 -0.87948684335885685 0.28436959559838226 0.14354233523800011 -0.26067013182410231 0.5065228882740157 -0.51808970281201994 -1.094744174597269 -0.07813445109872641 0.076933650084117983 -1.7656301484270851 -0.49953946994983939 0.15314693220460313 0 0.16060539942487861 -1.8718024203829462 -1.7742313939845999 0.040825441618640823 -0.068146727534425147 0.3850374803925567 -1.5729301199990773 -0.0064428380559619575 -0.14307661610311481 0 -1.0953011459769413 -0.46728505557497407 0 0.086591579851783645 -0.23933736888726737 -0.1143661623029887 -1.0321571653445543 -3.8442977570962542 0 0 0 0 -1.1438025622289605 -0.52052880784892519 -0.25693489953507714 -0.8918276707578201 -1.6657164271222991 0.081110732152830392 0 0.86667244676047273 0.69333796732665753 0.34666898366332877 -0.38239350877546879 -0.18082085894398234 0 0 0.55541983677727236
leaf_weight=48.99407970905304 127.64622676372528 165.96186792850494 5821.7151173949242 24774.904243946075 476.55268537998199 102.9502494931221 9832.1156502962112 3014.8201941251755 409.16832333803177 1677.8703093528748 244.97002732753754 3663.0727779865265 21007.842430531979 677.39808839559555 1295.0359737873077 72.83187460899353 170.79530984163284 626.89758461713791 445.70649498701096 499.69786953926086 439.60822069644928 8788.6055055260658 122.640052318573 323.79363811016083 510.49668139219284 1169.4148059487343 172.75016605854034 765.32157021760941 1472.5891550183296 418.79370182752609 100.79226088523865 93.895586788654327 620.58570086956024 31.327069938182831 1115.9803514480591 92.994548439979553 450.55148279666901 211.9631718993187 70.367284595966339 125.45259320735931 402.38177078962326 716.85530799627304 158.61255270242691 451.70248335599899 77.998936712741852 131.06159257888794 39.132710039615631 146.65935826301575 101.45280534029007 83.595336675643921 64.985335052013397 1181.1414314508438 4968.3077269792557 337.84626358747482
leaf_count=38 31 138 4477 32110 237 45 9966 3385 101 549 190 4345 22261 205 1153 27 71 744 231 249 506 8865 42 144 352 499 224 511 1414 521 72 129 741 11 322 68 628 136 15 75 406 704 56 173 54 124 44 107 97 31 50 435 2827 73
internal_value=-0.00902686 -0.000996158 0.000203692 -0.0254856 0.000964872 -0.00885056 0.00231156 0 0.00374144 -0.00359017 -0.0162657 0.00157777 0.00252593 -0.0123754 -0.0111813 -0.0260515 -0.00516421 -0.00586385 -0.00865588 -0.0152413 -0.00181617 -0.00233397 0.00651019 -0.0123551 0.00783416 -0.00677796 -0.00090098 -0.00968619 -0.00720961 -0.0233307 -0.0200027 0.00891865 -0.00805437 -0.0130477 -0.0225776 0.00517354 -0.0215154 -0.0127394 -0.00239919 -0.0177969 -0.00652794 -0.0057282 -0.00758148 -0.0178132 0.000476946 -0.00812571 -0.0144077 0.00818104 0.00214655 -0.0162375 -0.0118181 -0.022971 -0.0245961 0.0119982
internal_weight=101117 67963.1 63006 33153.5 58132 4874.04 44886.1 17136.9 27749.2 13245.9 4957.09 13495.2 21417 3079.45 4314.65 32249.7 903.841 3641.72 3418.44 2118.53 9827.41 9265.16 562.248 1618.83 6332.21 2847.29 733.045 2402.05 2196.13 7474.75 2087.65 559.388 2093.17 1282.63 1877.64 390.101 1916.49 284.795 171.16 571.159 433.709 1119.43 875.468 761.658 243.961 342.944 170.194 341.107 194.447 848.917 309.955 1631.69 5387.1 465.492
internal_count=101009 63465 60614 37544 56635 3979 45631 18440 27191 11004 2851 14311 22362 2116 3746 36771 773 4129 1354 1546 9650 9102 548 1297 4829 1048 702 1911 2200 4661 1313 233 2155 959 735 310 1226 163 87 306 417 952 760 413 192 392 168 272 165 542 240 1063 3348 104
is_linear=0
shrinkage=0.0550285


Tree=2
num_leaves=55
num_cat=0
split_feature=16 2 49 12 6 35 23 26 12 26 23 13 45 33 26 11 8 23 34 3 37 49 35 11 43 11 7 34 1 12 23 11 32 47 8 1 6 1 11 23 32 14 29 29 28 1 54 25 15 16 11 2 23 39
split_gain=4485.31 383.399 178.086 124.741 115.293 67.9804 100.264 46.653 54.203 46.3327 42.1584 37.8177 33.6987 33.3514 24.1109 21.5982 21.4859 20.7109 19.4507 15.0037 14.924 14.7837 22.1248 14.4943 12.7028 11.7236 17.2448 10.7597 9.74069 8.68068 7.02874 7.00186 6.62813 6.52142 6.48634 5.84382 5.353 5.02985 4.62842 4.53556 7.06793 4.41389 4.32646 7.1816 4.25931 4.25211 5.45441 4.00857 3.95881 3.70315 3.6913 3.43527 3.38536 3.34558
threshold=-3.498293280601501 14.263868331909181 1.5000000000000002 -0.62143209576606739 35.114305496215827 46.329853057861335 0.44420896470546728 -0.016340333968400952 -0.18257127702236173 -1.0000000180025095e-35 0.64672100543975841 0.72160339355468761 1.0000000180025095e-35 32.30217361450196 0.060027761384844787 1.0000000180025095e-35 0.011658251751214268 0.28423862159252172 201.13568878173831 37.850957870483406 0.22478166222572329 1.5000000000000002 37.377843856811531 0.061889914795756347 -0.60785761475563038 0.27233758568763738 0.31539084017276769 59.753629684448249 13.26772451400757 -0.39232787489891047 0.13389915227890017 0.057051433250308044 108.50000000000001 1.0000000180025095e-35 0.021330021321773533 5.4900026321411142 -43.427698135375969 5.4900026321411142 0.003894567373208702 1.6321120262145998 346.50000000000006 0.70006120204925548 42.310508728027351 311.01898193359381 23.568457603454593 -1.0000000180025095e-35 0.20038945227861407 -0.046339258551597588 -1.6102795004844663 0.32678250968456274 0.10912374779582025 -1.0000000180025095e-35 0.14611878246068957 4.5679624080657968
decision_type=2 2 2 2 2 2 2 2 2 2 2 2 2 2 2 2 2 2 2 2 2 2 2 2 2 2 2 2 2 2 2 2 2 2 2 2 2 2 2 2 2 2 2 2 2 2 2 2 2 2 2 2 2 2
left_child=3 2 4 16 5 7 9 13 -9 -7 28 -8 18 -2 17 -5 27 23 36 24 -19 29 -23 -6 34 -16 -27 30 31 48 -1 41 47 37 -12 -36 -4 -26 -31 40 -21 53 -29 -44 -38 -32 -47 -33 51 -20 -34 -17 -50 -3
right_child=1 10 12 15 14 6 11 8 -10 -11 19 -13 -14 -15 25 21 -18 20 49 39 -22 22 -24 -25 33 26 -28 42 -30 38 45 32 50 -35 35 -37 44 -39 -40 -41 -42 -43 43 -45 -46 46 -48 -49 52 -51 -52 -53 -54 -55
leaf_value=0 0.19054396795691206 -0.14454148714860421 -0.045091507565150797 0 -0.40981420301688354 -0.11233107971407973 0.51775260919909494 0.17501620480341826 0.01686158349761804 0.097925085248394578 0.36231943137235012 -0.63254176377079174 -0.21104893038619893 -0.12710105967475832 -0.57467062248023559 0.51157604458388528 0 -0.89230469800404344 0.15581877695383678 -1.9638034929918162 -0.58028130892198837 0.36068223540305788 0 0.26329197108334712 -0.57977105078910629 0.31547725731591514 -0.40694431353884197 0 -0.93833602391963444 0 0.65518463098827939 0.0056480896179466281 -0.92160388086939593 -1.5082195162308112 -0.92997176294324468 -0.73777452165158008 1.0667254959136792 -1.1386603316318755 0 -4.0320548199031361 0.1305200024073494 0.15870722099331372 0 0.63555251885533415 0.46681667368057711 0 0.3275923154941397 -0.8049281914459635 0 -0.12580468557040084 0.3417056085815709 0 0 -0.4738872571652894
leaf_weight=48.99407970905304 1715.8225200772285 334.89355701208115 26.867635846138 24774.904243946075 658.45919322967529 9965.908115029335 281.56949853897095 15745.68758970499 12397.106796622276 8234.0357952713966 93.018245041370392 3624.9659678936005 148.38097369670868 5280.9900106191635 111.20939660072327 40.836691439151764 170.79530984163284 1799.7985215783119 107.29118728637695 434.72553700208664 573.78120201826096 78.984030365943909 115.86574190855026 311.45350861549377 217.56316637992859 430.42183709144592 303.11459457874298 172.75016605854034 667.69871860742569 2024.6080756783485 146.65935826301575 42.141493916511536 29.219617903232574 540.48841971158981 120.75990456342697 198.46876269578934 1131.3301424980164 401.47865474224091 4546.463280081749 961.64886122941971 51.359994292259216 292.8084944486618 127.99958056211472 42.194722056388855 124.11103898286819 92.994548439979553 101.45280534029007 329.35547089576721 166.69783800840378 33.714565277099609 57.456549644470215 70.987003743648529 430.30627381801605 184.00525045394897
leaf_count=38 1419 306 28 32110 804 11992 93 12751 12749 8208 55 2399 153 5660 89 29 71 1257 120 262 443 32 109 279 115 340 261 224 612 2536 107 33 33 117 42 69 1401 174 1478 181 38 339 122 46 127 68 97 215 159 41 57 56 262 203
internal_value=-0.00889205 -0.000795589 0.000362115 -0.0254856 -0.000104187 0.000538866 -0.00184928 0.0020444 0.00304568 -0.000126004 -0.0155296 -0.00984751 0.0186473 -0.0019671 -0.00891792 -0.0260515 -0.00516421 -0.0110177 0.0212647 -0.0196268 -0.0138057 -0.0233307 -0.00747561 -0.00407454 -0.0156745 -0.000473604 0.00192351 -0.00090098 -0.00908101 -0.0237389 0.00517354 -0.00609309 -0.0116061 -0.0186829 -0.00692182 -0.0107564 0.023402 -0.0143069 -0.0244103 -0.023828 -0.0185752 -0.00283536 -0.00812571 -0.0144077 0.0239221 0.00818104 0.00214655 -0.014823 -0.0173347 0.00102533 0.000938003 -0.00620514 -0.0192214 -0.00594119
internal_weight=101117 67963.1 63006 33153.5 61434.3 57246.1 22106.5 35139.6 28142.8 18199.9 4957.09 3906.54 1571.7 6996.81 4188.24 32249.7 903.841 3343.49 1423.31 3019.51 2373.58 7474.75 194.85 969.913 1571.78 844.746 733.536 733.045 1937.58 7279.9 390.101 1269.88 458.173 1159.53 412.247 319.229 1282.31 619.042 6571.07 1447.73 486.086 811.707 342.944 170.194 1255.44 341.107 194.447 371.497 708.828 141.006 86.6762 111.824 597.004 518.899
internal_count=101009 63465 60614 37544 58744 55271 22692 32579 25500 20200 2851 2492 1870 7079 3473 36771 773 2783 1717 1053 1700 4661 141 1083 572 690 601 702 1798 4520 310 1186 338 406 166 111 1556 289 4014 481 300 848 392 168 1528 272 165 248 506 161 90 85 421 509
is_linear=0
shrinkage=0.0550285


Tree=3
num_leaves=55
num_cat=0
split_feature=16 2 49 24 12 28 29 23 49 18 45 35 7 32 26 23 45 11 34 11 49 35 35 19 47 43 18 11 12 6 11 42 47 20 49 23 32 6 49 11 18 11 0 34 11 19 35 13 15 2 23 14 7 0
split_gain=4485.24 371.375 169.566 127.979 124.741 96.4066 49.6446 45.3915 39.4096 36.9936 32.4563 28.9204 26.8228 31.611 26.7742 26.3896 24.3488 21.5982 17.8941 16.1387 14.7837 22.1248 14.7368 14.6668 14.4529 11.8611 9.95026 8.75871 8.68068 8.56691 7.90593 6.38473 6.34038 5.5287 6.68409 5.18871 6.79406 5.09394 4.90999 7.35813 4.89721 4.62842 4.62286 4.36737 4.19226 4.17247 4.1412 4.99947 3.95881 3.43527 3.38536 3.23591 2.92716 2.87643
threshold=-3.498293280601501 14.263868331909181 1.5000000000000002 29.035779953002933 -0.62143209576606739 17.849355697631839 11.112301826477053 0.64672100543975841 1.0000000180025095e-35 -0.026667344383895394 1.0000000180025095e-35 46.329853057861335 0.013562026899307968 103.50000000000001 0.060027761384844787 0.44420896470546728 1.0000000180025095e-35 1.0000000180025095e-35 201.13568878173831 0.01159889902919531 1.5000000000000002 37.377843856811531 55.23927307128907 0.32100288569927221 1.0000000180025095e-35 -0.60785761475563038 0.12458407133817674 0.0061324695125222215 -0.39232787489891047 -8.4521203041076642 0.029491548426449302 1.0000000180025095e-35 1.0000000180025095e-35 16.753306388854984 1.0000000180025095e-35 1.6321120262145998 346.50000000000006 -43.427698135375969 1.0000000180025095e-35 0.057051433250308044 0.053446000441908843 0.003894567373208702 0.03024999983608723 26.71431922912598 0.15564115345478061 0.14168315380811694 108.49976348876955 1.0176872014999392 -1.6102795004844663 -1.0000000180025095e-35 0.14611878246068957 1.0000000180025095e-35 0.0039066476747393617 1.516499996185303
decision_type=2 2 2 2 2 2 2 2 2 2 2 2 2 2 2 2 2 2 2 2 2 2 2 2 2 2 2 2 2 2 2 2 2 2 2 2 2 2 2 2 2 2 2 2 2 2 2 2 2 2 2 2 2 2
left_child=4 2 3 6 19 9 24 26 14 11 18 -5 22 -14 -7 -10 -11 -6 37 27 28 -22 -8 25 29 46 31 33 48 -2 -21 38 40 34 43 36 -25 -4 39 -3 -27 -30 -32 -1 -40 -39 47 -9 49 -19 -50 -28 -12 -20
right_child=1 7 10 5 17 8 12 23 15 16 52 -13 13 -15 -16 -17 -18 20 53 30 21 -23 -24 35 -26 32 51 -29 41 -31 42 -33 -34 -35 -36 -37 -38 45 44 -41 -42 -43 -44 -45 -46 -47 -48 -49 50 -51 -52 -53 -54 -55
leaf_value=0 -0.17500398487322938 -0.13743822234527506 -0.042610190321309194 0.24100770571106256 0 -0.31949525983851207 0.0060690044721029594 -0.84767110076456642 0.20937895787225655 0.071750880450496712 0.027170325950867692 0.016450234226704424 -0.24330201387883105 -0.86076393600618284 0.074398345277453967 -0.22828043563542672 -0.035435479463694068 0.48342479106617575 0.14724430608232666 0 0.34083443925297702 0 -0.39218792951415909 -1.8557383664569265 -0.61081289394460825 -0.54786712955239436 -0.38697956498310332 0.61913081485843979 0 0.36684814444555214 0 -1.4012783818379584 -1.4252244846782567 0.2123493762628608 0.36685654256842665 -3.8101769610117526 0.12333768471323216 0.98178175984711746 -0.12366414520713899 -0.5971308905779229 -1.0760015812746313 0 0.068846001005799837 0 0.31514984653365807 0.37722398355988274 0.11724594413116986 -0.10052425546382837 0 0 0 -0.98286685607106961 -0.41397669339459658 -0.11888184460725766
leaf_weight=78.551835000514984 77.057767808437347 522.61349564790726 26.867635846138 7669.3853226304054 24774.904243946075 8287.3000440001488 1081.8070020675659 247.72287976741791 2002.338750064373 21035.740592241287 36.290735363960266 3497.9588148593903 1094.8487747907639 2179.0484704971313 1241.2690228819847 1383.4728646278381 9645.2230469584465 40.836691439151764 107.29118728637695 180.58354490995407 78.984030365943909 115.86574190855026 1608.1507802009583 434.72553700208664 77.00397115945816 217.56316637992859 125.68911808729172 107.66425687074661 2024.6080756783485 553.719322681427 157.61961895227432 127.67064827680588 540.48841971158981 55.410386025905609 79.880739569664001 961.64886122941971 51.359994292259216 1210.6651270985603 240.29353332519531 312.83667868375778 401.47865474224091 4546.463280081749 57.851895570755005 186.27829337120056 66.466078341007233 44.776054382324219 74.372057378292084 90.151975154876709 166.69783800840378 70.987003743648529 430.30627381801605 542.00960052013397 112.09023833274841 33.714565277099609
leaf_count=59 104 590 28 6192 32110 7153 910 93 1817 21766 36 3418 968 1787 951 759 10815 29 120 103 32 109 1809 262 84 115 111 84 2536 211 111 63 117 37 103 181 38 1478 241 237 174 1478 25 251 55 50 36 37 159 56 262 501 117 41
internal_value=-0.00889218 -0.000795776 0.000343601 -0.000111367 -0.0254856 0.000763506 -0.00730811 -0.0152969 -0.00338936 0.00204776 0.0181861 0.00476232 -0.00895107 -0.0123177 -0.0052041 0.00168535 0.00105599 -0.0260515 0.0207555 -0.00516421 -0.0233307 -0.00747561 -0.00480961 -0.0195442 0.00637351 -0.0156327 -0.00861458 0.00113371 -0.0237389 0.00923499 -0.0134985 -0.00560273 -0.0185459 -0.00238758 -0.00521868 -0.0237011 -0.0181977 0.022807 -0.00416202 -0.00637327 -0.0142218 -0.0244103 -0.00563733 -0.00961374 0.00150376 0.0233144 -0.00714748 -0.00982532 -0.0173347 -0.00620514 -0.0192214 -0.0141612 -0.00569695 0.00129416
internal_weight=101117 67963.1 63006 61434.3 33153.5 54762.7 6671.64 4957.09 12914.4 41848.3 1571.7 11167.3 5963.86 3273.9 9528.57 3385.81 30681 32249.7 1423.31 903.841 7474.75 194.85 2689.96 3019.51 707.781 1571.78 1937.58 507.786 7279.9 630.777 396.055 1269.88 1159.53 400.121 344.711 1447.73 486.086 1282.31 1142.21 835.45 619.042 6571.07 215.472 264.83 306.76 1255.44 412.247 337.875 708.828 111.824 597.004 667.699 148.381 141.006
internal_count=101009 63465 60614 58744 37544 52871 5873 2851 10680 42191 1870 9610 5474 2755 8104 2576 32581 36771 1717 773 4661 141 2719 1053 399 572 1798 534 4520 315 239 1186 406 450 413 481 300 1556 1123 827 289 4014 136 310 296 1528 166 130 506 85 421 612 153 161
is_linear=0
shrinkage=0.0550285


Tree=4
num_leaves=55
num_cat=0
split_feature=7 2 49 24 6 23 6 49 13 29 1 54 42 47 6 22 33 11 49 6 33 6 5 35 33 54 28 43 38 38 3 22 51 13 8 34 22 34 17 11 47 37 20 34 33 51 13 5 54 28 13 23 11 11
split_gain=4248.27 309.999 167.698 111.435 83.3735 118.14 70.0227 66.0763 55.6623 51.0861 45.8187 30.1362 26.779 23.6943 19.4148 22.9117 17.0578 16.1012 14.3079 13.3048 12.0149 11.9978 10.287 9.88778 9.78281 9.20395 9.15057 8.38008 8.21728 9.2076 7.63486 6.64559 6.2655 6.23957 5.20861 3.99627 3.88863 3.46589 3.39781 3.28957 2.88965 4.31854 4.11982 2.66135 2.47519 1.94393 2.07821 1.76674 1.26436 1.20814 0.871435 0.585213 0.519562 0.222306
threshold=1.0000000180025095e-35 14.263868331909181 1.5000000000000002 24.784466743469242 -1.0000000180025095e-35 0.21609170734882358 1.0000000180025095e-35 1.0000000180025095e-35 1.428617596626282 11.112301826477053 20.574491500854496 0.10948349907994272 1.0000000180025095e-35 1.0000000180025095e-35 -3.9470664262771602 0.22678823024034503 137.67708587646487 1.0000000180025095e-35 1.5000000000000002 -1.0528625249862669 187.94999694824222 -43.427698135375969 7.455864906311036 29.043992996215824 46.683334350585945 0.46522118151187902 61.77666091918946 -1.0000000180025095e-35 0.76444056630134594 -0.32699228823184961 37.850957870483406 0.37884327769279486 1.0000000180025095e-35 0.86990371346473705 2.6194969415664677 232.34822845458987 0.74861830472946178 201.13568878173831 1.0000000180025095e-35 0.003894567373208702 1.0000000180025095e-35 -0.14076209813356397 -12.31586694717407 20.302383422851566 67.450771331787124 1.0000000180025095e-35 1.1715661287307741 -42.218378067016594 0.62220042943954479 23.568457603454593 1.8039759397506716 0.37018060684204107 0.01159889902919531 0.0025643776170909409
decision_type=2 2 2 2 2 2 2 2 2 2 2 2 2 2 2 2 2 2 2 2 2 2 2 2 2 2 2 2 2 2 2 2 2 2 2 2 2 2 2 2 2 2 2 2 2 2 2 2 2 2 2 2 2 2
left_child=17 2 3 9 7 13 -7 8 -5 28 12 -9 22 -6 16 -16 -11 -1 31 21 -20 -4 24 33 36 -26 34 38 29 -2 -25 47 48 -24 45 44 -3 49 43 -33 41 -14 -43 -21 -23 46 -12 -19 -28 -29 -40 -47 53 -49
right_child=1 10 19 4 5 6 -8 11 -10 14 26 -13 40 -15 15 -17 -18 18 20 27 -22 35 23 30 25 -27 32 37 -30 -31 -32 39 -34 -35 -36 -37 -38 -39 50 -41 -42 42 -44 -45 -46 51 -48 52 -50 -51 -52 -53 -54 -55
leaf_value=0 0 0.27229930083765524 -0.078241150158042366 0.11357756709227308 0.066731420517453566 0 -0.077113725182053394 0.4312459154345159 -0.077124532685329775 0.050209666731181678 -0.92878118428806666 0.18389906501681716 0.0065340267138386957 -0.088261346068619295 -0.39023537316374862 -0.93029085685862389 -0.37071276084365828 0 0.043992929629995028 -0.17932610984983977 0 0.55206791124697208 -0.80187490348009605 -0.13879409766157011 -0.65388836623413471 0.020977753774654811 -1.7087194511048351 0.63832914941091146 -0.17286418582843358 0.54540811465709282 -1.016571714433943 0 -3.2768439343379829 -0.5766579912864177 -0.23218144006140648 0.1498163708019718 -0.34919204339016346 0.016947380353258906 -0.015866063464494241 0 -1.6269192637284118 -1.5759406356362988 -1.2002822127115633 0.22003218273134068 1.0733104558668958 -0.71678406142286077 0.017677120629547627 0 -0.66006244638306977 0.39644971996693429 -0.39788534680674026 -1.0212564621665599 0 0
leaf_weight=24844.277193546295 184.3831866979599 288.00796693563461 53.374711871147156 9059.0345396995544 12545.370808124542 8354.1998308300972 11310.546593785286 2387.4835788607597 8089.1578563451767 610.56437176465988 50.835245966911316 5099.9015471935272 50.824195504188538 2474.4741508364677 1146.0156791806221 1434.5507453083992 1282.5995144844055 37.984942734241486 97.372995913028717 35.163877785205841 81.591774046421051 222.02261793613434 278.87797731161118 520.35377794504166 277.70676738023758 193.82637113332748 180.50753259658813 176.60881561040878 94.187598824501038 300.93544739484787 200.60814601182938 1777.7496133446693 1173.583696603775 496.68684959411621 52.203420400619507 40.011015355587006 145.98655664920807 50.942009449005127 29.178771555423737 3146.3791339993477 436.41999697685242 65.298457205295563 124.85543870925903 97.128928780555725 797.46441692113876 59.422601819038391 39.436271071434021 59.778030753135681 65.600031733512878 50.846342980861664 36.929217338562012 256.04939699172974 87.691444218158722 63.6125368475914
leaf_count=32120 92 196 50 9477 14083 3892 9426 1696 8917 661 51 5569 36 3145 971 650 1509 35 45 42 78 233 134 538 193 169 101 198 44 90 160 2237 302 413 20 47 108 60 41 1327 80 25 64 119 1010 66 35 59 35 53 38 125 58 86
internal_value=-0.00885257 -0.00149086 -0.000491692 -0.000929449 -0.000259238 -0.00199953 -0.00480764 0.00218644 0.000296458 -0.0087737 -0.0147617 0.00649972 -0.0105546 0.00166975 -0.0107742 -0.0139166 -0.00642761 -0.0261382 -0.0232212 0.0171554 -0.0069796 0.0205327 -0.00774928 -0.010579 -0.00294483 -0.00848388 -0.0215937 0.00901596 0.00647232 0.00946183 -0.00567804 -0.0237604 -0.0239023 -0.01498 -0.0141607 0.0218304 0.00282599 0.0151603 0 -0.0242387 -0.0203139 -0.0141045 -0.0178953 0.00543739 0.022517 -0.0162798 -0.00688968 -0.0138035 -0.0147035 0.0180838 -0.00972608 -0.0185887 -0.0158079 -0.0110345
internal_weight=101117 70920.2 65963.1 64373.4 59320.2 34684.6 19664.7 24635.6 17148.2 5053.24 4957.09 7487.39 3079.45 15019.8 4473.73 2580.57 1893.16 30196.4 5352.16 1589.67 178.965 1112.87 2402.05 1496.53 905.528 471.533 1877.64 476.798 579.506 485.319 720.962 5173.2 1419.69 775.565 457.947 1059.5 433.995 278.397 198.401 4924.13 677.398 240.978 190.154 132.293 1019.49 405.744 90.2715 249.067 246.108 227.455 66.108 315.472 211.082 123.391
internal_count=101009 64964 62113 60222 56205 30546 13318 25659 18394 4017 2851 7265 2116 17228 3791 1621 2170 36045 3925 1891 123 1340 1911 1245 666 362 735 551 226 182 698 3802 438 547 297 1290 304 311 240 3564 205 125 89 161 1243 277 86 238 136 251 79 191 203 145
is_linear=0
shrinkage=0.0550285


Tree=5
num_leaves=53
num_cat=0
split_feature=7 1 49 16 6 6 24 24 3 28 23 0 23 45 12 11 11 11 13 34 13 41 12 45 6 37 51 12 14 7 6 12 8 33 6 8 11 24 12 16 1 8 11 7 12 11 7 33 16 7 34 33
split_gain=4259.96 301.096 160.575 121.991 111.828 107.932 94.703 91.8234 58.8602 58.5286 42.0979 26.5279 26.2202 25.5355 25.0557 25.9891 19.2116 18.0872 17.9911 15.0908 12.2371 9.20586 8.30487 8.14747 7.9983 9.528 7.30727 7.06012 6.30947 5.91573 5.83494 5.1333 5.07014 5.01728 4.83012 3.55724 3.70406 3.35143 3.28118 3.18894 3.64906 2.85084 2.48903 2.31342 1.49624 1.44671 1.26183 1.18066 1.12048 1.00433 0.839702 0.28465
threshold=1.0000000180025095e-35 10.083401679992678 1.5000000000000002 -3.498293280601501 -6.8698971271514884 35.114305496215827 24.784466743469242 24.784466743469242 37.850957870483406 16.327298164367679 0.21609170734882358 0.03024999983608723 0.21609170734882358 1.0000000180025095e-35 -0.20418929308652875 0.20678987354040149 0.017541010864079002 1.0000000180025095e-35 1.428617596626282 201.13568878173831 1.0176872014999392 1.0000000180025095e-35 -0.62143209576606739 1.0000000180025095e-35 48.891017913818366 -0.2537595927715301 1.0000000180025095e-35 -0.81809836626052845 0.27730691432952886 0.087840627878904357 -1.7848293781280515 1.572823762893677 0.014503693673759701 766.30950927734386 8.7279629707336444 0.40730327367782598 0.003894567373208702 24.784466743469242 -0.85909268260002125 0.15486461669206622 0.38590084016323095 0.006115419091656805 0.034304160624742515 0.0077355853281915197 1.2305111289024355 0.0061324695125222215 0.0088841752149164694 386.48333740234381 -2.4621715545654292 0.010963141452521087 35.864288330078132 163.51667022705081
decision_type=2 2 2 2 2 2 2 2 2 2 2 2 2 2 2 2 2 2 2 2 2 2 2 2 2 2 2 2 2 2 2 2 2 2 2 2 2 2 2 2 2 2 2 2 2 2 2 2 2 2 2 2
left_child=11 2 3 4 18 7 -6 10 16 -9 -5 17 -8 19 23 -16 21 51 28 29 27 31 33 -7 25 -22 44 -18 -2 37 -29 32 -3 41 -31 36 -24 -4 -21 40 46 47 -40 -33 -10 -20 -15 -19 49 -46 -26 -1
right_child=1 8 13 5 6 14 12 9 26 -11 -12 -13 -14 39 15 -17 20 22 45 38 24 -23 35 -25 50 -27 -28 30 -30 34 -32 43 -34 -35 -36 -37 -38 -39 42 -41 -42 -43 -44 -45 48 -47 -48 -49 -50 -51 -52 -53
leaf_value=0 -0.0062500011855323627 -0.12097750298730051 0.30723508258753346 0.039391673709213322 0.051192494320050255 -0.48357586737926167 -0.003672128819307291 0.067557685643093557 -0.52933069973868163 -0.10089849916896866 -0.48386388463908009 -0.096417847501890974 0 0.15113267521884674 -0.46225659852168532 0.038661790317787763 -0.68338566210266205 0 0.0042440460124077966 0.23279993241909294 0.23945777033025531 -0.78826985069492572 0 -1.3459413780255278 -1.5140033530819272 -0.34063642100389968 -2.8994582721920055 -0.60028039206715522 0.17717827009868098 0.50063974317764581 -1.0220296294378421 -0.17940888817235195 0.37241127503665061 0 -0.04087525025715559 0 0 0.95744196867904507 0.28349751238279519 -0.47820926864896007 -0.4984847725579783 0 -0.27380777131080269 -0.89846041275020039 -0.67903135801800019 0.0042440460124077966 -0.062333099013827248 0.36685654256842665 -1.5621092770301099 -0.76608584506117383 -0.64680023007532617 0
leaf_weight=17367.383955419064 108.94338846206665 775.38452064990997 33.683329939842224 1172.3728047609329 177.00246953964233 502.02372068166733 419.82103586196899 40274.802946746349 54.163609206676483 11909.267057538033 3458.2255722880363 82.74136483669281 1894.2664590477943 54.515346229076385 2226.2366102933884 965.94035285711288 112.56929290294647 94.112307727336884 69.37676203250885 43.808966755867004 228.0770298242569 122.11426961421967 1816.0243008732796 740.04588961601257 112.6601088643074 669.25242936611176 1197.9131859540939 127.8252158164978 115.03788501024246 189.10885286331177 1211.9526289701462 216.92679268121719 46.650566756725311 69.672124564647675 37.341386735439301 113.69919312000275 3236.0483920574188 1017.01654702425 65.588086783885956 36.766787052154541 28.18375837802887 28.191529929637909 38.295534610748291 124.91130286455154 44.747695207595825 223.05586004257202 32.633718430995941 25.386277556419373 153.81636637449265 33.271384060382843 48.746300339698792 7473.9993299245834
leaf_count=23255 60 714 35 984 60 432 451 41308 31 10064 2845 19 617 49 2146 669 52 115 95 44 151 40 2289 375 57 424 359 48 112 238 431 268 26 66 40 24 1354 1234 73 41 27 20 45 126 46 105 40 33 88 22 40 8834
internal_value=-0.00879473 -0.00143058 -0.000414622 -0.000842121 -0.0116615 -0.000308876 -0.0165102 0.000334668 -0.0140723 0.000995562 -0.00708806 -0.0260701 -0.0195042 0.0169246 -0.00857745 -0.00593732 -0.0103835 -0.0261558 0.0115017 0.0192251 -0.0132097 -0.00477353 -0.0230945 -0.0152639 -0.00848085 -0.00625815 -0.0234236 -0.016573 0 0.0211593 -0.0176996 -0.00314336 -0.000637819 -0.0114439 0.0119376 -0.0235611 -0.0238046 0.0230289 0.00172907 -0.00389157 0 -0.00468394 -0.00274877 -0.00882811 -0.0144901 0.0204678 0.00622487 0 -0.0166031 -0.00826503 -0.0200455 -0.0268138
internal_weight=101422 71114.3 65833.4 64256.4 3007.5 61248.9 2491.09 56814.7 5280.98 52184.1 4630.6 30307.3 2314.09 1576.94 4434.25 3192.18 3797.07 30224.5 516.414 1424.84 2511.08 1285.99 5383.13 1242.07 1058.74 897.329 1483.91 1452.35 223.981 1277.15 1339.78 1163.87 822.035 217.362 226.45 5165.77 5052.07 1050.7 147.693 152.1 115.333 147.69 103.884 341.838 285.999 292.433 87.1491 119.499 231.835 78.0191 161.406 24841.4
internal_count=101121 65112 62189 60323 1500 58823 1128 55201 2923 51372 3829 36009 1068 1866 3622 2815 2377 35990 372 1709 1203 1174 3901 807 672 575 546 531 172 1547 479 1134 740 234 278 3667 3643 1269 162 157 116 168 118 394 187 200 89 148 156 68 97 32089
is_linear=0
shrinkage=0.0550285


Tree=6
num_leaves=55
num_cat=0
split_feature=7 2 49 6 23 6 6 47 49 42 51 33 6 54 38 23 0 45 22 51 0 25 18 34 22 6 22 27 26 28 31 18 2 27 27 37 21 23 34 34 20 28 22 23 24 10 31 25 7 54 7 36 3 23
split_gain=4271.21 281.864 151.764 87.7132 132.385 77.9764 81.5602 78.1059 59.1709 49.047 47.0704 44.6738 49.1471 39.3139 45.5727 34.5845 26.5279 24.8709 22.9591 18.4383 18.4167 18.0157 16.0633 13.4673 10.724 10.4239 7.13781 6.72681 6.18199 7.60076 5.69405 5.58558 5.3306 5.20186 3.87065 3.57663 4.34219 3.70273 3.16337 3.12238 2.99152 2.92061 2.84653 2.82151 2.3949 2.35376 1.9041 1.7776 1.74528 1.63855 1.48738 1.48419 1.15172 1.09494
threshold=1.0000000180025095e-35 18.615480422973636 1.5000000000000002 -1.0000000180025095e-35 0.21609170734882358 1.0000000180025095e-35 35.114305496215827 1.0000000180025095e-35 1.0000000180025095e-35 1.0000000180025095e-35 1.0000000180025095e-35 24.673333168029789 -17.740781784057614 0.11598332226276399 0.68097892403602611 0.7443651854991914 0.03024999983608723 1.0000000180025095e-35 0.4440999329090119 1.0000000180025095e-35 0.03824999928474427 -1.2636415647193641e-07 0.080076780170202269 201.13568878173831 0.81396007537841808 -43.427698135375969 0.3669689148664475 0.019041529856622223 -0.0070342686958611003 61.77666091918946 56.500000000000007 0.080076780170202269 29.893645286560062 -0.013252648524940012 -1.0000000180025095e-35 0.27276764810085302 20.567047119140629 0.35277363657951361 7.5981698036193857 24.426293373107914 -16.486552238464352 25.367726325988773 0.7076072394847871 0.13792055100202563 37.88557434082032 0.0045825128909200439 267.50000000000006 0.0012883454328402879 0.015863254666328434 0.66962006688117992 0.0062957846093922862 0.82426327466964733 2.3257414102554326 0.078895520418882384
decision_type=2 2 2 2 2 2 2 2 2 2 2 2 2 2 2 2 2 2 2 2 2 2 2 2 2 2 2 2 2 2 2 2 2 2 2 2 2 2 2 2 2 2 2 2 2 2 2 2 2 2 2 2 2 2
left_child=16 2 3 8 9 7 -7 -6 11 20 -11 18 -13 22 -15 24 21 23 -2 32 -5 26 -10 25 30 -4 34 -27 29 -21 41 39 48 -28 45 37 -37 -33 -34 -26 -19 -3 -32 -42 -25 -1 -35 -41 -17 -40 -45 -43 -46 -48
right_child=1 15 17 4 5 6 -8 -9 13 10 -12 12 -14 14 -16 19 -18 40 -20 28 -22 -23 -24 44 31 27 33 -29 -30 -31 42 35 38 46 -36 36 -38 -39 49 47 43 51 -44 50 52 -47 53 -49 -50 -51 -52 -53 -54 -55
leaf_value=0 0.48744080957965924 0.098055405789666969 -0.077456205133597938 -0.0034700571421119844 0 0.016105782878562271 -0.54320393169212955 -0.97599643624136834 0.43549657570893235 -0.10143639634109067 0.28055515047143426 -0.21326937387268588 0.026530114239400601 -0.010119686517317506 0.45388093556239478 1.0955493904717044 -0.091112119648927514 -0.60294226565442843 -0.081753339362267849 -0.73516640991740523 0.0050412640805064177 0 -0.23212638809472835 0.21971108071400433 -0.92781794700674913 0.86235332944095211 0 0.30443328247161683 -2.3591643716636952 -1.7117573186400363 -0.7323622008199312 -0.44488054002032296 -0.30149733765440834 0 0.23372248549988603 -0.62740830847919438 0.057325578205167621 -1.1946590074403685 -1.6458399046940115 -0.73547278186972842 -0.26800761269750478 -0.35067094757226019 -0.191722058827622 0.25307004744084072 -0.11411529099658801 0 0 0.23219594229179905 -0.99176092277265704 -0.68223673145327113 -0.026598946128906148 0.29068212684584077 0.29737661123298642 0
leaf_weight=52.327071785926819 1590.8938415646553 87.04426896572113 48.681806206703186 695.16186171770096 8415.4372828602791 9008.7688204646111 3729.5115846991539 1969.9866300821304 2463.2219932079315 650.02452820539474 2681.958190202713 6402.8437190055847 10376.146891355515 4025.1316675543785 1484.3524102568626 45.65690141916275 82.74136483669281 33.137492060661316 614.79902392625809 122.54554086923599 11549.013913750648 23289.665744066238 191.9773536324501 31.663381516933441 123.82074880599976 1141.7911649942398 105.15603125095367 113.16113740205765 1576.1630337238312 121.28388583660126 93.326140165328979 98.474308907985687 54.356785297393799 4011.1061486005783 48.28657990694046 174.17653477191925 82.972680866718292 305.3906010389328 199.36499494314194 67.408590197563171 41.735254049301147 174.53091657161713 51.927994608879089 35.348248064517975 61.181164920330048 62.459536552429199 63.441724061965942 106.79604172706604 46.446874618530273 86.587765574455261 44.352857410907745 42.10664826631546 53.680352747440338 2592.0745749473572
leaf_count=75 1180 56 37 795 4170 7881 2760 585 1774 334 1427 6526 12066 4584 1549 32 19 19 586 57 14993 30148 117 27 114 1376 30 146 378 32 63 116 24 3483 56 154 91 209 104 66 57 128 46 29 72 50 88 128 30 47 53 33 61 2060
internal_value=-0.00877194 -0.00139807 -0.000589239 -0.000998391 -0.00268151 -0.00532383 -0.00242628 -0.00886666 0.00139675 0.0012342 0.00715416 -0.000282533 -0.00125607 0.00531449 0.0026363 -0.0162691 -0.0260701 0.0161217 0.0070706 -0.0205399 -0.000368245 -0.0261558 0.0108272 0.0183723 -0.00934907 0.0201589 -0.0235482 0.021141 -0.0230149 -0.0136717 -0.00202741 -0.0126561 -0.00983981 -0.0238379 -0.0107716 -0.0155824 -0.00954049 -0.0191245 -0.0130407 -0.00576718 -0.00426726 0.00195869 -0.01107 0 0.00170177 -0.0162981 -0.0240433 -0.000337461 0.000818056 -0.0153511 0.00583564 -0.00101758 -0.0011617 -0.0256464
internal_weight=101422 71114.3 67454 65849.2 38699.9 23123.7 12738.3 10385.4 27149.4 15576.2 3331.98 18984.7 16779 8164.68 5509.48 3660.38 30307.3 1604.73 2205.69 2252.41 12244.2 30224.5 2655.2 1450.16 1407.98 1303.63 6934.85 1254.95 1819.99 243.829 448.936 959.04 432.413 6771.78 163.073 661.014 257.149 403.865 340.31 298.025 154.574 303.682 145.254 121.436 146.525 114.787 6666.62 174.205 92.1038 285.953 79.7011 216.638 114.862 2655.52
internal_count=101121 65112 63204 61327 32945 15396 10641 4755 28382 17549 1761 20358 18592 8024 6133 1908 36009 1877 1766 704 15788 35990 1891 1719 1204 1559 5842 1522 467 89 326 878 237 5661 181 570 245 325 175 308 158 217 109 139 160 125 5631 194 62 151 82 161 133 2148
is_linear=0
shrinkage=0.0550285


Tree=7
num_leaves=50
num_cat=0
split_feature=8 1 6 23 35 54 38 28 24 22 6 51 34 25 23 1 51 6 45 2 25 45 8 25 6 6 47 6 10 14 35 28 2 26 13 29 24 6 43 9 9 9 36 8 33 22 27 33 31
split_gain=4195.51 247.699 125.115 144.466 54.7365 53.8748 48.4903 41.7334 41.7155 32.0243 28.8873 27.9316 27.2779 32.7532 30.7103 25.6183 29.2608 80.993 25.1313 23.2209 20.6512 18.9815 18.9587 18.4681 17.2593 16.7914 16.614 15.7268 13.019 11.4609 9.38679 9.22762 9.04398 8.39673 8.1851 6.60872 5.79411 3.93086 2.76552 3.72637 2.37993 2.17301 1.24072 3.73357 1.17844 0.805431 0.530579 0.518674 0.196293
threshold=1.0000000180025095e-35 20.574491500854496 -1.0000000180025095e-35 0.30721916258335119 48.362033843994148 0.089605677872896208 -0.2986395508050918 11.446482181549074 24.784466743469242 0.45610722899436956 -28.813203811645504 1.0000000180025095e-35 143.96688079833987 0.00037686937139369553 1.1527953147888186 -0.54333063960075367 1.0000000180025095e-35 1.0000000180025095e-35 1.0000000180025095e-35 -0.98717138171195973 -0.015901513397693631 1.0000000180025095e-35 0.0013887245440855624 -1.0000000180025095e-35 -52.960697174072259 -26.663125991821286 1.0000000180025095e-35 16.092448234558109 0.0045825128909200439 0.15867028385400775 60.803052902221687 61.77666091918946 -15.683373928070067 -2.9884361651966167e-08 0.88916781544685375 311.01898193359381 47.298648834228523 24.011375427246097 -0.60785761475563038 0.069185752421617522 0.013606016524136068 0.007037773961201311 -0.19221447408199308 0.021330021321773533 49.216667175292976 0.56361523270607006 -0.00028297341486904765 20.550000190734867 134.50000000000003
decision_type=2 2 2 2 2 2 2 2 2 2 2 2 2 2 2 2 2 2 2 2 2 2 2 2 2 2 2 2 2 2 2 2 2 2 2 2 2 2 2 2 2 2 2 2 2 2 2 2 2
left_child=33 2 5 15 7 9 21 8 -5 22 28 30 14 -14 -6 20 17 -17 -12 -9 29 25 -2 -18 -11 -7 -23 -22 -8 -4 34 38 -24 44 -3 -26 -36 -38 39 -13 41 -40 -32 -44 47 -33 -42 -1 -35
right_child=1 11 3 4 12 6 10 19 -10 24 18 31 13 -15 -16 16 23 -19 -20 -21 27 26 32 -25 35 -27 -28 -29 -30 -31 42 45 -34 48 36 -37 37 -39 40 -41 46 -43 43 -45 -46 -47 -48 -49 -50
leaf_value=0 0 -1.2884375647060651 -0.0054667779693298143 -0.59926916592780977 -0.32215359427317553 -0.24518848774775534 0.17755021951243594 0 0.15425889660800535 -1.0960711361789783 0.21625138549622608 -0.84141205854589562 -0.59397955169625871 0.053707603004281179 0 0 -0.049668680790257651 0.077130949557131095 0.003434578350018193 -0.16566112328601953 0.11969866708813501 -0.092406684665277364 1.1006048710675715 0.047588844860121701 0.10339447830847516 0.040858316031359053 -0.36583920170613748 -0.055378448872589067 -0.12105481966855586 -0.59560555935079496 -2.5426267967247251 -2.1805624817455431 0.34286339614262845 0 0.63764425796362134 -0.77868604958470711 0.044015017075818577 -0.64392359577058911 -1.0192809516115586 -0.22187196135382997 -0.54990234346365618 0.21707986238288488 -0.15489863517784647 -1.929939241821844 0 -2.8616390694676932 -1.0884499807473911 0 0
leaf_weight=352.36307746171951 96.363837957382202 77.37317955493927 316.84376603364944 319.21717298030853 3081.1834546923637 1585.0850274562836 433.9917026758194 3190.3652744293213 2108.8911379575729 139.20723038911819 7410.2008718252182 87.693496286869049 2002.4936383962631 1080.1895251870155 1675.286899626255 1887.7340710163116 3523.1921764612198 1896.3308157920837 3564.5776534080505 4962.4241320490837 5830.8690770864487 2370.0589218139648 651.20128953456879 7576.8489393591881 1485.324534714222 4380.9227051138878 963.45569896697998 1596.3920522332191 2320.3805262446404 268.82816100120544 111.60832738876343 119.71338832378387 3340.7714511156082 15568.743523955345 55.399783492088318 39.022992134094238 143.47202581167221 91.71143651008606 70.981167912483215 112.26728355884552 84.079397201538086 32.070975065231323 63.672050356864929 73.314840912818909 4954.4205414652824 1081.9566097259521 219.89503568410873 827.22101503610611 7195.9907116889954
leaf_count=502 54 50 396 180 2435 1389 367 1812 1133 32 8549 50 1035 945 525 1290 4046 2336 4020 2751 6075 2807 373 7766 1424 5327 1128 1905 2085 303 42 24 2496 20885 30 12 91 67 63 37 31 31 44 34 4255 281 83 914 8611
internal_value=-0.00859518 -0.00152839 -0.000928421 -0.00286977 -0.00649752 0.00185473 0.000659435 -0.00389786 0.00240209 0.00662024 0.00274131 -0.0188169 -0.00999141 -0.00588902 -0.0126253 4.40102e-05 -0.00130162 -0.00548035 0.00400943 -0.00578771 0.00255711 -0.00240223 0.00923933 0.000113387 0.000115801 -0.000523247 -0.00573088 0.003352 -0.00227116 -0.00732436 -0.00839391 -0.0223025 0.00983896 -0.0263252 -0.00244395 0.0018796 0.00146019 -0.00191383 -0.0161943 -0.0096158 -0.0191249 -0.00963653 -0.0167147 -0.0112171 -0.0242962 -0.0252804 -0.0219386 -0.0217246 -0.026866
internal_weight=101422 72522.9 70097.7 41317.1 18420.1 28780.6 23028.7 10580.9 2428.11 5751.89 13729.2 2425.21 7839.15 3082.68 4756.47 22897 14884.1 3784.06 10974.8 8152.79 8012.93 9299.52 4088.34 11100 1663.55 5966.01 3333.51 7427.26 2754.37 585.672 616.552 1808.66 3991.97 28898.7 367.956 1524.35 290.583 235.183 606.987 199.961 407.027 103.052 248.595 136.987 6134 1201.67 303.974 1179.58 22764.7
internal_count=101121 65954 64996 34933 10816 30063 25672 5876 1313 4391 15021 958 4940 1980 2960 24117 15438 3626 12569 4563 8679 10651 2923 11812 1468 6716 3935 7980 2452 699 358 600 2869 35167 238 1436 188 158 295 87 208 94 120 78 5671 305 114 1416 29496
is_linear=0
shrinkage=0.0550285


Tree=8
num_leaves=50
num_cat=0
split_feature=8 18 49 6 4 35 23 0 38 34 26 31 0 42 26 8 6 12 54 25 6 4 47 26 51 27 34 28 12 10 18 0 0 34 27 37 33 12 51 5 12 32 54 24 33 8 33 23 33
split_gain=4404.76 264.475 126.063 90.6931 76.5838 61.2319 61.7919 43.5985 43.2118 38.1255 36.2238 35.0966 28.5287 27.1098 22.5941 19.8831 18.4457 14.5178 12.6841 14.2267 12.1221 10.87 9.98967 9.21388 9.20306 9.79221 9.16128 8.82237 7.65499 6.58705 6.2793 4.72846 5.47363 4.57996 3.94865 3.87873 3.56648 3.37091 2.29034 2.11149 1.83842 1.53623 1.46576 1.25524 1.20194 1.04301 1.02457 0.584499 0.318191
threshold=1.0000000180025095e-35 0.080076780170202269 1.5000000000000002 48.891017913818366 48.985910415649421 46.329853057861335 1.1527953147888186 0.091249998658895506 0.68097892403602611 143.96688079833987 0.026292555965483192 287.50000000000006 0.042249999940395362 1.0000000180025095e-35 0.060027761384844787 0.006115419091656805 10.811080932617189 -0.81809836626052845 0.53620067238807689 -0.0038902162341400977 48.891017913818366 48.985910415649421 1.0000000180025095e-35 -2.9884361651966167e-08 1.0000000180025095e-35 -1.0000000180025095e-35 575.77584838867199 25.367726325988773 -0.81809836626052845 0.23225954920053485 0.18709755688905719 5.3740000724792489 0.03824999928474427 35.864288330078132 0.0022512688301503663 0.16323693841695788 108.78333663940431 -0.051599724218249314 1.0000000180025095e-35 -1.1713976263999937 -0.62143209576606739 31.500000000000004 0.32221156358718878 55.173583984375007 358.51666259765631 0.010166336316615345 49.216667175292976 1.6321120262145998 20.550000190734867
decision_type=2 2 2 2 2 2 2 2 2 2 2 2 2 2 2 2 2 2 2 2 2 2 2 2 2 2 2 2 2 2 2 2 2 2 2 2 2 2 2 2 2 2 2 2 2 2 2 2 2
left_child=12 2 3 5 13 7 8 10 -7 -8 -2 -9 23 20 18 43 26 -17 22 -20 24 28 -5 40 25 -3 31 -26 -16 35 34 32 -4 45 -6 36 -18 -35 -32 -33 44 -19 -37 -15 -1 -22 48 -23 -42
right_child=1 4 16 14 30 6 9 11 -10 -11 -12 -13 -14 15 21 17 29 41 19 -21 33 47 -24 -25 27 -27 -28 -29 -30 -31 38 39 -34 37 -36 42 -38 -39 -40 -41 46 -43 -44 -45 -46 -47 -48 -49 -50
leaf_value=0 0.062641852680939594 0.36855641147602308 0.026511486317666314 -1.0970689597263052 0.056430205444361538 -0.0032791051627088226 0 0.0058462071854825191 0.11240951507515312 -0.0029554479026316048 0.25172885348068796 0.3950869050555133 0.16764992425968314 -0.28050781871424013 -1.0169304915752628 -0.17438239185012672 -0.13300276357149499 -1.0478382787275602 -2.58695649544274 -0.11200818565501562 -0.62398587711302467 -0.6269666557927529 -0.15064280722937046 0 -0.13162368006231998 -0.28983743085631936 -0.1209466247637494 -0.50342694139076682 0.18207858185566472 -0.57825190064431564 -1.2679890317723288 0.013424392510878982 0.81317619616245052 -2.1532145587392937 -1.3024681735824195 0.2368187058994384 0.70675026183000156 -0.1346746030201755 -2.8000883681528279 0.40835155282418417 0 -1.9998017607139587 -0.10817665247932605 0.17743101101132311 0 -1.1147553628217788 0 -1.3953858017708329 0
leaf_weight=27.005482375621796 9279.2820190191269 408.86269128322601 57.925082206726074 1231.8541486263275 45.405009090900421 18811.585888326168 1760.111378133297 25966.30178719759 3996.8794631361961 937.48490178585052 384.13864320516586 577.69956302642822 55.498359680175781 55.032467007637024 41.613747835159302 114.70099121332169 34.154632270336151 152.64887672662735 92.009660184383392 478.88657557964325 54.154137849807739 53.717042326927185 310.80812960863113 22709.235875964165 1306.7065432667732 699.52112972736359 48.485099256038666 1124.6164861321449 500.91635924577713 46.758496105670929 130.76093745231628 70.409909069538116 1121.7621054053307 46.153400599956512 147.75584787130356 33.211812376976013 89.693285703659058 107.09521579742432 1010.8731462359428 48.687131702899933 352.36307746171951 742.59554046392441 30.026131927967072 58.254079759120941 27.009007155895233 261.93685561418533 4907.3433465361595 51.387386083602905 820.28372043371201
leaf_count=35 5678 359 52 770 37 19636 507 27007 4399 379 56 541 8 24 33 34 41 46 34 526 42 47 251 29488 1000 661 57 741 375 40 79 87 1342 28 105 39 99 101 251 66 502 176 29 37 26 129 4204 13 904
internal_value=-0.00815851 -0.000917714 0.000120488 -0.0002544 -0.0115375 0.000180476 -0.00188268 0.0016369 -0.000945662 -0.00976122 0.00480274 0.000480087 -0.0263252 -0.00844688 -0.0100104 -0.0160639 0.0154677 -0.0185388 -0.0127688 -0.00544503 -0.00628187 -0.000832867 -0.0154025 -0.0264023 -0.00512918 -0.000858184 0.0179468 -0.00702983 0.0021344 0.000700372 -0.0233232 0.0188398 0.0199535 -0.0147119 -0.0128002 0.00577437 0.0116584 -0.00576327 -0.0249946 0.00681834 -0.0242962 -0.020898 -0.00403808 0.00500644 -0.00987977 -0.0186715 -0.0244045 -0.0170624 -0.0218855
internal_weight=101422 72522.9 66055.8 64474.7 6467.07 61713.5 25506.1 36207.4 22808.5 2697.6 9663.42 26544 28898.7 5132.28 2761.19 1123.23 1581.11 1009.95 2113.56 570.896 4009.05 647.635 1542.66 28843.2 3539.71 1108.38 1347.27 2431.32 542.53 233.844 1334.79 1298.78 1179.69 469.34 193.161 187.086 123.848 153.249 1141.63 119.097 6134 895.244 63.2379 113.287 54.0145 316.091 6079.99 105.104 1172.65
internal_count=101121 65954 62104 60252 3850 58203 24921 33282 24035 886 5734 27548 35167 3378 2049 317 1852 256 1581 560 3061 468 1021 35159 2761 1020 1604 1741 408 248 472 1547 1394 300 142 208 140 129 330 153 5671 222 68 61 61 171 5610 60 1406
is_linear=0
shrinkage=0.0550285


Tree=9
num_leaves=48
num_cat=0
split_feature=8 18 49 6 4 11 35 23 13 22 0 50 26 42 6 29 16 6 7 11 35 35 52 26 51 37 22 37 22 52 7 13 6 0 11 35 16 8 16 16 12 18 13 25 28 38 13
split_gain=4498.51 254.72 109.183 92.2048 60.8664 55.6294 46.4665 79.7728 47.7391 40.7751 28.5287 24.9732 23.3972 21.1762 19.2751 15.3391 12.7518 11.5959 11.2578 10.9942 10.7571 9.82485 9.58841 9.21388 8.72708 7.26899 7.01914 6.85771 6.5952 5.99862 5.98691 5.94723 5.75489 5.91626 4.35942 3.8471 3.07904 2.91653 2.0643 1.88712 1.83842 1.39664 1.35938 1.07437 1.06614 0.796295 0.29976
threshold=1.0000000180025095e-35 0.096068084239959731 1.5000000000000002 48.891017913818366 48.985910415649421 0.025261835195124153 48.362033843994148 0.2539037168025971 0.70747444033622753 0.51486089825630199 0.042249999940395362 1.0000000180025095e-35 0.060027761384844787 1.0000000180025095e-35 7.6964211463928232 38.781694412231452 -1.275648236274719 48.891017913818366 0.31539084017276769 0.0068378206342458734 125.51826095581056 496.91061401367193 1.0000000180025095e-35 -2.9884361651966167e-08 1.0000000180025095e-35 -0.049987278878688805 0.79098665714263927 -0.2537595927715301 0.43341791629791265 1.0000000180025095e-35 0.087840627878904357 1.4606907963752749 -43.427698135375969 5.3740000724792489 0.010684153065085413 57.942361831665046 -0.45491831004619593 0.0094544887542724627 -2.5869449377059932 -1.1417810916900633 -0.62143209576606739 0.12458407133817674 1.3375550508499148 0.0012883454328402879 93.014759063720717 -0.32699228823184961 0.94091379642486583
decision_type=2 2 2 2 2 2 2 2 2 2 2 2 2 2 2 2 2 2 2 2 2 2 2 2 2 2 2 2 2 2 2 2 2 2 2 2 2 2 2 2 2 2 2 2 2 2 2
left_child=10 2 3 5 13 9 8 -8 -7 11 23 -2 15 17 21 20 -11 24 22 -15 -5 32 -14 40 26 28 -3 -26 -21 44 34 -17 -4 -34 43 -20 -36 -19 -31 -27 -1 -39 -32 -16 -6 -23 -40
right_child=1 4 14 12 29 6 7 -9 -10 16 -12 -13 18 19 30 31 -18 37 35 25 -22 45 -24 -25 27 39 -28 -29 -30 38 42 -33 33 -35 36 -37 -38 41 46 -41 -42 -43 -44 -45 -46 -47 -48
leaf_value=0 0.040212538105383645 0.20651330462581685 -0.038718439685430144 -0.6648366166183336 -0.72520718475330304 0.59059643891900238 0.012219201546720029 -0.17949015491385226 -0.00032170791095083572 -0.066076723951948316 0.15842440330336469 0.00018044418170857007 0.28140684348095168 0.12353391284761847 -0.060010203822004761 -0.63493089817424664 0.089973048402595748 -0.43780758651419099 -0.30964372782055588 0.19749861570061658 -0.11460388375300626 -0.1142911155156472 -0.31253045367812138 0 -0.081388953055464189 -1.2442110195943883 -0.46147368304133457 -0.36790791673979839 -1.0361363850898264 -0.57648778903157782 -0.11796334665052748 -2.4539057655447882 0.76148928188564646 0.092864569720101764 0.72415570697813636 -0.58208551906440809 -0.0083310203153975446 -0.79542464769309795 -1.6577170326196635 -2.0051479605577436 0 -1.1338495688311594 -0.54643157593506075 0.063600534023378119 -2.8293540662382664 0.099433390606789684 -0.82155372413573724
leaf_weight=54.014489531517029 15405.337873697281 534.57152843475342 44.329759955406189 882.55037248134613 168.67840456962585 690.52656799554825 6012.9501166939735 6103.939363181591 25429.005276203156 6696.6146261096001 55.498359680175781 731.24651616811752 277.38909620046616 103.26471483707428 31.573258757591248 469.04295057058334 1680.4671880602837 59.348106563091278 190.22121047973633 68.727445006370544 479.71590226888657 42.790962398052216 139.19188070297241 22709.235875964165 461.78643262386322 340.36509031057358 342.48417156934738 1349.3856844902039 78.106694400310516 54.282740414142609 35.429925084114075 374.96292680501938 1093.0218595266342 117.32421010732651 101.92754405736923 73.467078924179077 45.134258091449738 60.216045320034027 81.272296369075775 346.09564536809921 6079.990144431591 238.78095799684525 35.759122371673584 32.858394265174866 910.8971489071846 25.102794826030731 82.719592273235321
leaf_count=61 15335 429 38 902 102 184 6893 3928 22372 7737 8 576 216 54 31 216 1990 50 157 23 398 46 56 29488 309 78 333 916 40 47 43 134 1306 151 111 56 57 48 48 68 5610 132 27 43 203 28 43
internal_value=-0.00796625 -0.000648855 0.000263563 -8.16463e-05 -0.0122852 0.000359087 -0.000950738 -0.00376784 0.000352002 0.0024066 -0.0263252 0.00402457 -0.00969761 -0.00886357 0.0144385 -0.0124504 -0.000697046 -0.00657395 -0.000602797 -0.0161793 -0.0086736 0.0172305 0.00485212 -0.0264023 -0.00526911 -0.0182777 -0.000623964 -0.00745619 -0.0060125 -0.0226866 0.000973073 -0.0183987 0.0183433 0.0190572 0.00597468 -0.00962218 0.0114192 -0.0160144 -0.0131137 -0.0207285 -0.0242962 -0.0183134 -0.0122384 -0.00475473 -0.0245064 -0.00170433 -0.0163036
internal_weight=101422 72522.9 67241.9 65636.6 5280.98 62750.1 38236.4 12116.9 26119.5 24513.7 28898.7 16136.6 2886.54 3983.13 1605.25 2206.27 8377.08 3046.57 680.269 936.56 1362.27 1322.57 416.581 28843.2 2688.23 833.295 877.056 1811.17 146.834 1297.85 282.683 844.006 1254.68 1210.35 211.493 263.688 147.062 358.345 218.275 686.461 6134 298.997 71.189 64.4317 1079.58 67.8938 163.992
internal_count=101121 65954 63031 61150 2923 59015 33377 10821 22556 25638 35167 15911 2135 2480 1881 1650 9727 2217 485 263 1300 1569 272 35159 1987 209 762 1225 63 443 312 350 1495 1457 242 213 168 230 138 146 5671 180 70 74 305 74 91
is_linear=0
shrinkage=0.0550285


Tree=10
num_leaves=55
num_cat=0
split_feature=8 28 24 23 35 8 2 49 38 50 0 23 45 10 26 34 14 28 0 49 49 28 24 47 54 11 24 6 38 32 27 54 24 6 4 44 26 4 6 34 46 1 7 34 4 14 26 54 54 23 35 12 12 32
split_gain=4558.13 265.046 112.733 92.4229 88.3986 84.5204 83.5891 77.5382 41.8476 43.9372 34.1686 33.3385 33.2331 33.1782 33.8743 29.2889 24.3456 22.9461 21.9866 18.7586 18.5642 17.4668 17.2008 16.2713 22.0294 19.2698 15.0938 14.0845 12.8304 12.7158 11.5227 11.0244 10.2708 10.7738 10.0654 10.0565 9.67714 9.58684 9.37997 9.24844 9.04379 8.85345 7.57076 6.88423 6.74053 6.63013 5.85344 4.10233 4.25516 3.46506 2.745 2.56289 2.35804 1.59253
threshold=1.0000000180025095e-35 29.89500713348389 29.035779953002933 3.2658587694168095 35.868347167968757 0.038775276392698295 29.893645286560062 1.5000000000000002 0.33758525550365454 1.0000000180025095e-35 0.074250001460313811 0.7443651854991914 1.0000000180025095e-35 3.6921201944351201 -0.005179409170523285 201.13568878173831 0.79294186830520641 13.322248935699465 0.047249998897314079 1.0000000180025095e-35 1.0000000180025095e-35 93.014759063720717 18.078697204589847 1.0000000180025095e-35 0.21053169667720797 0.034304160624742515 1.0000000180025095e-35 5.9068326950073251 -0.51516056060791005 46.500000000000007 -0.0074717530515044919 0.92698106169700634 18.078697204589847 24.011375427246097 -13.33189535140991 -0.56174489110708226 -2.9884361651966167e-08 19.890544891357425 1.0000000180025095e-35 27.887510299682621 1.0000000180025095e-35 20.574491500854496 0.00082657829625532042 8.78717088699341 -36.14793395996093 1.2754561305046084 -0.040325539186596863 1.2122225165367129 0.019996811635792259 0.2539037168025971 46.329853057861335 0.94550141692161571 1.572823762893677 37.500000000000007
decision_type=2 2 2 2 2 2 2 2 2 2 2 2 2 2 2 2 2 2 2 2 2 2 2 2 2 2 2 2 2 2 2 2 2 2 2 2 2 2 2 2 2 2 2 2 2 2 2 2 2 2 2 2 2 2
left_child=18 2 5 7 13 10 11 8 9 -4 26 19 15 14 -5 -9 32 34 36 37 -10 45 44 24 29 -26 42 30 -24 -13 -21 43 49 -34 -6 -28 -1 40 -39 -29 -3 51 -2 -25 -12 47 50 48 -8 -7 -18 -23 -47 -48
right_child=1 6 3 4 17 16 21 12 20 -11 22 23 -14 -15 -16 -17 46 -19 -20 27 -22 41 28 31 25 -27 35 39 -30 -31 -32 -33 33 -35 -36 -37 -38 38 -40 -41 -42 -43 -44 -45 -46 52 53 -49 -50 -51 -52 -53 -54 -55
leaf_value=0 0.030635592339463225 -0.067842694940521753 -0.0030781740396686338 -0.13753440852432103 0.0091337833545622662 -0.26882605261657244 -0.39896699240174688 0.68345042537534229 0.046106342974276321 0.00017051461217760142 0.095275001979872917 -0.3570481140802414 -0.19313136934421377 0.32276128077708743 0.021679385577064874 -0.094213623106467956 -0.13885023666489588 0.19041346147092328 -0.035400186609921794 -0.82758414152233506 0.23295037588601147 -0.97854520391707733 -0.2539063834202302 -0.4155240445849207 -1.1719784765379282 0.38254236131585434 0.19254269145440939 -0.42089526313700826 0.13650251355715365 -0.94543661565537362 0.28460931119090382 -0.62889927440329496 -0.34684692665281303 -1.1033519755206993 0.0098770708840027911 0.0034561591926300489 0 -1.0211755155177715 -0.32396619987037556 0.23060568338695717 -0.61614882350688516 -2.5002384585250566 0.14091533732127956 -0.99447058702263613 -0.2759437724328353 0.027212903020321741 0.58113472055934179 -0.28067513440549841 -1.0136605263780003 -1.4771011440194477 -0.60552691631591904 -1.5643470275511624 -0.53001262411331196 0.081431901446786775
leaf_weight=6135.2746214866638 125.71298891305923 1703.6535837650299 34678.400871634483 450.69362336397171 139.67390692234039 103.41235786676407 114.37091106176376 1103.6635714769363 10512.059570670128 695.64488959312439 98.806740045547485 1063.785096347332 121.06555289030075 178.22470712661743 2094.4015960097313 127.89438408613205 183.69892978668213 171.22288626432419 49.948523640632629 49.888847172260284 3427.7783656716347 77.26085376739502 672.80646139383316 102.09191554784775 207.97186535596848 510.16253572702408 239.16887438297272 381.84913522005081 1100.8510003685951 434.67953324317932 762.40159344673157 115.88671505451202 986.56634205579758 196.98800617456436 1072.2690965533257 680.50335425138474 22803.129149138927 440.81060594320297 879.87700057029724 360.61907470226288 321.24053996801376 997.27038544416428 160.25151354074478 672.29300040006638 820.62905025482178 68.881996512413025 31.95736563205719 68.227246224880219 637.05906653404236 1303.5673474669456 98.585643172264099 225.0471516251564 72.655358672142029 210.99867391586304
leaf_count=5710 82 1554 35795 93 24 129 58 1358 10962 539 76 387 137 22 344 146 239 47 9 24 3491 21 786 35 126 262 151 285 1276 156 409 33 997 103 234 483 29629 326 995 381 306 245 24 266 816 35 37 56 319 531 123 118 72 266
internal_value=-0.00794491 -0.000530072 0.000828872 0.00167161 0.00961377 -0.00573531 -0.00871751 0.00102556 0.000666547 -0.000336948 -0.000305807 -0.00605721 0.0140228 0.00380747 0.00214801 0.0167668 -0.0124916 0.0209553 -0.0263713 -0.00319653 0.00322077 -0.0180842 -0.00377952 -0.0105314 -0.00790738 0 0.00735911 0.00174347 -0.000545788 -0.011703 0.00679467 -0.0169248 -0.0146862 -0.0106585 0.0236246 0.00376533 -0.0264353 -0.00552497 -0.00921355 -0.00363642 -0.0030615 -0.0223519 0.0184799 -0.0192954 -0.00989069 -0.0121826 -0.00145102 -0.0140874 -0.015263 -0.0179862 -0.00698583 -0.0132245 -0.000358129 0.00453089
internal_weight=101044 72055.5 61787.5 54773 4106.49 7014.5 10268 50666.5 49313.9 35374 3898.73 8007.21 1352.62 2723.32 2545.1 1231.56 3115.77 1383.17 28988.4 4900.34 13939.8 2260.77 2693.09 3106.87 2216.6 718.134 1205.64 1554.76 1773.66 1498.46 812.29 890.272 2590.53 1183.55 1211.94 919.672 28938.4 3345.58 1320.69 742.468 2024.89 1299.58 285.965 774.385 919.436 961.195 525.241 819.657 751.43 1406.98 282.285 302.308 141.537 242.956
internal_count=101128 65780 59311 53192 764 6119 6469 52428 50787 36334 3694 5545 1641 459 437 1504 2425 305 35348 4280 14453 924 2954 1265 931 388 740 1099 2062 543 433 334 1760 1100 258 634 35339 3181 1321 666 1860 384 106 301 892 540 665 433 377 660 362 139 107 303
is_linear=0
shrinkage=0.0550285


Tree=11
num_leaves=55
num_cat=0
split_feature=8 28 13 49 18 6 18 50 31 9 45 34 28 0 0 5 6 49 13 36 35 26 54 29 54 9 27 14 13 26 11 26 45 28 29 14 37 22 31 36 21 13 10 32 0 20 34 28 10 29 7 3 31 27
split_gain=4566.98 250.748 79.9889 78.05 76.7855 69.0238 47.5039 38.8985 28.9513 29.6544 25.5881 24.1568 22.2849 21.9866 20.0152 16.2263 15.9111 15.6942 20.8965 15.5496 15.5132 23.2869 22.2742 13.4584 12.76 12.4177 12.0893 10.6761 10.0573 9.67714 9.42997 9.25754 7.59475 7.5713 7.27386 6.18106 6.04611 5.41092 5.15876 4.59385 3.41454 2.99812 2.97748 2.72494 2.3916 2.27985 2.07709 1.41437 1.20662 1.05589 0.732201 0.598008 0.519007 1.86922
threshold=1.0000000180025095e-35 33.017747879028327 0.70747444033622753 1.5000000000000002 0.18709755688905719 48.891017913818366 0.068562299013137831 1.0000000180025095e-35 103.50000000000001 0.0088108037598431128 1.0000000180025095e-35 201.13568878173831 93.014759063720717 0.047249998897314079 0.10624999925494195 -6.1458208560943595 -1.0000000180025095e-35 1.0000000180025095e-35 0.82899016141891491 -0.055541280657052987 6.9976561069488534 0.060027761384844787 0.2728202491998673 311.01898193359381 0.53620067238807689 0.01268317084759474 0.0039155308622866878 0.51628687977790844 0.72160339355468761 -2.9884361651966167e-08 0.017541010864079002 -0.056707743555307381 1.0000000180025095e-35 36.84301948547364 26.154270172119144 1.1981499791145327 1.2532265186309817 0.76990407705307018 4.5000000000000009 0.05720989033579827 20.567047119140629 2.3900730609893803 0.2746922373771668 15.500000000000002 0.08624999970197679 -1.0000000180025095e-35 75.909957885742202 7.6930205821990976 0.33029867708683019 11.112301826477053 0.11951349675655366 0.78525948524475109 287.50000000000006 -0.00019334172975504768
decision_type=2 2 2 2 2 2 2 2 2 2 2 2 2 2 2 2 2 2 2 2 2 2 2 2 2 2 2 2 2 2 2 2 2 2 2 2 2 2 2 2 2 2 2 2 2 2 2 2 2 2 2 2 2 2
left_child=13 2 8 5 17 6 7 -4 9 46 11 31 30 29 42 32 -8 20 49 33 27 22 -22 25 -17 34 -21 37 -23 52 36 -5 -7 -20 -10 39 38 -3 -6 -32 -29 -13 -11 48 -12 -25 51 -46 -14 -19 -51 -2 53 -1
right_child=1 4 3 10 12 15 16 -9 23 14 44 41 43 -15 -16 24 -18 18 19 26 21 28 -24 45 -26 -27 -28 40 -30 -31 35 -33 -34 -35 -36 -37 -38 -39 -40 -41 -42 -43 -44 -45 47 -47 -48 -49 -50 50 -52 -53 -54 -55
leaf_value=0 -0.0054905338168398767 0.49896405255168746 0.0067919013790603763 0.0098650747706318011 0.030443414948746205 -0.77620914196223467 -0.022257538488956966 0.0001611314517917588 -0.0018363607307673787 0.0065407365709039475 0.0046204421464675809 0.0025330883333546019 -1.1674540909266493 -0.033452168053578459 -0.023337425305355229 -0.48177701371456333 -0.2999829829532904 -0.5231109795775819 0.26894769263456031 -0.0028106184848018913 -0.79770082399942899 0.14888721588872503 -0.4193315184802559 0.52046911186358524 0.1408953915694213 -0.002043447710463405 0.37286214872833406 -0.72759022712442178 -0.2427185598296471 0 -1.1172558880601566 0.68630990944929771 -2.4405319208784846 -0.42238167009495176 0.015864619959561975 -0.03714818235038049 0.28949941673989177 -0.32156312473025866 -0.61704839395459488 -0.54003012784721305 0.043226892691659989 -0.25174401135436947 1.3271476904011268 -2.580291815998363 -0.12384131606318247 0.063041153664044156 -0.0018630035287548348 -0.4265209753853037 -1.2242329801170517 -0.74511880655834828 -0.61654445157791204 -0.88407674713451545 0 0
leaf_weight=250.15679967403412 102.50101351737976 235.48699367046356 54208.128216207027 87.40418004989624 60.059770822525024 176.27644473314285 1128.9060180783272 824.49856585264206 62.435651421546936 126.43907845020294 30.116829335689545 87.043247759342194 114.84287375211716 49.948523640632629 217.18138152360916 554.81117314100266 2411.8304136395454 51.836562156677246 131.95227199792862 588.23502993583679 2323.5641195774078 148.97487074136734 1499.7363993525505 157.90470480918884 255.07798534631729 51.394239068031311 323.38364893198013 174.83839857578278 608.74169379472733 22803.129149138927 264.65565103292465 1081.5495877861977 358.51744019985199 645.7502389550209 104.58231991529465 93.340943813323975 65.255135059356689 60.847110509872437 195.77918356657028 173.67982804775238 61.491194367408752 47.997249603271484 177.6995484828949 879.85165387392044 37.287559866905212 532.19716018438339 36.089183688163757 66.32846063375473 161.61639451980591 124.95028567314148 92.440150201320648 49.97362756729126 2509.7646900415421 3375.3531317710876
leaf_count=71 123 136 53428 112 37 115 997 696 90 38 28 107 56 9 51 455 1752 54 105 392 1497 22 1236 32 283 22 173 109 451 29629 105 1322 126 379 60 44 53 47 142 88 42 48 35 202 53 113 49 72 44 103 39 17 2171 3468
internal_value=-0.00792705 -0.000505024 0.000726131 0.000405656 -0.00905371 9.96779e-05 0.000384584 0.000783887 0.0128001 0.00426454 0.013072 0.015455 -0.0185737 -0.0263713 0.0111439 -0.0122199 -0.00578905 -0.00633146 -0.00206495 0.000143276 -0.0079433 -0.00897868 -0.0107251 0.0193364 -0.00707976 0.00666692 0.00508014 0.000755156 -1.88608e-05 -0.0264353 -0.0115479 0.0180235 -0.0197709 -0.00550145 0.0142857 -0.0161046 -0.0036345 0.00788651 -0.00770041 -0.0188765 -0.00771869 -0.00593936 0.020255 -0.0236456 -0.00928879 0.0231715 -0.0141325 -0.0134098 -0.0173358 -0.0162775 -0.018308 -0.016961 -0.0242859 -0.0233439
internal_weight=101044 72055.5 62974.2 61355.8 9081.31 59918 58573.4 55032.6 1618.4 709.884 1437.73 1303.99 2009.08 28988.4 521.32 1344.68 3540.74 7072.23 1958.55 1689.32 5113.68 4581.02 3823.3 908.514 809.889 218.412 911.619 532.664 757.717 28938.4 852.771 1168.95 534.794 777.703 167.018 531.676 321.094 296.334 255.839 438.335 236.33 135.04 304.139 1156.31 133.733 690.102 188.564 103.616 276.459 269.227 217.39 152.475 6135.27 3625.51
internal_count=101128 65780 60224 59594 5556 57852 56873 54124 630 313 1742 1589 771 35348 124 979 2749 4785 1245 1049 3540 3206 2733 317 738 172 565 334 473 35339 469 1434 241 484 150 237 232 183 179 193 151 155 73 302 153 145 189 125 100 196 142 140 5710 3539
is_linear=0
shrinkage=0.0550285


Tree=12
num_leaves=55
num_cat=0
split_feature=8 28 24 28 23 49 8 18 34 49 38 26 34 16 13 28 16 33 10 33 34 45 45 22 44 47 10 9 23 34 6 23 38 37 11 26 15 23 13 4 12 24 37 20 27 46 12 29 11 45 26 33 37 31
split_gain=4568.21 234.963 96.5596 80.3354 141.351 75.1119 70.1778 58.6802 57.97 52.2649 35.1495 27.7592 26.9088 26.4158 25.6503 22.6625 21.9866 20.6527 20.6852 19.4887 20.285 18.8453 18.7162 17.019 16.147 15.7353 15.6379 15.485 14.467 21.7958 11.9886 11.3282 10.0283 9.89748 9.73756 9.67714 9.65507 8.03801 7.33013 6.92114 6.30483 6.28854 6.02461 5.90581 5.73605 4.96553 4.55762 5.55926 4.04401 4.03863 3.85929 2.92221 2.73198 2.4056
threshold=1.0000000180025095e-35 49.451852798461921 29.035779953002933 12.766716480255129 3.2658587694168095 1.0000000180025095e-35 0.052846597507596023 0.18709755688905719 32.890527725219734 1.5000000000000002 0.33758525550365454 1.0000000180025095e-35 26.71431922912598 -3.263633012771606 0.94091379642486583 22.202219963073734 -3.0737084150314327 235.68333435058597 0.0076969726942479619 202.48332977294925 270.26628112792974 1.0000000180025095e-35 1.0000000180025095e-35 0.24032820016145709 1.0000000180025095e-35 1.0000000180025095e-35 0.13392629474401477 0.01268317084759474 0.90320947766304027 7.5981698036193857 10.811080932617189 0.7443651854991914 0.85569715499877941 0.32677881419658666 0.20678987354040149 -2.9884361651966167e-08 -21.561251640319821 0.14200010150671008 1.0720269083976748 -4.3298249244689933 1.7921434640884402 71.918869018554702 1.0146436095237734 -40.611335754394524 0.0012861589202657344 1.0000000180025095e-35 1.0830645561218264 186.19493103027347 0.025261835195124153 1.0000000180025095e-35 -0.0082296216860413534 24.673333168029789 0.16323693841695788 16.500000000000004
decision_type=2 2 2 2 2 2 2 2 2 2 2 2 2 2 2 2 2 2 2 2 2 2 2 2 2 2 2 2 2 2 2 2 2 2 2 2 2 2 2 2 2 2 2 2 2 2 2 2 2 2 2 2 2 2
left_child=16 2 6 4 9 11 13 19 12 10 -4 15 -6 33 49 -5 35 18 -15 28 26 25 -11 31 -23 -7 36 42 40 -30 -31 -16 -19 37 -13 -1 -21 -2 45 -25 41 -3 53 -10 -40 -22 47 51 -35 50 -8 -29 -42 -9
right_child=1 7 3 5 8 21 14 27 43 22 -12 34 -14 17 23 -17 -18 32 -20 20 38 24 -24 39 -26 -27 -28 46 29 30 -32 -33 -34 48 -36 -37 -38 -39 44 -41 52 -43 -44 -45 -46 -47 -48 -49 -50 -51 -52 -53 -54 -55
leaf_value=0 -0.0058754311621942602 -0.28034525007592531 0.00015226463248485401 -0.1069403091502177 0.080401496274203052 0.42555535141576034 0.13642964846225028 -0.49561164895139798 0.013306188215013198 0.56286789603989051 0.11552169891493606 -0.097772123877985992 -0.079433813925885444 0.41396418089279213 -0.49402562734470262 -0.49984880386499003 -0.031611346002656776 -0.35519716389547679 -0.065677706558848997 0.16282833005664965 -0.54759527492407722 0.12404173229931519 -0.15950624389734397 -0.73156952988185475 -0.22719979630026568 0.067543481155989293 0.71195087813424041 -0.41084775682722008 1.0071860860833997 -1.83960727533206 -0.45815765822267085 0.046890175316548044 0.07585697315681407 0.033033644912789983 0.083680554777559327 0 -0.3608185829613858 0.070882936142514244 0.93723574062908743 -2.0895705091600356 -0.67666137429899298 0.42958762970457914 0.18617277185809797 0.0089598026322439579 -0.7686619185014264 -2.0740472862694008 -2.131448205944988 -1.3945317720477617 -0.14556605889560328 -0.17508522720301123 0.27737623024794866 -1.7049365738671172 -0.60299045858815559 -0.92975506777361905
leaf_weight=6135.2746214866638 79.448911428451538 1057.0758996605873 25126.827709615231 4342.2945567369461 1512.404658973217 1980.0222296714783 161.45548593997955 75.11018967628479 150.64973294734955 920.11738789081573 10198.790534257889 5895.1233923435211 224.11776405572891 334.63557821512222 1069.9220480322838 2707.7405914068222 49.948523640632629 1643.8296504020691 1662.77156239748 105.54213881492615 212.41158026456833 1341.836835205555 98.887258887290955 389.30830484628677 994.37828803062439 1314.8937246203423 149.92254513502121 102.4462656378746 138.22557252645493 548.52499783039093 454.92601066827774 236.0667365193367 289.05539005994797 50.236393749713898 1740.5015980005264 22803.129149138927 213.1642826795578 379.18379992246628 49.772223174571991 690.63718020915985 231.85682910680771 63.538717806339264 71.376970171928406 1104.4192162156105 45.180337905883789 119.17109882831573 1008.5155918598175 193.52695745229721 68.827523052692413 96.953410506248474 46.720568120479584 123.11011952161789 156.97010970115662 83.055223107337952
leaf_count=5710 35 761 26130 3819 247 1428 214 49 38 1154 10717 6512 41 141 1109 1783 9 1780 1530 52 153 1097 112 315 950 1196 51 37 44 160 284 106 353 42 1373 29629 166 262 38 152 176 45 57 239 34 55 306 38 31 106 30 37 138 57
internal_value=-0.00792456 -0.000501543 0.000373613 0.00110171 0.0025541 -0.00170491 -0.00564358 -0.0117644 0.0140545 0.0016041 0.00124605 -0.00378044 0.00744158 -0.00141745 -0.012679 -0.00627483 -0.0263713 -0.00305418 0.000820742 -0.00771588 -0.000563462 0.00368812 0.0138951 -0.0146056 -4.60672e-05 0.00636839 0.0072006 -0.0203518 -0.0100883 -0.0148368 -0.0176821 -0.0101905 -0.00711372 0.00951374 -0.00146241 -0.0264353 0 0.0132361 -0.00934805 -0.0198285 -0.00641643 -0.00416627 -0.00636746 0.0231033 0.00319995 -0.013271 -0.0225173 -0.0167357 -0.00389872 0.00202449 0.00660888 -0.00992839 -0.0125919 -0.0125654
internal_weight=101044 72055.5 66852.1 59653 39336.2 20316.8 7199.05 5203.42 2991.59 36344.6 35325.6 14685.7 1736.52 4507.99 2691.06 7050.04 28988.4 3930.29 1997.41 3546.28 895.164 5631.13 1019 2385.93 2336.22 3294.92 468.629 1657.14 2651.12 1141.68 1003.45 1305.99 1932.89 577.697 7635.62 28938.4 318.706 458.633 426.535 1079.95 1509.44 1120.61 229.542 1255.07 94.9526 331.583 1427.6 419.083 119.064 305.129 208.176 225.556 388.827 158.165
internal_count=101128 65780 63042 56836 38678 18158 6206 2738 565 38113 36847 13487 288 4174 2032 5602 35348 3804 1671 2157 549 4671 1266 1682 2047 2624 269 581 1608 488 444 1215 2133 370 7885 35339 218 297 280 467 1120 806 163 277 72 208 418 112 73 350 244 74 314 106
is_linear=0
shrinkage=0.0550285


end of trees

feature_importances:
return_60d=42
bb_width=39
price_std_60d=32
volume_std_30d=28
vol_regime_60_30=26
distance_to_support=25
events_next_30d_game_update=25
price_std_14d=24
price_zscore_30d=24
macd_signal=24
volume_mean_30d=24
volume_std_60d=22
item_volume_vs_market_30d=19
price_lag_1d=18
rsi_14=18
price_std_7d=17
price_log=16
events_next_30d_major=16
bb_pct_b=15
distance_to_resistance=15
return_1d=14
return_3d=13
volume_zscore_30d=13
price_std_30d=12
log_return_1d=12
volume_log_change_7d=11
events_next_30d_case_drop=11
return_14d=10
trend_divergence_30_60=10
macd_line=10
macd_histogram=10
item_type_skin=10
volume_lag_1d=8
volume_lag_7d=8
price_accel_7d=7
return_7d=6
price_std_20d=6
macd_missing=6
return_30d=5
autocorr_1d=5
log_return_7d=4
volume_log_change_1d=4
dow_sin=4
item_type_graffiti=3
item_type_sticker=3
autocorr_7d=2
dow_cos=2
events_next_30d_operation=2
price_tier=1
volume_price_conf_7d=1
rsi_missing=1

parameters:
[boosting: gbdt]
[objective: quantile]
[metric: quantile]
[tree_learner: serial]
[device_type: cpu]
[data_sample_strategy: bagging]
[data: ]
[valid: ]
[num_iterations: 1000]
[learning_rate: 0.0550285]
[num_leaves: 55]
[num_threads: -1]
[seed: 57]
[deterministic: 0]
[force_col_wise: 0]
[force_row_wise: 0]
[histogram_pool_size: -1]
[max_depth: 7]
[min_data_in_leaf: 30]
[min_sum_hessian_in_leaf: 0.001]
[bagging_fraction: 0.7]
[pos_bagging_fraction: 1]
[neg_bagging_fraction: 1]
[bagging_freq: 5]
[bagging_seed: 30554]
[bagging_by_query: 0]
[feature_fraction: 0.8]
[feature_fraction_bynode: 1]
[feature_fraction_seed: 30558]
[extra_trees: 0]
[extra_seed: 6244]
[early_stopping_round: 0]
[early_stopping_min_delta: 0]
[first_metric_only: 0]
[max_delta_step: 0]
[lambda_l1: 2]
[lambda_l2: 1]
[linear_lambda: 0]
[min_gain_to_split: 0.1]
[drop_rate: 0.1]
[max_drop: 50]
[skip_drop: 0.5]
[xgboost_dart_mode: 0]
[uniform_drop: 0]
[drop_seed: 23688]
[top_rate: 0.2]
[other_rate: 0.1]
[min_data_per_group: 100]
[max_cat_threshold: 32]
[cat_l2: 10]
[cat_smooth: 10]
[max_cat_to_onehot: 4]
[top_k: 20]
[monotone_constraints: ]
[monotone_constraints_method: basic]
[monotone_penalty: 0]
[feature_contri: ]
[forcedsplits_filename: ]
[refit_decay_rate: 0.9]
[cegb_tradeoff: 1]
[cegb_penalty_split: 0]
[cegb_penalty_feature_lazy: ]
[cegb_penalty_feature_coupled: ]
[path_smooth: 0]
[interaction_constraints: ]
[verbosity: -1]
[saved_feature_importance_type: 0]
[use_quantized_grad: 0]
[num_grad_quant_bins: 4]
[quant_train_renew_leaf: 0]
[stochastic_rounding: 1]
[linear_tree: 0]
[max_bin: 63]
[max_bin_by_feature: ]
[min_data_in_bin: 3]
[bin_construct_sample_cnt: 200000]
[data_random_seed: 224]
[is_enable_sparse: 1]
[enable_bundle: 1]
[use_missing: 1]
[zero_as_missing: 0]
[feature_pre_filter: 0]
[pre_partition: 0]
[two_round: 0]
[header: 0]
[label_column: ]
[weight_column: ]
[group_column: ]
[ignore_column: ]
[categorical_feature: ]
[forcedbins_filename: ]
[precise_float_parser: 0]
[parser_config_file: ]
[objective_seed: 6962]
[num_class: 1]
[is_unbalance: 0]
[scale_pos_weight: 1]
[sigmoid: 1]
[boost_from_average: 1]
[reg_sqrt: 0]
[alpha: 0.5]
[fair_c: 1]
[poisson_max_delta_step: 0.7]
[tweedie_variance_power: 1.5]
[lambdarank_truncation_level: 30]
[lambdarank_norm: 1]
[label_gain: ]
[lambdarank_position_bias_regularization: 0]
[eval_at: ]
[multi_error_top_k: 1]
[auc_mu_weights: ]
[num_machines: 1]
[local_listen_port: 12400]
[time_out: 120]
[machine_list_filename: ]
[machines: ]
[gpu_platform_id: -1]
[gpu_device_id: -1]
[gpu_use_dp: 0]
[num_gpu: 1]

end of parameters

pandas_categorical:[]
