tree
version=v4
num_class=1
num_tree_per_iteration=1
label_index=0
max_feature_idx=19
objective=quantile
feature_names=event_decay_major event_density_30d_major event_density_90d_major event_decay_operation event_density_30d_operation event_density_90d_operation event_decay_case_drop event_density_30d_case_drop event_density_90d_case_drop event_decay_update event_density_30d_update event_density_90d_update event_decay_game_update event_density_30d_game_update event_density_90d_game_update event_decay_major_weighted event_decay_operation_weighted event_decay_case_drop_weighted event_decay_update_weighted event_decay_game_update_weighted
feature_infos=[0.031220927834510803:0.98347145318984985] [0:2] [0:3] [1.5229979055675358e-08:0.95349693298339844] [0:1] [0:1] [0:0.93106275796890259] [0:1] [0:3] none none none [0:0.86687791347503662] [0:2] [0:3] [0:0.98347145318984985] [0:0.95349693298339844] [0:0.93106275796890259] none [0:0.26006338000297546]
tree_sizes=1855 1897 1906 1915 1787 1916 1913 1910 1892 1904 1903 1781 1905 1914 1898 1906 1919 1906 1918 1798 1808 1916 1805 1897 1908 1903 1690 1910 1902

Tree=0
num_leaves=16
num_cat=0
split_feature=19 3 3 3 1 16 16 15 19 12 16 3 12 12 12
split_gain=79.8932 148.633 111.074 114.658 197.998 94.7838 140.701 48.3778 48.2787 42.8875 19.4834 17.2725 5.80092 5.02948 1.41696
threshold=0.00060172524536028515 7.8760091781759924e-08 0.001503865350969136 0.00034364305611234164 1.0000000180025095e-35 0.0024621372576802973 0.0063815480098128327 0.49803984165191656 1.0000000180025095e-35 0.0083694639615714567 0.0016821577446535232 2.4696917932942602e-07 0.040286580100655563 0.011137348134070637 0.0047263880260288724
decision_type=2 2 2 2 2 2 2 2 2 2 2 2 2 2 2
left_child=2 9 3 8 -5 11 -7 10 -1 14 -4 -3 -9 -11 -2
right_child=1 5 7 4 -6 6 -8 12 -10 13 -12 -13 -14 -15 -16
leaf_value=-15.049116802470756 -16.208273812771967 -15.417819271131474 -14.29331303735972 -17.024405436881878 -15.364230623284168 -17.3776180879298 -15.263814918880504 -15.085280072672727 -15.498375176681108 -16.849047643724145 -14.920205549175014 -15.009549445412613 -15.362606194181366 -15.472718796970758 -16.141173274383235
leaf_weight=75336.467087805271 446.7933754324913 2285.7121607661247 36265.534183621407 5603.0511595010757 10726.945706903934 11225.88870292902 19323.085272014141 17245.066134691238 21953.552414000034 187.08573150634766 34571.380191802979 30103.081426739693 10630.191259086132 478.85210734605789 434.68250679969788
leaf_count=75525 399 2376 43931 5967 11071 8542 17722 20024 20866 182 30740 26235 12348 505 395
internal_value=-15.1899 -15.1923 -15.1891 -15.1908 -15.1969 -15.1917 -15.1949 -15.1872 -15.1898 -15.2164 -15.1861 -15.1887 -15.19 -15.2012 -15.2278
internal_weight=276817 64485.2 212332 113620 16330 62937.8 30549 98712.2 97290 1547.41 70836.9 32388.8 27875.3 665.938 881.476
internal_count=276828 56356 220472 113429 17038 54875 26264 107043 96391 1481 74671 28611 32372 687 794
is_linear=0
shrinkage=1


Tree=1
num_leaves=16
num_cat=0
split_feature=0 0 4 0 16 16 16 16 0 16 14 6 0 0 1
split_gain=222.95 116.098 54.6485 50.5019 48.3332 41.3381 37.4752 182.545 48.7408 29.6861 23.5176 19.963 40.5258 21.5944 3.53352
threshold=0.059310715645551688 0.048559507355093963 1.0000000180025095e-35 0.039757162332534797 1.0000000180025095e-35 1.0000000180025095e-35 0.0063815480098128327 0.0036037757527083163 0.86794066429138195 0.00026261518360115593 2.5000000000000004 1.0000000180025095e-35 0.14588082581758502 0.49248139560222631 1.0000000180025095e-35
decision_type=2 2 2 2 2 2 2 2 2 2 2 2 2 2 2
left_child=1 2 3 -1 11 10 7 -6 -8 -7 -3 13 -13 -2 -4
right_child=4 5 14 -5 6 9 8 -9 -10 -11 -12 12 -14 -15 -16
leaf_value=-0.40654118749016283 0.6936456745766022 -2.0762892825113446 0.33113778822102874 -2.7086867336925895 -0.013248457946341198 -1.0305617928466879 0.25545052490296632 -2.2541407653380037 -0.54977177850237202 -0.59214240240025995 -0.34432003964559016 -0.76253912977260274 0.26143334777992827 0.012589695603350153 -1.2106534996007667
leaf_weight=2888.6875414252281 29142.07908308506 935.6052063703537 3672.2985782027245 2470.0970970988274 96958.254520893097 1457.2492038607597 38443.622414648533 9773.9423228502274 7028.1010288000107 927.74918496608734 997.70782685279846 6497.7376502752304 65298.79934579134 10122.683120727539 202.75529509782791
leaf_count=3045 32741 1073 3923 2363 85893 1485 34756 7107 6492 935 1259 6910 76371 12275 200
internal_value=7.01658e-05 -0.00977746 -0.00478805 -0.00993961 0.000577261 -0.0204354 -0.000333781 -0.00114035 0.00155855 -0.0273833 -0.0118391 0.00182615 0.00104473 0.00325396 0.00232621
internal_weight=276817 13552.1 9233.84 5358.78 263265 4318.31 152204 106732 45471.7 2385 1933.31 111061 71796.5 39264.8 3875.05
internal_count=276828 14283 9531 5408 262545 4752 134248 93000 41248 2420 2332 128297 83281 45016 4123
is_linear=0
shrinkage=0.0787314


Tree=2
num_leaves=16
num_cat=0
split_feature=0 19 5 19 19 0 12 0 12 12 12 5 19 12 12
split_gain=181.229 99.0908 81.2009 76 95.3869 60.6584 44.3504 24.1457 35.2434 18.8979 15.3191 6.01284 6.00846 0.685107 0.526777
threshold=0.059310715645551688 0.00060172524536028515 1.0000000180025095e-35 1.0000000180025095e-35 5.6753237664963771e-09 0.039757162332534797 0.0026690770173445348 0.52643263339996349 2.9039931348506801e-08 1.0000000180025095e-35 5.409343459272798e-11 1.0000000180025095e-35 0.00045218283776193863 0.0047263880260288724 0.0026690770173445348
decision_type=2 2 2 2 2 2 2 2 2 2 2 2 2 2 2
left_child=1 2 5 7 10 -1 -6 9 -9 -2 -5 13 -4 -3 -13
right_child=3 11 12 4 6 -7 -8 8 -10 -11 -12 14 -14 -15 -16
leaf_value=-0.37453364590789023 0.44000446544086752 -0.96156340101631677 0.20099948856548161 -0.14531636804286061 0.19191910737463472 -1.6339845329448879 -0.22679511685626411 -0.30249462625434331 0.22679159023554352 0.13854993010393737 -0.88514845894563221 -0.8116351366111173 -0.50659769968306523 -0.84612959066228421 -0.72039619483310924
leaf_weight=2888.6875414252281 58831.222699701786 339.86675614118576 4494.5529278516769 1895.6019828915596 36497.33252042532 4927.9341620802879 61274.111880660057 14529.132422089577 51646.35951423645 31202.650120198727 7388.8083468675613 230.50374871492386 230.83395433425903 332.8442240357399 106.92661929130554
leaf_count=3045 54597 301 4869 1746 34366 5273 53525 14549 61040 36205 6517 199 204 294 98
internal_value=8.88424e-05 -0.00878969 -0.00687437 0.00054605 -0.00106959 -0.0118001 -0.000344955 0.00165356 0.000511063 0.00249286 -0.00869588 -0.0325164 0.00126579 -0.0369374 -0.0235444
internal_weight=276817 13552.1 12542 263265 107056 7816.62 97771.4 156209 66175.5 90033.9 9284.41 1010.14 4725.39 672.711 337.43
internal_count=276828 14283 13391 262545 96154 8318 87891 166391 75589 90802 8263 892 5073 595 297
is_linear=0
shrinkage=0.0787314


Tree=3
num_leaves=16
num_cat=0
split_feature=19 3 3 16 16 3 1 6 19 3 4 14 1 3 19
split_gain=56.8441 90.9462 79.3596 69.8352 96.6181 67.1451 83.5597 43.0703 27.9978 11.9544 4.09108 3.75117 5.7071 3.30427 2.92558
threshold=0.00045218283776193863 7.8760091781759924e-08 0.001503865350969136 0.0024621372576802973 0.0063815480098128327 0.00034364305611234164 1.0000000180025095e-35 1.0000000180025095e-35 0.00251083925832063 2.4696917932942602e-07 1.0000000180025095e-35 1.5000000000000002 1.0000000180025095e-35 0.02269908040761948 0.0033412043703719978
decision_type=2 2 2 2 2 2 2 2 2 2 2 2 2 2 2
left_child=2 8 5 9 -5 7 -7 -1 10 -3 -2 13 -13 -4 -10
right_child=1 3 11 4 -6 6 -8 -9 14 -11 -12 12 -14 -15 -16
leaf_value=0.1856231864759634 -0.81652526617067411 -0.19110015232348893 0.30346541935722982 -1.8143790997006524 -0.060565115005407656 -1.3735076510015589 -0.24191875745370212 -0.22588926051968017 -1.5096459651679006 0.15719356730362943 -0.66367842091164231 0.39266773544192701 0.099494564201326255 0.36943877274506282 -0.24167736369570514
leaf_weight=55925.357022404671 774.54926294088364 2285.7121607661247 20328.257975161076 11526.350249230862 19993.825409412384 5603.0511595010757 10321.399232625961 40989.347440600395 187.08573150634766 31522.707830131054 106.92661929130554 12532.181965112686 17705.330051064491 46536.435203850269 478.85210734605789
leaf_count=53703 696 2376 21969 8773 18387 5967 10653 42372 182 27517 98 14385 20540 48705 505
internal_value=0.000133057 -0.00186574 0.000769956 -0.00141816 -0.00408434 -0.000649751 -0.00538764 0.000128369 -0.0207294 0.00106642 -0.0299488 0.00242015 0.00168904 0.00275017 -0.00845358
internal_weight=276817 66876 209941 65328.6 31520.2 112839 15924.5 96914.7 1547.41 33808.4 881.476 97102.2 30237.5 66864.7 665.938
internal_count=276828 58534 218294 57053 27160 112695 16620 96075 1481 29893 794 105599 34925 70674 687
is_linear=0
shrinkage=0.0787314


Tree=4
num_leaves=15
num_cat=0
split_feature=3 3 17 12 2 12 2 6 12 2 12 3 3 3
split_gain=42.5943 65.4696 98.1394 133.782 42.8749 27.9378 26.0443 19.8365 35.2017 17.8287 8.78622 3.65742 2.99163 5.57539
threshold=0.02269908040761948 0.012818581890314819 0.025535488501191143 0.0083694639615714567 2.5000000000000004 1.171554458778701e-05 1.0000000180025095e-35 0.015330149792134764 0.0015072760870680215 1.0000000180025095e-35 7.5042862590635209e-05 0.0059834124986082324 0.6673247516155244 0.22319340705871585
decision_type=2 2 2 2 2 2 2 2 2 2 2 2 2 2
left_child=1 4 9 -4 6 12 -1 8 -7 -3 -9 -6 13 -2
right_child=5 2 3 -5 11 7 -8 10 -10 -11 -12 -13 -14 -15
leaf_value=-0.1776298764311442 0.48321663255314085 -1.8820661092976552 1.0686149200901855 -2.6859670627295769 0.44549650036375738 0.12211988068407162 0.054284760092690586 -0.27668715192492827 -0.68889599597231777 0.35070027000856624 0.21242780630580615 0.89784261343754368 1.1190702015763545 0.11607828894967678
leaf_weight=68363.438106477261 20206.19431656599 2546.513866007328 1903.5884045362473 4575.3520364761353 6878.9274395108223 13465.143098056316 96244.750522732735 1095.3528290987015 7766.6685565114021 6183.6862419843674 34348.307483136654 6938.9742441773415 1547.679868042469 4752.7924076318741
leaf_count=71162 20481 2296 1555 2880 6690 13936 91689 1201 7573 7095 36874 6989 1451 4956
internal_value=0.000167526 -0.000472419 -0.00543088 -0.0127719 -4.95227e-05 0.00165769 -0.000403348 0.000670074 -0.00123189 1.29897e-05 0.00181052 0.0041625 0.00376782 0.00355626
internal_weight=276817 193635 15209.1 6478.94 178426 83182.1 164608 56675.5 21231.8 8730.2 35443.7 13817.9 26506.7 24959
internal_count=276828 190356 13826 4435 176530 86472 162851 59584 21509 9391 38075 13679 26888 25437
is_linear=0
shrinkage=0.0787314


Tree=5
num_leaves=16
num_cat=0
split_feature=15 16 15 12 3 3 12 2 16 3 3 2 6 3 15
split_gain=49.573 242.621 84.3278 64.6867 55.0452 36.4447 46.0179 22.9003 19.1797 17.3813 8.76946 0.96955 2.81547 0.655549 0.237568
threshold=1.0000000180025095e-35 1.0000000180025095e-35 0.06305538117885591 1.0000000180025095e-35 0.00022386250930139798 7.8760091781759924e-08 0.0026690770173445348 2.5000000000000004 1.3343175009339349e-08 0.0059834124986082324 7.8760091781759924e-08 1.0000000180025095e-35 2.9535829071392078e-07 7.2605866989761134e-06 0.077016018331050887
decision_type=2 2 2 2 2 2 2 2 2 2 2 2 2 2 2
left_child=1 11 3 4 -2 6 -3 -7 9 -4 -5 12 -1 -13 -10
right_child=2 5 8 10 -6 7 -8 -9 14 -11 -12 13 -14 -15 -16
leaf_value=0.9689474675046853 0.081008397270054877 -0.18444797224043366 -0.30308845301396808 -0.55989417767096428 -2.4887812023273859 -0.065732870480102776 -0.6520961454607509 0.33024317483679388 0.20473655740673755 0.070523389738358158 0.2336869808763741 1.0766953699373449 0.486953909015933 0.9689474675046853 0.66411002548888953
leaf_weight=10084.390210032463 736.10686928033829 4306.7193160057068 41630.088282883167 569.8448891043663 2491.6056457161903 137804.21482741833 1612.3001610636711 12738.020717859268 101.11584675312042 30177.059893906116 1648.70718729496 3605.3902359604836 2232.3442305326462 25100.759195685387 1816.2258561849594
leaf_count=12788 801 3161 44881 724 2243 122267 1502 11053 131 35800 2105 2870 2682 31619 2281
internal_value=0.000255728 0.000923143 -0.00140857 -0.0108624 -0.0179756 -0.000489672 -0.00654957 -0.000251126 -0.000709583 -0.000917593 -0.00049426 0.00631252 0.00570255 0.00657275 0.00705838
internal_weight=276655 197484 79170.8 5446.26 3227.71 156461 5919.02 150542 73724.5 71807.1 2218.55 41022.9 12316.7 28706.1 1917.34
internal_count=276908 187942 88966 5873 3044 137983 4663 133320 83093 80681 2829 49959 15470 34489 2412
is_linear=0
shrinkage=0.0787314


Tree=6
num_leaves=16
num_cat=0
split_feature=19 3 19 3 3 3 6 3 12 12 12 3 16 12 12
split_gain=41.3666 62.2157 59.5478 32.9572 84.2969 65.9707 37.4106 26.0192 15.0231 11.8815 5.12745 8.74334 3.83271 2.2254 1.68512
threshold=1.0000000180025095e-35 7.8760091781759924e-08 5.6753237664963771e-09 0.0024211175041273241 2.6263362997269727e-05 6.1887472838861881e-05 1.0000000180025095e-35 0.0072388856206089267 0.0083694639615714567 5.409343459272798e-11 0.040286580100655563 0.040195416659116752 0.16263458877801898 0.014820604119449856 0.0035517732612788682
decision_type=2 2 2 2 2 2 2 2 2 2 2 2 2 2 2
left_child=3 8 9 4 6 -6 -1 -4 14 -3 12 -12 -5 -10 -2
right_child=1 2 7 10 5 -7 -8 -9 13 -11 11 -13 -14 -15 -16
leaf_value=0.36638915242296305 -0.30213629018593124 -0.075343231892630189 0.12409607836230092 0.36450867854592217 -0.82515635445759394 -0.24986028514742559 -0.26044075599519917 -0.20120933872626681 -0.40542907711260878 -0.75048202430859312 0.34104326721650502 -0.1126002331970605 0.76927537999260576 -0.17930427831945978 -0.76780073511143587
leaf_weight=45960.1140447855 212.25617462396622 1935.0562353730202 47699.816825985909 52516.421760976315 5418.1770440936089 30218.557662248611 12800.583446323872 51559.917839109898 428.15580594539642 7409.5324643850327 11393.039960861206 6313.7962803244591 1817.5796401500702 293.30550348758698 678.5826770067215
leaf_count=42748 188 1785 43464 58711 6283 32942 14206 45910 409 6509 13518 7776 1554 292 613
internal_value=0.000298753 -0.000884107 -0.000655776 0.00108229 0.000114002 -0.00290665 0.00194662 -8.97059e-05 -0.0162351 -0.00666413 0.00235051 0.00118301 0.00273024 -0.00770025 -0.0230948
internal_weight=276655 110217 108604 166438 94397.4 35636.7 58760.7 99259.7 1612.3 9344.59 72040.8 17706.8 54334 721.461 890.839
internal_count=276908 99170 97668 177738 96179 39225 56954 89374 1502 8294 81559 21294 60265 701 801
is_linear=0
shrinkage=0.0787314


Tree=7
num_leaves=16
num_cat=0
split_feature=15 19 15 3 12 12 19 3 15 3 3 3 12 3 12
split_gain=46.7834 123.74 65.0016 53.0801 48.795 48.6699 46.4314 42.0669 19.1183 23.5128 15.2908 13.9012 12.6764 7.63843 1.27417
threshold=1.0000000180025095e-35 1.0000000180025095e-35 0.06305538117885591 7.8760091781759924e-08 2.9039931348506801e-08 1.0000000180025095e-35 5.6753237664963771e-09 0.00022386250930139798 0.5149209499359132 0.0030719864880666141 6.1887472838861881e-05 4.4477250327190638e-08 0.0083694639615714567 7.8760091781759924e-08 0.00023531300394097346
decision_type=2 2 2 2 2 2 2 2 2 2 2 2 2 2 2
left_child=1 4 5 12 11 7 -5 -2 9 -4 -10 -1 -3 -7 -6
right_child=2 3 8 6 14 13 -8 -9 10 -11 -12 -13 -14 -15 -16
leaf_value=-0.20780416284757958 0.10280230196720977 -0.66312605755867748 -0.078460284293959098 -0.53318437918624639 0.8831935755592889 -0.544659263392681 -0.0076467279729891223 -2.273164226762252 -1.5701280033737053 0.4757481039441554 -0.20336029620073318 0.26947591897884315 -0.2822105993791264 0.19320815844747227 0.90523432462006137
leaf_weight=3619.5654653310776 736.10686928033829 890.83885163068771 25188.421125352383 9344.5886997580528 5694.4878599047661 569.8448891043663 99259.734665095806 2491.6056457161903 2061.8935850262642 10295.040503501892 36179.134665846825 58951.304122388363 721.4613094329834 1648.70718729496 19002.157921016216
leaf_count=3010 801 801 27111 8294 7041 724 89374 2243 2310 12611 41061 54730 701 2105 23991
internal_value=0.000326335 0.000974695 -0.00129044 -0.000778654 0.00318957 -0.0095907 -0.000567724 -0.0157609 -0.000676677 0.000638677 -0.0018982 0.002019 -0.0149579 -0.00059462 0.00615363
internal_weight=276655 197484 79170.8 110217 87267.5 5446.26 108604 3227.71 73724.5 35483.5 38241 62570.9 1612.3 2218.55 24696.6
internal_count=276908 187942 88966 99170 88772 5873 97668 3044 83093 39722 43371 57740 1502 2829 31032
is_linear=0
shrinkage=0.0787314


Tree=8
num_leaves=16
num_cat=0
split_feature=3 16 8 6 6 6 12 17 6 1 12 3 3 7 12
split_gain=29.6768 117.058 72.6612 70.0383 21.9456 29.454 18.4852 16.3922 13.4727 26.3148 8.25283 3.78043 8.13325 3.31587 0.216413
threshold=0.02269908040761948 0.0036037757527083163 1.5000000000000002 0.04475709795951844 0.059558814391493804 0.029156521894037727 1.171554458778701e-05 0.25108298659324652 0.015330149792134764 1.0000000180025095e-35 7.5042862590635209e-05 0.22319340705871585 0.6673247516155244 1.0000000180025095e-35 0.0047263880260288724
decision_type=2 2 2 2 2 2 2 2 2 2 2 2 2 2 2
left_child=1 4 3 -3 5 -1 11 -6 9 -8 -10 13 -13 -2 -4
right_child=6 2 14 -5 7 -7 8 -9 10 -11 -12 12 -14 -15 -16
leaf_value=0.015878862874295505 0.50346891124230664 -1.4588466885800642 1.1335289280956586 -2.3953131587509269 0.36893100829431835 -0.83299453387268707 0.11184550628518494 -0.33408645091623679 -0.3288132501139579 -0.72709658964197166 0.2033280905316498 0.0031231508089942009 0.89408545458802746 0.13500198133509825 0.32041538517510892
leaf_weight=134410.13142031431 17163.649952173233 3583.7255929708481 1798.007507443428 5047.6057329773903 35460.414318442345 9278.4754447340965 13455.631258308887 3897.635252892971 1123.7846436500549 7300.2904902696609 34376.729175508022 4801.0483511686325 1589.1415054798126 3171.7497879266739 196.87293142080307
leaf_count=134365 16827 3020 1331 3394 36209 8686 14103 3361 1209 7204 36941 4889 1479 3706 184
internal_value=0.000357191 -0.000176385 -0.00820982 -0.0113411 0.000289777 -0.000161148 0.00160298 0.001937 0.000792119 -0.000800011 0.00172409 0.00330829 0.00162697 0.00383464 0.00531794
internal_weight=276655 193673 10626.2 8631.33 183047 143689 82982 39358 56256.4 20755.9 35500.5 26725.6 6390.19 20335.4 1994.88
internal_count=276908 190550 7929 6414 182621 143051 86358 39570 59457 21307 38150 26901 6368 20533 1515
is_linear=0
shrinkage=0.0787314


Tree=9
num_leaves=16
num_cat=0
split_feature=0 15 12 15 16 15 0 16 0 6 6 2 12 12 0
split_gain=71.1307 56.8152 67.6931 43.0414 85.7012 100.604 34.9185 35.7879 22.8652 6.86175 12.3785 7.89988 5.40155 2.69398 1.99018
threshold=0.059310715645551688 0.036201631650328643 7.5042862590635209e-05 0.5149209499359132 1.0000000180025095e-35 0.05249301344156266 0.048559507355093963 1.0000000180025095e-35 0.60151812434196483 0.059558814391493804 0.0099866585806012171 1.5000000000000002 0.0020057506626471881 0.00023531300394097346 0.039757162332534797
decision_type=2 2 2 2 2 2 2 2 2 2 2 2 2 2 2
left_child=1 6 14 4 5 -2 13 -8 -6 10 -5 -11 -4 -1 -3
right_child=3 2 12 9 8 -7 7 -9 -10 11 -12 -13 -14 -15 -16
leaf_value=-0.014092587128982207 0.80310764878130103 -1.7735286945074036 0.14922563597304664 -0.14884343973449038 0.088730885490026251 0.020054473100396111 0.91102500124110886 -0.56237210676095162 -0.13207775432900778 -0.64162829459147086 -0.7397151672805945 -0.0076725121171860007 -0.50302766202414184 0.42836015750663048 -2.5676010893469243
leaf_weight=5306.5001850128174 38839.271869063377 399.6510084271431 994.37798827886581 12072.179207801819 88189.536043167114 34168.746437132359 819.27616751194 2396.2910715341568 63821.380371749401 1379.068298459053 9636.2179816961288 15153.562762916088 402.71862143278122 1681.5148187875748 1394.6005327105522
leaf_count=5749 47203 342 1266 13867 78365 37951 1040 2424 55836 1485 10180 17839 510 1711 1140
internal_value=0.000369199 -0.00522703 -0.0143971 0.000654099 0.00106921 0.0032863 -0.00235451 -0.00914442 4.12445e-06 -0.00178749 -0.00270832 -0.000575944 -0.00137139 0.000764698 -0.0245145
internal_weight=276655 13394.9 3191.35 263260 225019 73008 10203.6 3215.57 152011 38241 21708.4 16532.6 1397.1 6988.02 1794.25
internal_count=276908 14182 3258 262726 219355 85154 10924 3464 134201 43371 24047 19324 1776 7460 1482
is_linear=0
shrinkage=0.0787314


Tree=10
num_leaves=16
num_cat=0
split_feature=3 5 17 17 2 17 2 14 1 3 3 3 3 3 7
split_gain=28.0088 49.0385 59.5613 92.2073 39.1467 23.5436 22.615 16.7673 11.3512 44.5303 8.98647 5.8229 3.1331 8.06036 4.27463
threshold=0.02269908040761948 1.0000000180025095e-35 0.029456846415996555 0.045218115672469146 2.5000000000000004 1.4767914535696039e-07 1.0000000180025095e-35 1.0000000180025095e-35 1.0000000180025095e-35 0.27002508938312536 0.88801717758178722 0.00093411869602277886 0.22319340705871585 0.47815907001495367 1.0000000180025095e-35
decision_type=2 2 2 2 2 2 2 2 2 2 2 2 2 2 2
left_child=1 4 6 -4 5 -1 -3 12 10 -10 -9 -6 14 -14 -2
right_child=7 2 3 -5 11 -7 -8 8 9 -11 -12 -13 13 -15 -16
leaf_value=0.049438002314471645 0.50738470819483228 -1.801821372785438 -2.4833115405079673 -1.5246469581370501 0.028587337824890029 -0.1960334346010445 0.31044498845711799 0.24259874515586136 0.12098140024240661 -1.4094157404380017 -0.43786713495720858 0.64419505601919413 -0.094996192417754338 0.58974891272800722 0.090900801786903712
leaf_weight=115233.64589911699 13207.075705707073 2392.4864062070847 1550.0669670701027 3809.8324856162071 1933.9913231730461 49906.896009087563 6067.3238771557808 25188.882178723812 29035.157778382301 6759.4683520793915 412.17175447940826 12634.903086364269 2724.7470384836197 2860.4878784418106 2955.7361085414886
leaf_count=118744 12893 2086 880 2757 1801 44568 6816 26850 30472 6643 423 12839 2885 2708 3464
internal_value=0.000314266 -0.000204778 -0.00472416 -0.0112177 0.000142557 -0.000202362 -0.000604948 0.00152288 0.000856576 -4.77103e-05 0.00212244 0.00405484 0.00340202 0.0017814 0.00395954
internal_weight=276673 193529 13819.7 5359.9 179709 165141 8459.81 83143.7 61395.7 35794.6 25601.1 14568.9 21748 5585.23 16162.8
internal_count=276829 190491 12539 3637 177952 163312 8902 86338 64388 37115 27273 14640 21950 5593 16357
is_linear=0
shrinkage=0.0787314


Tree=11
num_leaves=15
num_cat=0
split_feature=3 16 8 6 2 16 12 6 6 12 3 3 3 2
split_gain=26.5206 97.7958 57.9326 56.0387 28.6697 23.4637 18.2731 19.1159 28.5535 8.6303 4.76547 2.7825 3.68445 0.959226
threshold=0.02269908040761948 0.0036037757527083163 1.5000000000000002 0.04475709795951844 2.5000000000000004 0.0020351175917312507 2.3931659598019909e-05 0.015330149792134764 0.0075047470163553962 0.0001328855141764507 0.00093411869602277886 0.6673247516155244 0.32668325304985052 2.5000000000000004
decision_type=2 2 2 2 2 2 2 2 2 2 2 2 2 2
left_child=1 4 3 -3 5 -1 11 8 -8 -9 -6 12 -2 -4
right_child=6 2 13 -5 10 -7 7 9 -10 -11 -12 -13 -14 -15
leaf_value=0.017263778086797764 0.31046569356296821 -1.174404206630413 1.1096452182866232 -1.9599185025876089 0.026336617769178991 -0.73402134286777154 0.014691963588954957 -0.20566491590490529 -2.4143604840842645 0.20544852086633336 0.56571540421087496 0.72470919377370235 0.019600486146168078 0.54061436064695922
leaf_weight=163476.07096558809 24508.758409678936 3686.6391431093216 1474.6901257038116 5213.716422021389 1933.9913231730461 5144.0932351946831 14896.099694728851 2022.6601641178131 4018.7198116779327 33481.388097822666 12138.932612717152 1547.4678488969803 2668.6327679157257 461.01222628355026
leaf_count=163678 25065 3070 1192 3446 1801 4433 15473 2138 3637 35897 12550 1432 2696 321
internal_value=0.000321719 -0.00018334 -0.00745036 -0.0101364 0.000247492 -3.72104e-05 0.00149779 0.000648866 -0.00137161 0.00172639 0.00366144 0.00310465 0.00291696 0.00487898
internal_weight=276673 193529 10836.1 8900.36 182693 168620 83143.7 54418.9 18914.8 35504 14072.9 28724.9 27177.4 1935.7
internal_count=276829 190491 8029 6516 182462 168111 86338 57145 19110 38035 14351 29193 27761 1513
is_linear=0
shrinkage=0.0787314


Tree=12
num_leaves=16
num_cat=0
split_feature=0 19 19 5 0 0 6 6 19 19 19 0 0 19 1
split_gain=65.5592 39.3097 58.06 33.3495 29.1559 27.0996 25.1313 21.6035 16.8404 13.6749 11.073 8.99806 1.50905 1.29807 0.969521
threshold=0.059310715645551688 1.4067720946475683e-11 5.6753237664963771e-09 1.0000000180025095e-35 0.039757162332534797 0.52643263339996349 1.0000000180025095e-35 3.2941050449153415e-05 0.00060172524536028515 0.00045218283776193863 0.0010655319783836605 0.14588082581758502 0.039757162332534797 0.00080072306445799779 1.0000000180025095e-35
decision_type=2 2 2 2 2 2 2 2 2 2 2 2 2 2 2
left_child=3 5 11 4 14 6 -2 -7 -4 12 -6 -3 -5 -11 -1
right_child=1 2 8 9 10 7 -8 -9 -10 13 -12 -13 -14 -15 -16
leaf_value=-0.24629570656650385 0.35315090797595428 -0.70029927406685677 0.13277809992262846 -0.036196393622091989 -0.94395037919748837 -0.21896516790335624 0.032219520899715512 0.15905595159958902 -0.096154366851082793 -0.45984562141562696 -0.60581314597245828 0.41402728562634367 0.31475658198157169 -0.20347211588646935 0.31139090932514418
leaf_weight=2737.183364033699 65216.053630650043 6968.1134498715401 34335.1137393713 1530.0666103363037 5045.8401338458061 17834.849161088467 26428.625976085663 48646.720078408718 63050.897975087166 487.33598160743713 543.47513031959534 658.99054038524628 2872.9312893152237 121.60083878040314 195.0749494433403
leaf_count=2871 62756 6091 32204 1622 5344 18781 29586 57266 55247 404 491 640 3211 105 210
internal_value=0.000330549 0.000605535 -0.000575022 -0.00501307 -0.00801027 0.0013898 0.00226769 0.00017903 -5.65193e-05 7.53782e-05 -0.0113468 -0.00718988 0.00161295 -0.0109698 -0.00163604
internal_weight=276673 263139 105013 13533.5 8521.57 158126 91644.7 66481.6 97386 5011.93 5589.32 7627.1 4403 608.937 2932.26
internal_count=276829 262571 94182 14258 8916 168389 92342 76047 87451 5342 5835 6731 4833 509 3081
is_linear=0
shrinkage=0.0787314


Tree=13
num_leaves=16
num_cat=0
split_feature=0 15 12 15 19 12 15 19 3 12 16 3 12 12 15
split_gain=52.3262 43.5295 51.2606 39.8812 71.1608 50.5776 36.0876 34.3396 16.0022 11.2468 9.96699 8.15044 3.4682 2.83314 2.68215
threshold=0.059310715645551688 0.036201631650328643 7.5042862590635209e-05 0.55041912198066723 1.4067720946475683e-11 6.7285441218700736e-07 0.05249301344156266 0.00045218283776193863 0.0059834124986082324 0.00085118613787926744 9.6610725449863835e-05 0.040195416659116752 0.0035517732612788682 0.0015072760870680215 0.042977644130587585
decision_type=2 2 2 2 2 2 2 2 2 2 2 2 2 2 2
left_child=1 7 14 4 6 -6 -2 10 9 -5 -1 -10 -9 -4 -3
right_child=3 2 13 8 5 -7 -8 12 11 -11 -12 -13 -14 -15 -16
leaf_value=0.30901360683583351 0.3564258428449491 -2.4206958836416583 0.10237470187352 -2.2944600474692147 -0.52850051998502401 0.016784307621302542 0.037437592673112759 -0.33466971974831566 0.17399882756397161 -0.39112567167320722 -0.21701063474428672 -0.2042316839546465 -0.55811665160122048 -0.31876303263802697 -1.6444076645141883
leaf_weight=4388.342663526535 83499.020371615887 1084.0129638910294 917.6883687376976 3916.8866282701492 13319.612793147564 91693.502911567688 39113.361447393894 729.75691837072372 9152.9222207665443 10445.072741568089 4591.6700761318207 11998.985436618328 543.47513031959534 516.00277304649353 762.55940365791321
leaf_count=5088 84413 655 1162 4088 12493 81689 43675 606 10632 11380 4754 14201 491 655 847
internal_value=0.000338163 -0.00443573 -0.0123315 0.000583847 0.000966811 -0.000537077 0.00225515 -0.00190538 -0.00186962 -0.00389815 -0.000184975 -0.000490348 -0.0140035 -0.00113167 -0.0210031
internal_weight=276673 13533.5 3280.26 263139 227625 105013 122612 10253.2 35513.9 14362 8980.01 21151.9 1273.23 1433.69 1846.57
internal_count=276829 14258 3319 262571 222270 94182 128088 10939 40301 15468 9842 24833 1097 1817 1502
is_linear=0
shrinkage=0.0787314


Tree=14
num_leaves=16
num_cat=0
split_feature=0 15 14 15 16 15 19 14 0 16 0 15 13 19 0
split_gain=42.3548 33.5177 40.2662 32.8115 67.725 99.5963 31.6935 29.7952 22.4176 8.21581 3.94875 3.55266 3.11438 2.73704 2.04394
threshold=0.059310715645551688 0.036201631650328643 1.5000000000000002 0.55041912198066723 1.0000000180025095e-35 0.05249301344156266 0.00045218283776193863 2.5000000000000004 0.58179801702499401 9.6610725449863835e-05 0.71060970425605785 0.042977644130587585 1.5000000000000002 0.0010655319783836605 0.048559507355093963
decision_type=2 2 2 2 2 2 2 2 2 2 2 2 2 2 2
left_child=1 6 11 4 5 -2 9 12 -6 -1 -9 -3 -5 -8 -4
right_child=3 2 14 7 8 -7 13 10 -10 -11 -12 -13 -14 -15 -16
leaf_value=0.28468454455472009 0.61962146863806811 -2.2301111986506168 0.094314602114823953 -0.17069135751457937 0.081286169403379668 -0.012593035932792672 -0.30832071674248623 -2.0154079718459381 -0.12537871434378969 -0.19992509180519341 -4.5965428208379837 -1.5149412086672776 1.0474732515330452 -0.51417536721581714 -0.27568840324947813
leaf_weight=4388.342663526535 38754.092980265617 1084.0129638910294 870.86030656099319 33769.976829409599 83901.690551757812 37072.51947504282 729.75691837072372 493.75236445665359 67897.194516658783 4591.6700761318207 981.42730861902237 762.55940365791321 268.71052473783493 543.47513031959534 562.83083522319794
leaf_count=5088 47117 655 1102 38621 74623 41157 606 493 59373 4754 862 847 325 491 715
internal_value=0.000332066 -0.00396289 -0.0108917 0.000553117 0.000900491 0.00282197 -0.00174193 -0.00167224 -5.90736e-05 -8.89999e-05 -0.0126275 -0.0185774 -0.00119613 -0.0133644 -0.000962178
internal_weight=276673 13533.5 3280.26 263139 227625 75826.6 10253.2 35513.9 151799 8980.01 1475.18 1846.57 34038.7 1273.23 1433.69
internal_count=276829 14258 3319 262571 222270 88274 10939 40301 133996 9842 1355 1502 38946 1097 1817
is_linear=0
shrinkage=0.0787314


Tree=15
num_leaves=16
num_cat=0
split_feature=0 0 15 19 6 0 6 0 12 0 2 15 15 0 12
split_gain=36.0884 36.7294 32.5567 47.1822 24.1642 61.2404 23.6268 16.681 15.6672 27.3451 14.381 12.7697 11.3225 9.35618 1.93233
threshold=0.091480273753404631 0.54427608847618114 0.036201631650328643 1.4067720946475683e-11 5.6174403084696689e-07 0.23654142767190936 0.091426536440849318 0.048559507355093963 7.5042862590635209e-05 0.059310715645551688 2.5000000000000004 0.5149209499359132 0.47375014424324041 0.059310715645551688 0.0015072760870680215
decision_type=2 2 2 2 2 2 2 2 2 2 2 2 2 2 2
left_child=2 4 3 13 12 -6 10 -5 9 -4 -3 -8 -2 -1 -10
right_child=1 6 8 7 5 -7 11 -9 14 -11 -12 -13 -14 -15 -16
leaf_value=-0.034466414315680122 0.32430855243487133 -0.17168069942075506 -1.7222901711199412 0.03868157109180103 -0.44895627967048435 0.32852969319707409 0.25223141709031643 -0.33794115926958695 0.20093902176097947 -0.6645780880741714 0.16652642737343304 -0.087352218004486892 -0.49921107191721414 0.28291930543550897 -0.16263834289544107
leaf_weight=6613.3783671855927 58798.508896291256 69654.312855780125 1900.8503406047821 2244.7188616991043 16757.138048291206 36559.094611465931 33079.401385426521 5803.5544137954712 910.18559056520462 4440.3958697915077 14296.314902424812 12751.002801656723 1091.5330266356468 10386.508633196354 1790.8243163228035
leaf_count=7606 55356 68644 1520 2008 17214 37789 31993 5415 1156 4315 14543 14964 1321 10666 2269
internal_value=0.000422224 0.000758897 -0.00197631 -0.000512699 0.00179533 0.000575282 -0.000144873 -0.0054799 -0.00602607 -0.00816565 -0.000930035 0.0012925 0.0028808 0.0018367 -0.000987767
internal_weight=277078 242987 34090.4 25048.2 113206 53316.2 129781 8048.27 9042.26 6341.25 83950.6 45830.4 59890 16999.9 2701.01
internal_count=276779 241824 34955 25695 111680 55003 130144 7423 9260 5835 83187 46957 56677 18272 3425
is_linear=0
shrinkage=0.0787314


Tree=16
num_leaves=16
num_cat=0
split_feature=16 2 3 3 16 17 3 3 12 6 12 12 3 12 6
split_gain=17.4019 15.0074 22.8856 97.2436 19.9315 16.1183 12.8827 17.4796 27.1058 24.9267 10.6317 4.92139 6.58903 2.23347 0.949847
threshold=1.0000000180025095e-35 2.5000000000000004 0.02269908040761948 0.0072388856206089267 0.016540165059268478 0.0061196065507829198 0.0059834124986082324 0.00022386250930139798 0.00085118613787926744 1.0000000180025095e-35 0.0015072760870680215 2.3931659598019909e-05 0.040195416659116752 0.046473188325762756 0.44008342921733862
decision_type=2 2 2 2 2 2 2 2 2 2 2 2 2 2 2
left_child=6 2 3 -2 13 -6 7 9 -9 -1 -4 14 -13 -3 -8
right_child=1 4 10 -5 5 -7 11 8 -10 -11 -12 12 -14 -15 -16
leaf_value=0.42237507376012468 -0.002902085411110773 0.65496783864282737 0.18128008368682774 -1.3158692408304118 -4.4142738658238132 -0.13123896920475539 0.48580581059299272 -0.9984261878138172 0.082787997315611803 -0.13716013319704662 -0.025455408768074752 0.40668241684345618 0.088154468914429143 0.29939467594144564 0.13848627519979415
leaf_weight=26408.077591478825 89291.073779165745 5769.8817865252495 26452.157550096512 13762.976759314537 193.12496030330658 2697.7153945565224 12522.606989681721 7219.6809758543968 17154.726529181004 18000.688222646713 17064.003143012524 15664.1339584589 19292.805898964405 4476.0077300071716 1108.0616518855095
leaf_count=29086 80560 4987 23240 10443 119 2445 15527 7398 19470 20255 16065 18681 23340 3780 1383
internal_value=0.000428634 -0.00010603 -0.000334755 -0.000974254 0.00244284 -0.00332272 0.00115649 0.000462494 -0.00123074 0.00139274 0.00117878 0.00213811 0.00164111 0.00407349 0.00340972
internal_weight=277078 159707 146570 103054 13136.7 2890.84 117371 68783.2 24374.4 44408.8 43516.2 48587.6 34956.9 10245.9 13630.7
internal_count=276779 141639 130308 91003 11331 2564 135140 76209 26868 49341 39305 58931 42021 8767 16910
is_linear=0
shrinkage=0.0787314


Tree=17
num_leaves=16
num_cat=0
split_feature=15 16 0 16 8 0 12 0 15 12 15 15 8 12 0
split_gain=30.4797 155.385 32.1078 17.3108 14.5912 27.2122 11.7944 11.3921 10.6415 6.48878 5.29276 1.52085 1.43956 2.8161 0.349858
threshold=1.0000000180025095e-35 1.0000000180025095e-35 0.08277477324008943 1.3343175009339349e-08 1.5000000000000002 0.52643263339996349 1.0000000180025095e-35 0.048559507355093963 0.5149209499359132 0.061842439696192748 0.05249301344156266 0.042977644130587585 1.5000000000000002 1.0000000180025095e-35 0.44561558961868292
decision_type=2 2 2 2 2 2 2 2 2 2 2 2 2 2 2
left_child=1 12 6 8 5 -3 7 -2 -4 -6 -8 -5 13 -1 -14
right_child=2 4 3 11 9 -7 10 -9 -10 -11 -12 -13 14 -15 -16
leaf_value=0.50705641867048068 -1.4985999722008971 0.034876654438958772 0.065027744831717305 0.056966968256903838 0.2616694152345202 -0.21674964090216792 0.12133643338176989 -0.70159526969129482 -0.19036194556206237 -0.076409052686319687 -0.48482910103098087 0.54760796039586424 0.52429792823682198 0.52182206322093705 0.59981231963669057
leaf_weight=14327.974113881588 1997.8308691382408 75163.25215446949 30107.86920529604 282.50686955451965 22180.856831133366 52770.514085292816 1449.525493144989 2492.7868590354919 37979.099724888802 6859.8745432496071 2841.3040652275085 2130.3796684741974 288.89584732055664 19386.467489659786 6818.5851013660431
leaf_count=16567 1618 67134 33766 366 19800 45278 1846 2458 43188 6022 3016 2625 358 24128 8609
internal_value=0.000411203 0.000934091 -0.000892835 -0.000333036 -0.000190991 -0.000552863 -0.00538229 -0.00820625 -0.000565832 0.0014018 -0.00241706 0.00621844 0.00526134 0.00504055 0.00630268
internal_weight=277078 197796 79281.3 70499.9 156974 127934 8781.45 4490.62 68087 29040.7 4290.83 2412.89 40821.9 33714.4 7107.48
internal_count=276779 187896 88883 79945 138234 112412 8938 4076 76954 25822 4862 2991 49662 40695 8967
is_linear=0
shrinkage=0.0787314


Tree=18
num_leaves=16
num_cat=0
split_feature=15 16 0 16 0 0 0 6 3 3 15 6 6 0 0
split_gain=26.1771 146.456 23.4422 15.7565 12.6923 18.2136 16.9343 10.7743 8.90117 20.2482 1.96419 1.15102 4.08029 0.995785 0.206332
threshold=1.0000000180025095e-35 1.0000000180025095e-35 0.08277477324008943 3.1333989909398956e-06 0.059310715645551688 0.54427608847618114 0.048559507355093963 2.0319691884651552e-06 0.00022386250930139798 0.27002508938312536 0.06968697160482408 2.9535829071392078e-07 0.00012797852104995402 0.19366373121738437 0.67595285177230846
decision_type=2 2 2 2 2 2 2 2 2 2 2 2 2 2 2
left_child=1 11 8 7 6 -6 -3 -4 10 -10 -2 13 -13 -1 -5
right_child=2 4 3 14 5 -7 -8 -9 9 -11 -12 12 -14 -15 -16
leaf_value=0.62188627719361134 -0.41187844676532315 -0.085659729682576458 0.11237488538535159 0.42300320755620202 0.081174724235333895 -0.095752389689846007 -0.32116768680591123 -0.16564722731537779 -1.2616762432226809 0.14889933636045979 -0.026375888499886146 0.24377007819906235 0.48073830122819783 0.46713517599061971 0.6758671640466043
leaf_weight=9359.7632640004158 2519.7621861100197 4760.9882180094719 22097.913157343864 1247.3527319431305 76101.71310377121 73793.361371040344 2318.4349213242531 46408.184817016125 3169.0253612399101 1279.7126207351685 1812.947118461132 3297.1508277654648 18239.047322809696 9925.9611376523972 746.40476191043854
leaf_count=11837 2481 4677 25093 1481 67256 63964 2337 52404 2826 1626 2005 4012 22864 10949 967
internal_value=0.000434932 0.000919511 -0.000773531 -0.000295116 -0.000172759 -1.86356e-05 -0.00343028 -0.000496468 -0.00460966 -0.00708685 -0.00205653 0.00512058 0.00471257 0.00557404 0.00660203
internal_weight=277078 197796 79281.3 70499.9 156974 149895 7079.42 68506.1 8781.45 4448.74 4332.71 40821.9 21536.2 19285.7 1993.76
internal_count=276779 187896 88883 79945 138234 131220 7014 77497 8938 4452 4486 49662 26876 22786 2448
is_linear=0
shrinkage=0.0787314


Tree=19
num_leaves=15
num_cat=0
split_feature=15 16 15 14 8 6 16 14 15 14 15 8 6 15
split_gain=23.4069 129.891 19.8442 13.5022 12.607 23.1592 12.2553 12.1368 11.7648 8.44799 13.3142 2.07065 2.09284 1.02206
threshold=0.036201631650328643 1.0000000180025095e-35 0.085115861147642149 2.5000000000000004 1.5000000000000002 0.029156521894037727 1.3343175009339349e-08 1.5000000000000002 0.66478031873703014 1.0000000180025095e-35 0.042977644130587585 1.5000000000000002 2.9535829071392078e-07 0.05249301344156266
decision_type=2 2 2 2 2 2 2 2 2 2 2 2 2 2
left_child=1 11 9 6 5 -3 -4 -6 -5 10 -2 12 -1 -11
right_child=2 4 3 8 7 -7 -8 -9 -10 13 -12 -13 -14 -15
leaf_value=0.43035698713755594 -1.4986929889545038 0.00063126964332768502 -0.030335965436124882 0.13582915361098602 0.53232532812264044 -0.39088846597604232 0.47394929407385245 0.050918669546496313 -3.3804902481148007 0.11634048292041786 -0.58689750352056824 0.51473909706211363 0.42702963917755221 -0.13285171483175112
leaf_weight=19990.948354423046 1223.7434027791023 106456.62433177233 65333.553659200668 784.33404260873795 7521.3767842054367 21988.124278604984 1753.7038424015045 21519.354590177536 1377.7899597287178 1181.1847618222237 4981.5380514860153 7107.4809486865997 14428.717201888561 1429.24871134758
leaf_count=23547 790 94409 74044 984 6522 18665 2137 19300 1231 1504 4961 8967 17909 1809
internal_value=0.00044347 0.000896774 -0.000711641 -0.000263147 -0.000135851 -0.000471027 -6.517e-05 0.00134523 -0.00638641 -0.00422998 -0.00581121 0.00481375 0.0045563 -0.000455775
internal_weight=277078 199013 78065.1 69249.4 157485 128445 67087.3 29040.7 2162.12 8815.71 6205.28 41527.1 34419.7 2610.43
internal_count=276779 189319 87460 78396 138896 113074 76181 25822 2215 9064 5751 50423 41456 3313
is_linear=0
shrinkage=0.0787314


Tree=20
num_leaves=15
num_cat=0
split_feature=15 16 16 15 6 1 12 12 12 2 6 12 15 6
split_gain=24.0917 129.707 20.5081 21.1915 15.6923 14.4049 11.2536 10.4962 7.797 2.90724 2.2089 1.75267 0.44867 1.05025
threshold=1.0000000180025095e-35 1.0000000180025095e-35 7.2818412633068887e-08 0.085115861147642149 0.12166240811347963 1.0000000180025095e-35 0.0035517732612788682 1.0000000180025095e-35 1.2533433735306689e-09 1.0000000180025095e-35 2.9535829071392078e-07 2.9039931348506801e-08 0.1958495378494263 2.0319691884651552e-06
decision_type=2 2 2 2 2 2 2 2 2 2 2 2 2 2
left_child=1 9 3 7 5 -3 -6 -2 -5 10 -1 -11 13 -4
right_child=2 4 12 8 6 -7 -8 -9 -10 11 -12 -13 -14 -15
leaf_value=0.39647439520125866 -1.0814827003156746 0.0058770370854051707 0.46496025561890852 0.13364007432568811 0.39471067153965678 -0.19461985371869267 0.062553877442905664 -0.2058948635246973 -0.13231970529798423 0.39647439520125866 0.25359536185847331 0.40926849449356262 0.55246248394577635 0.21610847492715032
leaf_weight=10217.996528625488 4465.0531796216965 79575.419125556946 1176.3400766849518 16368.603350162506 8690.294745028019 47531.854290425777 20659.29633551836 4573.3297109603882 51178.389615416527 7574.1060067415237 2246.5674616098404 20830.423842191696 830.5393214225769 643.74516177177429
leaf_count=12931 4155 71230 1407 17949 7944 40350 18539 5179 58396 8115 2695 26123 1076 834
internal_value=0.000399566 0.000865303 -0.000759787 -0.000995885 -0.000166119 -0.000545233 0.00147439 -0.00457658 -0.000516143 0.00481476 0.00380054 0.00525836 0.00604591 0.0052791
internal_weight=276562 197326 79236 76585.4 156457 127107 29349.6 9038.38 67547 40869.1 12464.6 28404.5 2650.62 1820.09
internal_count=276923 187927 88996 85679 138063 111580 26483 9334 76345 49864 15626 34238 3317 2241
is_linear=0
shrinkage=0.0787314


Tree=21
num_leaves=16
num_cat=0
split_feature=15 19 12 0 0 17 15 12 12 3 15 15 0 3 12
split_gain=21.9094 52.0645 35.0576 29.8884 28.9214 28.2991 21.0295 17.4936 14.7798 11.1617 8.68196 8.40783 6.30438 1.22486 0.553823
threshold=0.036201631650328643 1.0000000180025095e-35 1.3744578950536381e-06 0.39654518663883215 0.14588082581758502 1.004979765184544e-06 0.042977644130587585 7.5042862590635209e-05 0.0011326837702654304 0.0059834124986082324 0.45064507424831396 0.55041912198066723 0.039757162332534797 2.4696917932942602e-07 0.0001328855141764507
decision_type=2 2 2 2 2 2 2 2 2 2 2 2 2 2 2
left_child=1 2 3 -1 5 -3 7 12 -6 11 -11 -8 -2 -4 -9
right_child=6 4 13 -5 8 -7 9 14 -10 10 -12 -13 -14 -15 -16
leaf_value=0.24732391595986392 -0.61892555116619619 -0.13212566851557572 0.33356331465839284 -0.12781316680545934 0.16517877635169848 -1.4013660749615369 -0.079710747772654411 -0.88174760774099725 -0.046308916796639794 0.31516499035106782 -0.0065811368772601487 -0.49357267557885348 -1.6367447382477145 0.39646952471694874 0.24663769019089565
leaf_weight=49041.00677728653 395.92969310283661 15465.533275425434 1355.113273859024 15771.344908058643 30643.164734125137 1971.8449607491493 30063.58000099659 91.976493299007416 62411.632108032703 7379.8692809939384 24345.180804669857 14470.753979623318 756.43408358097076 21937.65645378828 460.93792414665222
leaf_count=44868 352 14207 1727 15816 29378 1939 32623 110 53903 9123 28762 15533 417 27577 588
internal_value=0.00041989 0.000859043 0.00228666 0.0013443 -0.000278966 -0.00322162 -0.000698247 -0.00934521 0.000272044 -0.000504311 0.000623374 -0.00130852 -0.0148712 0.00490699 0.0021037
internal_weight=276562 198597 88105.1 64812.4 110492 17437.4 77964.7 1705.28 93054.8 76259.4 31725.1 44534.3 1152.36 23292.8 552.914
internal_count=276923 189415 89988 60684 99427 16146 87508 1467 83281 86041 37885 48156 769 29304 698
is_linear=0
shrinkage=0.0787314


Tree=22
num_leaves=15
num_cat=0
split_feature=15 16 16 15 6 6 12 12 14 2 6 12 15 6
split_gain=19.7228 118.154 18.7579 16.5422 14.0021 11.6088 9.89416 7.99212 6.65015 3.18747 2.51928 2.18342 0.50843 0.946006
threshold=1.0000000180025095e-35 1.0000000180025095e-35 7.2818412633068887e-08 0.085115861147642149 0.12166240811347963 0.029156521894037727 0.0035517732612788682 1.0000000180025095e-35 2.5000000000000004 1.0000000180025095e-35 2.9535829071392078e-07 2.9039931348506801e-08 0.1958495378494263 5.6174403084696689e-07
decision_type=2 2 2 2 2 2 2 2 2 2 2 2 2 2
left_child=1 9 3 7 5 -3 -6 -2 -5 10 -1 -11 13 -4
right_child=2 4 12 8 6 -7 -8 -9 -10 11 -12 -13 -14 -15
leaf_value=0.3457872770219102 -0.92769174180282055 -0.014449341146440205 0.42678241059547617 -0.033840906763097346 0.35725142987039871 -0.27128521879931522 0.061274889558313297 -0.19318568117377069 -1.6975002358288735 0.3457872770219102 0.21415730463943605 0.34583164246507669 0.48485879372004059 0.19466122118290258
leaf_weight=10217.996528625488 4465.0531796216965 105936.55824059248 1135.4306119680405 65407.348094940186 8690.294745028019 21170.715175390244 20659.29633551836 4573.3297109603882 2139.6448706388474 7574.1060067415237 2246.5674616098404 20830.423842191696 830.5393214225769 684.65462648868561
leaf_count=12931 4155 94026 1354 74152 7944 17554 18539 5179 2193 8115 2695 26123 1076 887
internal_value=0.000425439 0.000846836 -0.000623492 -0.000849318 -0.00013757 -0.000495701 0.00141206 -0.00401296 -0.000425386 0.0046163 0.00355581 0.00508021 0.00588545 0.00507882
internal_weight=276562 197326 79236 76585.4 156457 127107 29349.6 9038.38 67547 40869.1 12464.6 28404.5 2650.62 1820.09
internal_count=276923 187927 88996 85679 138063 111580 26483 9334 76345 49864 15626 34238 3317 2241
is_linear=0
shrinkage=0.0787314


Tree=23
num_leaves=16
num_cat=0
split_feature=0 15 16 15 3 0 15 3 3 12 15 3 14 3 0
split_gain=19.36 21.9306 47.6607 48.1655 16.9349 14.8456 13.4879 10.679 9.89828 15.8864 13.6264 8.55438 9.37071 8.56672 6.67105
threshold=0.091480273753404631 0.5149209499359132 1.0000000180025095e-35 0.11489439383149148 0.00093411869602277886 0.54427608847618114 0.06968697160482408 0.88801717758178722 0.00034364305611234164 5.409343459272798e-11 0.036201631650328643 6.1887472838861881e-05 2.5000000000000004 4.0315917431144051e-05 0.08277477324008943
decision_type=2 2 2 2 2 2 2 2 2 2 2 2 2 2 2
left_child=4 2 3 -2 8 -4 7 -6 9 -1 -10 13 -13 -3 -8
right_child=1 11 5 -5 6 -7 14 -9 10 -11 -12 12 -14 -15 -16
leaf_value=0.0216850687135616 0.31856297358483859 -0.61751042938781031 0.11877025400516979 0.017227703923645511 0.30511433741405186 -0.067252172473886401 -1.0184067636938197 -0.32386096025771505 -0.21444606728995816 -0.22225682517117021 -1.3420696402279553 -0.062223965715103267 -2.4809681990254049 -3.5234937294008062 0.7174453293771289
leaf_weight=11386.644965112209 38518.993635296822 1580.1327610015869 65494.112519681454 25455.94232326746 8654.8299860358238 74910.422449827194 437.04901111125946 409.55741971731186 2593.0178538560867 9000.6765075922012 1318.8975862264633 34577.963518083096 1486.861398935318 473.84536820650101 263.01144778728485
leaf_count=10748 46693 1724 57758 28399 9443 65794 445 414 3031 9586 1040 39622 1366 569 291
internal_value=0.000437017 0.00068401 0.00100746 0.00278862 -0.00132014 0.000195585 0.00144655 0.00226338 -0.00243354 -0.00173469 -0.00606493 -0.00104915 -0.000766385 -0.0059935 -0.00906764
internal_weight=276562 242498 204379 63974.9 34063.7 140405 9764.45 9064.39 24299.2 20387.3 3911.92 38118.8 36064.8 2053.98 700.06
internal_count=276923 241925 198644 75092 34998 123552 10593 9857 24405 20334 4071 43281 40988 2293 736
is_linear=0
shrinkage=0.0787314


Tree=24
num_leaves=16
num_cat=0
split_feature=0 0 6 6 0 0 0 12 12 17 12 0 12 0 12
split_gain=17.4158 15.5991 21.1786 20.5408 56.7869 11.9653 11.0682 9.78388 8.2588 9.65057 7.67893 5.00216 4.48726 4.4092 0.852187
threshold=0.091480273753404631 0.52643263339996349 0.12166240811347963 5.6174403084696689e-07 0.14588082581758502 0.39654518663883215 0.66478031873703014 0.046473188325762756 0.0020057506626471881 1.4767914535696039e-07 0.011137348134070637 0.059310715645551688 0.046473188325762756 0.08277477324008943 0.0083694639615714567
decision_type=2 2 2 2 2 2 2 2 2 2 2 2 2 2 2
left_child=8 3 6 5 -5 -2 -3 -4 9 11 14 -1 -12 -11 -10
right_child=1 2 7 4 -6 -7 -8 -9 10 13 12 -13 -14 -15 -16
leaf_value=-0.14410480987513619 0.29348207664906167 -0.20224623208067893 0.27038028844847967 -0.61471593848885053 0.18343854595334794 -0.023680190572018815 4.0129820034948123e-05 -0.0207914120790724 -0.23541560842575784 -0.22821576369107296 0.073110997497660923 0.079139010031460733 -0.20135462161408349 -0.48624430099330929 -0.54645039900605008
leaf_weight=11700.988533735275 50995.825742542744 25761.92179787159 28300.915111601353 8652.0284417271614 40896.657500088215 7561.3875506520271 68966.450402140617 11363.087427675724 1946.2731820940971 1029.627171933651 1837.1005895733833 13705.677550852299 2335.3394634723663 1151.2966619729996 357.38162380456924
leaf_count=12346 47147 26355 29511 8559 42884 8173 67532 11764 2049 856 2065 13613 2700 961 408
internal_value=0.000453801 0.000688067 0.0001214 0.00139215 0.000211485 0.0023905 -0.000517824 0.00164902 -0.00121275 -0.000617051 -0.00374408 -0.000183966 -0.00171696 -0.00564302 -0.0073974
internal_weight=276562 242498 134392 108106 49548.7 58557.2 94728.4 39664 34063.7 27587.6 6476.09 25406.7 4172.44 2180.92 2303.65
internal_count=276923 241925 135162 106763 51443 55320 93887 41275 34998 27776 7222 25959 4765 1817 2457
is_linear=0
shrinkage=0.0787314


Tree=25
num_leaves=16
num_cat=0
split_feature=16 16 16 2 2 16 1 6 6 14 6 19 2 12 12
split_gain=13.8935 14.8814 70.7142 27.2201 18.3175 11.4823 17.7827 6.72972 21.8807 9.3556 5.69891 4.49705 3.93962 7.82869 5.40024
threshold=1.0000000180025095e-35 0.0063815480098128327 0.0036037757527083163 2.5000000000000004 2.5000000000000004 0.051865238696336753 1.0000000180025095e-35 1.0000000180025095e-35 6.2650819018017514e-05 2.5000000000000004 2.0319691884651552e-06 0.021401781588792804 1.0000000180025095e-35 0.1681051775813103 0.019721959717571739
decision_type=2 2 2 2 2 2 2 2 2 2 2 2 2 2 2
left_child=7 2 4 -4 -2 11 -7 12 10 -10 -9 -3 14 -14 -1
right_child=1 5 3 -5 -6 6 -8 8 9 -11 -12 -13 13 -15 -16
leaf_value=0.073831991549767176 -0.020382861348597521 0.2725894751141526 -1.5180099756871364 0.6832154006909632 0.46888855307072153 0.13339109467242555 -0.369075177572115 -0.11147675680378789 0.20389859220232795 -1.7913675575908683 -0.562648927676489 0.059949308085202123 0.27037583290045286 -0.27283700741733857 0.38229726218908511
leaf_weight=18922.340947687626 93104.175333499908 18531.194711089134 8486.4383895397186 1303.5962294340134 7548.0330122709274 14355.815854310989 7453.6639882922173 4892.4094006419182 58940.975373446941 1957.1839044094086 6190.3378212451935 8075.3516287207603 20870.787086486816 960.85293745994568 4923.7791785001755
leaf_count=22187 83951 16318 5900 1183 6410 12977 6801 5151 69333 1987 7015 7676 22496 1209 6254
internal_value=0.000453219 -2.68253e-05 -0.000531602 -0.0069193 8.93434e-05 0.00112381 -0.00021373 0.00110169 0.000626527 0.00121256 -0.00258998 0.00222165 0.00184959 0.00261517 0.001147
internal_weight=276517 158858 110442 9790.03 100652 48416 21809.5 117659 71980.9 60898.2 11082.7 26606.5 45677.8 21831.6 23846.1
internal_count=276848 141216 97444 7083 90361 43772 19778 135632 83486 71320 12166 23994 52146 23705 28441
is_linear=0
shrinkage=0.0787314


Tree=26
num_leaves=14
num_cat=0
split_feature=0 17 0 3 3 14 3 3 3 0 3 0 0
split_gain=14.596 33.263 19.0327 60.9874 65.8513 16.7558 16.4534 25.1467 7.63006 6.34243 18.8379 7.72654 5.49497
threshold=0.14588082581758502 1.004979765184544e-06 0.52643263339996349 6.1887472838861881e-05 4.0315917431144051e-05 1.0000000180025095e-35 0.0011852378374896946 1.3075758715785926e-06 0.76980245113372814 0.23654142767190936 3.5543596368370349e-06 0.34130960702896124 0.12144441530108453
decision_type=2 2 2 2 2 2 2 2 2 2 2 2 2
left_child=1 6 9 4 -4 -5 7 -1 -8 10 -2 -11 -3
right_child=2 12 3 5 -6 -7 8 -9 -10 11 -12 -13 -14
leaf_value=-0.0036637251036341005 0.3834605940665175 0.10897507120632244 -0.28881455088870811 0.3125165317063795 -1.2668932395849823 0.034889062667598059 0.28384470398186468 -0.51029900287596897 -0.17163993681628278 0.24908877520322448 -0.25775535566797764 0.15387229347770537 -1.3928455497505883
leaf_weight=32003.151634573936 12549.017604410648 198.74162805080414 6674.2614392638206 13002.788022816181 1596.6124753952026 112586.19541549683 12780.843123674393 9516.6588390469551 984.05194407701492 22930.676031589508 11813.791417181492 38077.647916853428 1802.498304605484
leaf_count=32428 13364 192 6365 14084 1869 112513 13833 10120 1038 18220 11593 39467 1762
internal_value=0.000445124 -0.000673514 0.000737609 0.000151446 -0.00639646 0.000583007 -0.000311781 -0.00109444 0.0020461 0.00165623 0.000580107 0.00208531 -0.0106442
internal_weight=276517 57285.9 219231 133860 8270.87 125589 55284.7 41519.8 13764.9 85371.1 24362.8 61008.3 2001.24
internal_count=276848 59373 217475 134831 8234 126597 57419 42548 14871 82644 24957 57687 1954
is_linear=0
shrinkage=0.0787314


Tree=27
num_leaves=16
num_cat=0
split_feature=15 19 14 19 19 15 17 15 3 3 3 19 14 8 15
split_gain=17.6514 40.3379 25.5423 18.707 20.363 9.73727 7.98786 7.43677 6.44414 8.02835 6.35486 4.12725 1.68446 1.583 0.611972
threshold=1.0000000180025095e-35 1.0000000180025095e-35 1.0000000180025095e-35 1.5169044331742046e-07 0.0002553558442741633 0.085115861147642149 4.123358485230711e-05 0.11489439383149148 2.4696917932942602e-07 0.0030719864880666141 0.6673247516155244 2.8255772721585975e-10 2.5000000000000004 1.5000000000000002 0.16774374991655353
decision_type=2 2 2 2 2 2 2 2 2 2 2 2 2 2 2
left_child=1 2 10 11 -5 8 7 -7 12 -10 -1 -3 -2 -4 -8
right_child=5 3 13 4 -6 6 14 -9 9 -11 -12 -13 -14 -15 -16
leaf_value=0.11736473764187681 0.54458222622720154 -0.07556647049964392 0.27471971226139646 0.19317539084275961 -0.050625124641653828 0.3405218189264369 0.20147020755966843 -0.067614062688643436 -0.66039597681783246 0.15655982021447212 0.36930616792387205 -0.50876501689936471 -0.075037517930801753 0.31837995539987562 0.47386583794640763
leaf_weight=62737.181311190128 1070.2042514681816 5758.6505630016327 15536.532990336418 24746.250442445278 71203.448852539062 4027.5713133811951 328.04759442806244 63968.799231886864 6037.0075441002846 1476.6073324084282 1276.9708397984505 8709.8641731739044 1515.7224242091179 7222.5249555110931 901.55197715759277
leaf_count=58994 1016 5006 19488 23254 62390 4663 425 72149 5761 1880 1081 8549 1915 9109 1168
internal_value=0.000430978 0.000830026 0.0021003 -0.00016788 0.000229688 -0.0005605 -0.000226695 -0.000340992 -0.0028445 -0.00401176 0.00129399 -0.00280703 0.000531983 0.00436641 0.00605942
internal_weight=276517 197191 86773.2 110418 95949.7 79325.5 69226 67996.4 10099.5 7513.61 64014.2 14468.5 2585.93 22759.1 1229.6
internal_count=276848 187871 88672 99199 85644 88977 78405 76812 10572 7641 60075 13555 2931 28597 1593
is_linear=0
shrinkage=0.0787314


Tree=28
num_leaves=16
num_cat=0
split_feature=8 19 12 3 6 3 6 6 2 3 6 19 3 6 3
split_gain=13.8609 20.1439 39.2958 59.0356 29.7555 12.025 66.7994 10.5114 9.18866 9.00168 6.79188 3.071 4.94721 1.84799 0.986343
threshold=1.5000000000000002 0.00033980513399001216 0.014820604119449856 0.015508248005062343 0.029156521894037727 2.5468100375292128e-06 2.0319691884651552e-06 0.77929753065109264 1.5000000000000002 2.6263362997269727e-05 0.24852309376001361 0.050431555137038238 0.0072388856206089267 0.38149860501289373 0.22319340705871585
decision_type=2 2 2 2 2 2 2 2 2 2 2 2 2 2 2
left_child=1 5 3 -3 -4 6 -1 8 13 -7 -10 14 -13 -2 -9
right_child=7 2 4 -5 -6 9 -8 11 10 -11 -12 12 -14 -15 -16
leaf_value=0.035562203332394557 -0.086175728155744188 -0.21771335487581669 0.17674683058502139 -3.0587973643930302 -0.3456350201444523 0.26171170221462481 -1.1388950388588963 -0.044378064103616006 0.15907704506988718 0.061246136299687073 0.29331346773515354 0.14506993014620026 -1.1957827522196685 -0.29993350443311051 -0.33281372172646767
leaf_weight=39922.349842965603 2620.7557843923569 7992.6994629502296 17613.812045812607 1970.1418612003326 16149.71657705307 31140.78378880024 3817.1271571516991 2272.0914819836617 23622.420157909393 106567.78978633881 19715.210924088955 234.86094236373901 379.23309165239334 1206.4710787534714 1291.4718136191368
leaf_count=40608 2474 7171 16044 1396 13347 27878 3932 2359 24323 114035 20123 215 305 1254 1384
internal_value=0.000431189 0.000164821 -0.00135184 -0.00569667 -6.85498e-05 0.000530535 -0.000606181 0.00159863 0.00193434 0.000891869 0.00226131 -0.0021819 -0.00733544 -0.00175759 -0.00128187
internal_weight=276517 225174 43726.4 9962.84 33763.5 181448 43739.5 51342.5 47164.9 137709 43337.6 4177.66 614.094 3827.23 3563.56
internal_count=276848 224411 37958 8567 29391 186453 44540 52437 48174 141913 44446 4263 520 3728 3743
is_linear=0
shrinkage=0.0787314


end of trees

feature_importances:
event_decay_operation=74
event_decay_game_update=67
event_decay_major=57
event_decay_major_weighted=50
event_decay_case_drop=42
event_decay_operation_weighted=38
event_decay_game_update_weighted=32
event_density_90d_major=18
event_density_90d_game_update=14
event_decay_case_drop_weighted=10
event_density_30d_major=9
event_density_90d_case_drop=8
event_density_90d_operation=4
event_density_30d_operation=2
event_density_30d_case_drop=2
event_density_30d_game_update=1

parameters:
[boosting: gbdt]
[objective: quantile]
[metric: quantile]
[tree_learner: serial]
[device_type: cpu]
[data_sample_strategy: bagging]
[data: ]
[valid: ]
[num_iterations: 1000]
[learning_rate: 0.0787314]
[num_leaves: 23]
[num_threads: -1]
[seed: 42]
[deterministic: 0]
[force_col_wise: 0]
[force_row_wise: 0]
[histogram_pool_size: -1]
[max_depth: 4]
[min_data_in_leaf: 10]
[min_sum_hessian_in_leaf: 0.001]
[bagging_fraction: 0.7]
[pos_bagging_fraction: 1]
[neg_bagging_fraction: 1]
[bagging_freq: 5]
[bagging_seed: 400]
[bagging_by_query: 0]
[feature_fraction: 0.6]
[feature_fraction_bynode: 1]
[feature_fraction_seed: 30056]
[extra_trees: 0]
[extra_seed: 12879]
[early_stopping_round: 0]
[early_stopping_min_delta: 0]
[first_metric_only: 0]
[max_delta_step: 0]
[lambda_l1: 0.5]
[lambda_l2: 0.5]
[linear_lambda: 0]
[min_gain_to_split: 0.1]
[drop_rate: 0.1]
[max_drop: 50]
[skip_drop: 0.5]
[xgboost_dart_mode: 0]
[uniform_drop: 0]
[drop_seed: 17869]
[top_rate: 0.2]
[other_rate: 0.1]
[min_data_per_group: 100]
[max_cat_threshold: 32]
[cat_l2: 10]
[cat_smooth: 10]
[max_cat_to_onehot: 4]
[top_k: 20]
[monotone_constraints: ]
[monotone_constraints_method: basic]
[monotone_penalty: 0]
[feature_contri: ]
[forcedsplits_filename: ]
[refit_decay_rate: 0.9]
[cegb_tradeoff: 1]
[cegb_penalty_split: 0]
[cegb_penalty_feature_lazy: ]
[cegb_penalty_feature_coupled: ]
[path_smooth: 0]
[interaction_constraints: ]
[verbosity: -1]
[saved_feature_importance_type: 0]
[use_quantized_grad: 0]
[num_grad_quant_bins: 4]
[quant_train_renew_leaf: 0]
[stochastic_rounding: 1]
[linear_tree: 0]
[max_bin: 63]
[max_bin_by_feature: ]
[min_data_in_bin: 3]
[bin_construct_sample_cnt: 200000]
[data_random_seed: 175]
[is_enable_sparse: 1]
[enable_bundle: 1]
[use_missing: 1]
[zero_as_missing: 0]
[feature_pre_filter: 0]
[pre_partition: 0]
[two_round: 0]
[header: 0]
[label_column: ]
[weight_column: ]
[group_column: ]
[ignore_column: ]
[categorical_feature: ]
[forcedbins_filename: ]
[precise_float_parser: 0]
[parser_config_file: ]
[objective_seed: 16083]
[num_class: 1]
[is_unbalance: 0]
[scale_pos_weight: 1]
[sigmoid: 1]
[boost_from_average: 1]
[reg_sqrt: 0]
[alpha: 0.1]
[fair_c: 1]
[poisson_max_delta_step: 0.7]
[tweedie_variance_power: 1.5]
[lambdarank_truncation_level: 30]
[lambdarank_norm: 1]
[label_gain: ]
[lambdarank_position_bias_regularization: 0]
[eval_at: ]
[multi_error_top_k: 1]
[auc_mu_weights: ]
[num_machines: 1]
[local_listen_port: 12400]
[time_out: 120]
[machine_list_filename: ]
[machines: ]
[gpu_platform_id: -1]
[gpu_device_id: -1]
[gpu_use_dp: 0]
[num_gpu: 1]

end of parameters

pandas_categorical:[]
