tree
version=v4
num_class=1
num_tree_per_iteration=1
label_index=0
max_feature_idx=19
objective=quantile
feature_names=event_decay_major event_density_30d_major event_density_90d_major event_decay_operation event_density_30d_operation event_density_90d_operation event_decay_case_drop event_density_30d_case_drop event_density_90d_case_drop event_decay_update event_density_30d_update event_density_90d_update event_decay_game_update event_density_30d_game_update event_density_90d_game_update event_decay_major_weighted event_decay_operation_weighted event_decay_case_drop_weighted event_decay_update_weighted event_decay_game_update_weighted
feature_infos=[0.031220927834510803:0.98347145318984985] [0:2] [0:3] [1.5229979055675358e-08:0.95349693298339844] [0:1] [0:1] [0:0.93106275796890259] [0:1] [0:3] none none none [0:0.86687791347503662] [0:2] [0:3] [0:0.98347145318984985] [0:0.95349693298339844] [0:0.93106275796890259] none [0:0.26006338000297546]
tree_sizes=4177 4414 4441 4454 4450 4445 4442 4443 4433

Tree=0
num_leaves=39
num_cat=0
split_feature=0 6 3 3 0 3 0 0 6 0 6 0 3 5 0 0 0 8 3 3 14 14 3 2 3 6 0 14 3 3 0 0 3 3 6 0 0 0
split_gain=50.1043 148.261 55.1357 133.167 49.1642 28.5954 17.328 15.6958 15.512 15.9486 15.4132 35.0783 28.3948 13.8197 12.3736 10.9967 10.8945 10.8405 8.72495 8.22202 7.83414 7.36242 7.13576 14.3271 6.83705 6.30052 6.29367 5.81944 7.80015 15.6905 4.50362 4.33758 8.27704 8.2305 4.18426 4.13653 2.86139 2.15687
threshold=0.20359309017658236 7.4751966394615021e-07 0.0010775665869005027 0.0044963988475501546 0.10807117074728013 4.300155296732556e-06 0.14109827578067782 0.097786840051412596 1.0000000180025095e-35 0.065548479557037367 2.3047948161547541e-05 0.54427608847618114 0.63629209995269786 1.0000000180025095e-35 0.62190663814544689 0.16948933899402621 0.059310715645551688 1.5000000000000002 0.0027929162606596951 0.63629209995269786 2.5000000000000004 2.5000000000000004 0.094717219471931471 2.5000000000000004 0.52593708038330089 0.051630221307277686 0.12767100334167483 1.0000000180025095e-35 0.036543922498822219 0.16772477328777316 0.88252755999565136 0.29870507121086126 5.1154045650037012e-05 9.2124505499668902e-06 0.018993697129189972 0.52643263339996349 0.60151812434196483 0.072442274540662779
decision_type=2 2 2 2 2 2 2 2 2 2 2 2 2 2 2 2 2 2 2 2 2 2 2 2 2 2 2 2 2 2 2 2 2 2 2 2 2 2
left_child=1 2 8 18 7 6 26 -3 16 -10 12 24 27 17 36 -8 -1 25 -4 21 -18 -5 34 -24 31 -13 -6 28 -2 -30 -19 33 -33 -12 -15 -26 -14 -11
right_child=10 4 3 19 5 -7 15 -9 9 37 11 13 14 22 -16 -17 20 30 -20 -21 -22 -23 23 -25 35 -27 -28 -29 29 -31 -32 32 -34 -35 -36 -37 -38 -39
leaf_value=10.353738557064444 10.564741283716868 11.018449367797333 11.187549927407964 10.672122072751923 11.536749549345419 10.647877447942792 11.429477891446991 11.590365642228956 11.065327325052515 10.80193351344051 10.614852315796238 10.703938590375687 10.983924096862284 10.392738539482185 10.576963497433201 10.96386964974176 10.658359578886508 10.57712166574874 12.528794197101288 10.30196388857626 10.452330039931628 10.860656139525913 10.614852315796238 11.060640145657723 11.416628955230712 10.800842400186959 10.81529648616857 10.430129281151505 10.769994868513285 10.450201769805494 10.703938590375687 10.603061479771108 10.793652281360215 11.09591828263498 10.544696866679635 10.93783744119952 10.917252682337724 10.626714350693529
leaf_weight=8581.5716006755829 32986.498979389668 651.1385343670845 3388.0121639966965 10357.191388845444 2966.9032788872719 2293.0171148180962 3288.323779463768 1982.7683425545692 2002.165418446064 2043.4067114591599 1600.7003260850906 24467.533740282059 957.34734952449799 4994.3375062942505 432.66370069980621 922.35875725746155 20013.90270781517 17062.322970747948 1679.8605616688728 1726.8934862017632 6222.7694718241692 997.83801037073135 21276.915103673935 1345.0841147899628 497.61565828323364 9253.2917944192886 1732.4097800254822 7727.8575769066811 7852.7349935770035 4900.4402111768723 6242.4826194047928 5876.709112226963 25361.22606664896 3987.0000883340836 24022.972404658794 854.68657499551773 397.9868152141571 5161.5424810647964
leaf_count=9100 29507 623 3771 10408 3024 2402 3330 1859 2120 1872 1784 23611 898 5205 361 900 20719 17201 1878 1812 7114 1057 22499 1181 487 8800 1823 7932 7213 5023 6043 6282 25921 4455 24492 926 352 4921
internal_value=10.6852 10.6862 10.6852 10.6873 10.6903 10.689 10.6901 10.6957 10.6844 10.686 10.6848 10.6851 10.6842 10.6847 10.6897 10.6922 10.684 10.6851 10.6934 10.6849 10.6844 10.6854 10.6841 10.6847 10.6862 10.6856 10.6883 10.684 10.6842 10.6851 10.6844 10.6861 10.6859 10.6872 10.6837 10.6893 10.6917 10.685
internal_weight=278110 76012.1 62175.2 18149.8 13836.9 11203 8910 2633.91 44025.4 9207.11 202098 146843 55255.5 108665 1788 4210.68 34818.2 57025.6 5067.87 13081.9 26236.7 11355 51639.3 22622 38177.9 33720.8 4699.31 53467.5 45739.7 12753.2 23304.8 36825.6 31237.9 5587.7 29017.3 1352.3 1355.33 7204.95
internal_count=278906 78733 64772 18926 13961 11479 9077 2482 45846 8913 200173 148887 51286 109032 1611 4230 36933 55655 5649 13277 27833 11465 53377 23680 39855 32411 4847 49675 41743 12236 23244 38442 32203 6239 29697 1413 1250 6793
is_linear=0
shrinkage=1


Tree=1
num_leaves=39
num_cat=0
split_feature=19 19 6 0 0 3 3 6 3 0 6 0 0 19 0 3 3 3 3 3 6 0 0 0 3 2 3 3 0 6 8 0 3 3 0 2 3 12
split_gain=55.8334 98.9817 110.462 33.5611 37.5132 50.8995 98.2442 33.9997 21.1921 17.2308 22.531 12.7541 12.2441 10.211 9.94922 18.9412 9.76796 9.34456 25.3662 8.3906 7.60329 7.25173 6.96766 6.06435 10.101 25.3775 5.34315 4.96977 4.63775 6.37125 3.70167 3.59112 3.52838 2.70297 2.65514 2.53868 2.38147 1.95791
threshold=1.0000000180025095e-35 1.3373437024455372e-08 7.4751966394615021e-07 0.29870507121086126 0.059310715645551688 9.2124505499668902e-06 0.0044963988475501546 1.0000000180025095e-35 2.14092125361276e-07 0.10807117074728013 5.5234647788893207e-06 0.54427608847618114 0.097786840051412596 5.1752252656911421e-12 0.65379247069358837 0.0096328733488917368 0.078289981931447997 0.63629209995269786 0.52593708038330089 0.0027929162606596951 1.0000000180025095e-35 0.18421864509582522 0.12767100334167483 0.62190663814544689 0.63629209995269786 1.5000000000000002 3.081195814047533e-06 0.030205942690372471 0.54427608847618114 0.0001032937398122158 1.5000000000000002 0.097786840051412596 0.078289981931447997 0.13863550126552585 0.60151812434196483 2.5000000000000004 7.8524684795411317e-05 4.6107925810723321e-10
decision_type=2 2 2 2 2 2 2 2 2 2 2 2 2 2 2 2 2 2 2 2 2 2 2 2 2 2 2 2 2 2 2 2 2 2 2 2 2 2
left_child=3 2 13 4 20 7 19 31 -3 12 22 17 -4 -2 16 -16 -13 18 -10 -7 -1 -9 -11 24 28 34 -12 30 29 -5 -25 -6 -8 -29 -26 -35 -30 -14
right_child=1 8 9 23 5 6 32 21 11 10 26 14 37 -15 15 -17 -18 -19 -20 -21 -22 -23 -24 27 25 -27 -28 33 36 -31 -32 -33 -34 35 -36 -37 -38 -39
leaf_value=-0.30909762394826412 0.24200649453643858 -0.31450566455835727 0.33627233360364223 -0.096912227356375794 -0.029032151942526809 0.55386710341967127 -0.0039857128319726398 0.34738933958250123 0.08720913718118159 1.4996664832071342 1.1256841872510579 -0.11948916284842401 0.85597275112548721 -0.15011122015554043 0.099617815297164514 -0.032541884862369481 0.096360024455638515 -0.3146211157668018 0.48770456262538986 1.7623390057917172 0.38374338884601461 -0.16299060609245411 0.25803201645727225 -0.091312411429398541 0.28559414428237884 -0.26167096895209752 0.92360992858344881 -0.32274633000775049 -0.46588093196898384 0.020900265557956644 -0.21695464694848518 -0.12002744365341349 0.15503518081226211 -0.20754016798857816 0.22186278667925693 0.16001406949007149 -0.17892538920651146 0.89035677356784404
leaf_weight=9898.5941455960274 1422.5337767004967 3497.0610148906708 383.89786016941071 19939.05332928896 7992.5109442472458 5222.2678810954094 11534.109937131405 9178.2733488678932 28626.080426871777 1726.1728964447975 519.05977666378021 12258.638493835926 363.94521820545197 3586.9227827787399 21022.492496311665 26975.353951156139 5347.3272500038147 990.56494724750519 1196.8970536589622 1679.8605616688728 140.67274880409241 1781.6371068954468 1628.9427462816238 26923.435117006302 957.34734952449799 1719.2405119538307 845.01469993591309 9270.3645687103271 1414.4404617547989 14328.187574625015 8522.9023540019989 19559.672089040279 1465.637176156044 6652.6360761523247 397.9868152141571 553.46137630939484 7755.5741758346558 831.71025604009628
leaf_count=11045 1575 3541 321 15708 8195 5884 11074 9941 27406 1577 488 10913 311 3064 17876 23245 4939 869 1093 1878 135 1997 1621 28975 898 2087 764 11342 1592 16738 10181 21568 1241 7863 352 615 9335 659
internal_value=1.10599e-05 0.000776424 0.00468657 -0.000499019 0.000250871 0.000678839 0.00248956 -0.000256926 0.000333835 0.0085729 0.00723565 0.000456158 0.0125611 -0.000200724 0.00010856 0.00043746 -0.000788071 0.00119619 0.00133617 0.0067412 -0.0022391 0.00182042 0.0052901 -0.0010205 -0.000654776 0.00178746 0.0120136 -0.0013481 -0.000827679 -0.000591934 -0.00105391 -0.0010833 0.000231837 -0.0019809 0.00629746 -0.00133997 -0.00170847 0.0147609
internal_weight=278110 111223 11308.2 166888 68453.2 58414 19901.9 38512.1 99914.4 6298.74 4719.19 96417.4 1579.55 5009.46 65603.8 47997.8 17606 30813.5 29823 6902.13 10039.3 10959.9 3355.12 98434.6 46511.8 3074.57 1364.07 51922.8 43437.3 34267.2 35446.3 27552.2 12999.7 16476.5 1355.33 7206.1 9170.01 1195.66
internal_count=278906 100262 10380 178644 72958 61778 20077 41701 89882 5741 4450 86341 1291 4639 56973 41121 15852 29368 28499 7762 11180 11938 3198 105686 46710 3337 1252 58976 43373 32446 39156 29763 12315 19820 1250 8478 10927 970
is_linear=0
shrinkage=0.0440977


Tree=2
num_leaves=39
num_cat=0
split_feature=17 17 15 6 15 3 3 3 19 12 3 3 6 17 6 3 3 17 3 6 6 3 12 19 12 3 6 3 3 3 6 12 3 3 15 15 3 12
split_gain=61.1733 161.976 81.5937 48.2444 43.882 51.4068 21.1063 73.4858 17.6782 17.3954 15.5986 14.9039 14.0238 17.8707 20.5222 14.842 11.119 10.9727 10.917 10.0967 27.7246 11.5564 9.34529 8.80465 7.39932 7.11518 22.7654 14.7148 8.72819 20.0621 6.7042 6.41716 4.621 4.03373 3.76048 3.36981 3.34512 2.93663
threshold=3.2049462106442666e-07 4.5040064833301594e-06 0.05249301344156266 3.6594201446860103e-07 0.11112770810723306 0.0027929162606596951 0.0010775665869005027 0.0044963988475501546 0.032853083685040481 5.1423764801938894e-08 0.030205942690372471 7.8760091781759924e-08 7.4751966394615021e-07 6.0955099456805339e-07 5.5234647788893207e-06 8.1219440062341174e-07 2.14092125361276e-07 1.0000000180025095e-35 0.0044963988475501546 2.7039660608352283e-06 0.0052508653607219466 5.1154045650037012e-05 0.00098189854179509006 1.1399192345606936e-07 0.040286580100655563 0.24549505859613421 0.029156521894037727 0.76980245113372814 0.0096328733488917368 0.0054398581851273784 2.7039660608352283e-06 0.00073787444853223871 0.064711794257164015 3.081195814047533e-06 0.10055250674486162 1.0000000180025095e-35 4.300155296732556e-06 4.6107925810723321e-10
decision_type=2 2 2 2 2 2 2 2 2 2 2 2 2 2 2 2 2 2 2 2 2 2 2 2 2 2 2 2 2 2 2 2 2 2 2 2 2 2
left_child=2 12 3 6 5 9 8 35 17 11 19 -4 -2 15 30 -14 -10 -1 -7 21 -21 -6 -9 36 -12 28 27 -27 29 -25 -15 -30 -20 -16 -11 -8 -3 -17
right_child=1 23 4 -5 10 18 7 22 16 34 24 -13 13 14 33 37 -18 -19 32 20 -22 -23 -24 25 -26 26 -28 -29 31 -31 -32 -33 -34 -35 -36 -37 -38 -39
leaf_value=-0.15031773179208288 -0.0002380979528474558 0.12475935770089935 4.3190643692487116 -0.44406362914926295 -0.12264109408671502 5.3474838023035174 0.43474098190837757 -0.024322469275115215 -0.21896325070650643 -0.21190363541574017 -0.032700626052574414 0.42509819504685004 0.39857268835991733 1.1978962127096531 1.0760440887218523 1.1403115595269533 0.18450523413985701 0.0938863648949705 2.3714121402120059 0.46741352598199537 0.031437895274283048 0.30137535708016577 -0.34460756259019149 0.024686615345830037 -0.29327281226384233 0.3385580184494551 -0.076410425320589448 -0.23418159365244548 0.078881445331984643 0.19085591701832802 0.24373050293371587 -0.059842889360343328 -0.10816766942381371 1.0333884456389337 0.28118263342949679 1.0627985896109611 -0.12881302853973994 0.95949610399775165
leaf_weight=47979.518319964409 435.14939516782761 560.88076823949814 577.18210703134537 22887.594725012779 10688.242751061916 401.65251022577286 3692.3518493175507 24987.924634337425 944.03696292638779 1915.8806445002556 14857.898063004017 6436.6344568729401 563.18019998073578 1978.3792337179184 519.05977666378021 184.66287839412689 3381.2111338376999 3125.5453251004219 419.56132978200912 10461.580360770226 20920.95377767086 2529.5582454204559 3495.4016358852386 34929.860730707645 5215.1677892804146 5629.9403573274612 4476.9492310285568 731.6295725107193 5896.1062843203545 6875.6247479915619 1642.8470098972321 22460.068901479244 54.072136282920837 693.58750832080841 288.90751665830612 92.695090770721436 4559.3115441799164 619.67179143428802
leaf_count=45232 374 491 396 28100 11276 465 4166 23079 1004 2420 17736 6647 470 1789 488 162 3424 3076 513 11658 22850 3045 3521 31394 6302 4650 4282 713 5807 5786 1639 19170 70 616 363 120 5113 499
internal_value=-1.61545e-05 0.000908359 -0.000478813 -0.00123957 0.000646405 0.00335044 -0.000769017 0.000127606 -0.00129097 0.00237995 0.000224327 0.00345384 0.00754602 0.00808291 0.0068212 0.0125346 0.00141578 -0.00152008 0.0135574 0.000683769 0.00111436 -0.000338564 -0.000639593 0.000396771 -0.000796489 0.000508879 0.00156038 0.0032556 0.000346424 0.000751492 0.00515598 -0.000250773 0.00899155 0.0117855 -0.0010363 0.00589959 -0.00137651 0.0163782
internal_weight=278110 92756.9 185354 110586 74767.3 10093.9 87698.7 32268.4 55430.3 9218.6 64673.4 7013.82 6636.54 6201.39 4833.87 1367.51 4325.25 51105.1 875.286 44600.3 31382.5 13217.8 28483.3 86120.4 20073.1 81000.2 10838.5 6361.57 70161.7 41805.5 3621.23 28356.2 473.633 1212.65 2204.79 3785.05 5120.19 804.335
internal_count=278906 83443 195463 111722 83741 10874 83622 30886 52736 9826 72867 7043 6037 5663 4532 1131 4428 48308 1048 48829 34508 14321 26600 77406 24038 71802 9645 5363 62157 37180 3428 24977 583 1104 2783 4286 5604 661
is_linear=0
shrinkage=0.0440977


Tree=3
num_leaves=39
num_cat=0
split_feature=16 15 15 3 16 6 3 3 14 3 14 17 3 3 3 16 3 6 6 3 3 17 17 6 17 14 3 6 3 6 3 6 3 15 15 13 16 16
split_gain=71.1132 193.509 43.2499 48.7508 27.324 124.214 22.7169 31.5484 36.237 25.4972 20.3205 19.9762 16.1665 13.446 12.4838 11.9837 11.195 9.40237 25.8793 11.1609 8.36788 8.31278 14.9185 8.34891 7.51062 5.96939 5.77741 5.51195 5.11938 4.50316 5.39568 4.64571 7.83063 4.46273 4.18169 3.47707 9.12076 6.23041
threshold=4.1121879235106469e-08 0.05249301344156266 0.11112770810723306 0.0027929162606596951 1.2678929692810927e-06 7.4751966394615021e-07 0.0010775665869005027 0.0079622003249824064 1.5000000000000002 0.0044963988475501546 2.5000000000000004 6.0955099456805339e-07 0.078289981931447997 0.030205942690372471 8.1219440062341174e-07 1.0000000180025095e-35 7.8760091781759924e-08 2.7039660608352283e-06 0.0052508653607219466 5.1154045650037012e-05 0.0054398581851273784 2.3681526499785836e-06 4.5040064833301594e-06 2.7039660608352283e-06 0.21765829622745517 2.5000000000000004 0.0044963988475501546 3.6594201446860103e-07 0.078289981931447997 2.3047948161547541e-05 3.3323743991786621e-05 0.033633943647146232 0.00028404347540345048 1.0000000180025095e-35 0.20935123413801196 1.0000000180025095e-35 6.3124673488346175e-08 6.3124673488346175e-08
decision_type=2 2 2 2 2 2 2 2 2 2 2 2 2 2 2 2 2 2 2 2 2 2 2 2 2 2 2 2 2 2 2 2 2 2 2 2 2 2
left_child=1 15 3 10 5 27 29 8 9 -8 16 14 -9 17 -7 33 -3 19 -19 -4 -10 23 -23 -13 -14 -17 -5 35 34 30 -6 32 -31 -1 -15 37 -37 -2
right_child=4 2 13 26 6 11 7 12 20 -11 -12 21 24 28 -16 25 -18 18 -20 -21 -22 22 -24 -25 -26 -27 -28 -29 -30 31 -32 -33 -34 -35 -36 36 -38 -39
leaf_value=-0.43118245329726762 0.1829924112666437 4.1286035070711469 -0.11934160291476939 5.1116719948391962 -0.031640591841464921 0.38099654422880674 0.42001164857924328 -0.044450838474032243 0.034518082280515824 0.12527373201050443 -0.17880925715500243 1.1329570861860221 0.093498077124020598 0.45068656206895064 0.92023299235641876 -0.05504455333337064 0.44305859058236363 0.44680165833171737 0.030051555982463337 0.31015754802381384 0.1637442262597866 0.8310403163153246 0.11925775531645383 0.15987492416572074 -0.10476596746434136 -0.34183375533446053 2.7148150306834808 -0.20753210867688096 -0.0334801510189403 -0.03152797903479073 -0.17671371190909432 -0.11372459889107277 0.13603262596526638 -0.23704164579758821 -0.24765625244656039 -0.19903307107905971 0.18467321131359324 -0.022947804056002264
leaf_weight=40869.438512563705 1592.7370309829712 577.18210703134537 10611.769301176071 401.65251022577286 9591.8399286866188 563.18019998073578 4305.1754326820374 31952.877454161644 13249.395679235458 2686.0961835980415 1995.2505630254745 1966.7923473715782 28930.168716907501 243.67937040328979 804.33466982841492 5687.5186417102814 6373.4939978718758 10461.580360770226 20920.95377767086 2478.5759454965591 3640.3962916731834 1552.5088502764702 533.84470009803772 1289.0811809897423 3011.2240816950798 2645.5563710927963 368.57902985811234 1946.4804206490517 14136.622372627258 12532.479883253574 6913.8374119400978 3760.5153161287308 4445.281173825264 3478.9097037315369 5526.6854049563408 853.04956197738647 4025.8490256667137 11185.887785255909
leaf_count=50023 1509 396 11177 465 6866 470 4264 26957 11575 2539 2519 1774 25674 308 661 4242 6675 11658 22850 2979 3009 1427 456 1298 2958 2646 447 1644 16841 12404 7434 3287 3684 3551 6674 897 4092 10576
internal_value=-3.8966e-05 -0.000809384 0.000643319 0.00338561 0.000606444 0.00189799 0.00033459 0.000721795 0.00208924 0.00475894 0.00246821 0.00707631 0.000210673 0.000229408 0.011832 -0.00285257 0.00359414 0.000655781 0.00106988 -0.000336987 0.000983948 0.00585695 0.0080306 0.00446204 0.000912229 -0.00131803 0.0140239 0.000125365 -0.000723108 -0.000577958 -0.00112146 -0.000145353 0.000165299 -0.00314088 -0.00182985 0.000370906 0.00137225 -1.14853e-05
internal_weight=278110 126777 74096 9716.16 151333 26313.7 125019 87775.3 23881.1 6991.27 8945.93 6709.74 63894.3 64379.9 1367.51 52681.4 6950.68 44472.9 31382.5 13090.3 16889.8 5342.23 2086.35 3255.87 31941.4 8333.08 770.232 19604 19907 37244 16505.7 20738.3 16977.8 44348.3 5770.36 17657.5 4878.9 12778.6
internal_count=278906 143451 82989 10502 135455 24804 110651 76976 21387 6803 9590 6086 55589 72487 1131 60462 7071 48664 34508 14156 14584 4955 1883 3072 28632 6888 912 18718 23823 33675 14300 19375 16088 53574 6982 17074 4989 12085
is_linear=0
shrinkage=0.0440977


Tree=4
num_leaves=39
num_cat=0
split_feature=17 17 0 0 14 0 6 19 6 17 0 0 0 12 17 0 5 6 19 12 19 12 12 0 12 0 19 6 12 6 14 0 0 19 12 19 5 19
split_gain=51.0952 120.299 24.5084 24.0923 20.177 26.4454 24.688 23.6335 10.3396 11.5255 27.3243 9.01405 14.8419 10.3788 13.7365 9.3765 8.61146 15.5011 7.50006 6.21396 15.4936 5.42049 5.21164 5.16125 4.72342 4.50162 4.42147 4.41305 4.12383 8.13183 3.91931 3.30518 11.9712 4.72097 2.82449 2.51575 2.42698 2.04789
threshold=3.2049462106442666e-07 4.5040064833301594e-06 0.29870507121086126 0.059310715645551688 2.5000000000000004 0.097786840051412596 7.4751966394615021e-07 5.1752252656911421e-12 5.5234647788893207e-06 6.0955099456805339e-07 0.097786840051412596 0.54427608847618114 0.40998613834381109 3.1846151614445268e-05 0.00030467727629002189 0.66478031873703014 1.0000000180025095e-35 0.28668753802776342 0.021401781588792804 0.00098189854179509006 5.3049714551889344e-05 0.046473188325762756 1.5590017937938686e-05 0.72255244851112377 8.9537559233576768e-07 0.62190663814544689 0.13708717375993731 1.0000000180025095e-35 0.00073787444853223871 0.16189765185117724 1.5000000000000002 0.12767100334167483 0.11746299266815187 2.7783073619502834e-09 0.00055449589854106318 4.677005563280546e-06 1.0000000180025095e-35 0.18242357671260837
decision_type=2 2 2 2 2 2 2 2 2 2 2 2 2 2 2 2 2 2 2 2 2 2 2 2 2 2 2 2 2 2 2 2 2 2 2 2 2 2
left_child=2 8 3 19 5 7 -7 -5 9 10 -2 12 22 35 -15 28 17 -17 -18 20 27 23 -3 24 25 -4 -6 -1 29 -13 -26 32 -11 -33 -22 -14 -23 -38
right_child=1 11 21 4 26 6 -8 -9 -10 31 -12 15 13 14 -16 16 18 -19 -20 -21 34 36 -24 -25 30 -27 -28 -29 -30 -31 -32 33 -34 -35 -36 -37 37 -39
leaf_value=-0.23165955957605483 0.14914542364353728 0.042780793721248128 -0.055187750204401795 0.33282324399163266 -0.23620172616041349 -0.030910450770500936 0.3202319369291679 -0.17010945359340779 0.94865185856822243 0.35464146421631632 0.82791037660934941 -0.1317459149647639 0.17747150330942674 -0.16672056153108661 0.21257068335294152 0.061658848519521484 -0.072811235395241855 0.31946685908677014 0.13519578612076852 -0.40645198566393076 0.28785100301999683 -0.13247082077114916 -0.1387101016783539 -0.13401960480618155 0.034841158548996012 -0.28284212516611379 0.10798133281574762 0.23503335869465738 -0.10161074324500823 0.3436234070933859 -0.11877110204740238 0.11874751344149703 2.674664746119122 0.34041878637559392 0.030947125248302614 0.71920535180695067 -0.28663684021151281 0.15996273611095066
leaf_weight=9385.5680311918259 812.0951235294342 7654.5629452466965 22045.089001834393 16160.774131476879 5743.4056769013405 35344.780675590038 8334.7598552703857 3180.3543739318848 1212.6472849845886 1167.429895401001 983.61700963973999 1575.3739488124847 146.01487934589386 1599.6285971999168 10080.940065205097 23990.798462152481 13802.042698204517 879.5826096534729 5314.9419630765915 2682.1439465284348 865.92251241207123 10552.321304559708 3589.7473511695862 28613.150984823704 17045.50849956274 4326.5748141407967 479.36379492282867 277.55513060092926 15316.781959474087 1507.3817115426064 7587.8673368096352 1136.0916939377785 817.90147012472153 506.75531595945358 456.22650265693665 662.57494670152664 11932.892979204655 339.31181329488754
leaf_count=10193 686 7879 17658 16533 6622 36584 9435 2727 1104 999 810 1446 143 1516 9289 20299 12307 769 4642 2817 806 12260 3263 31415 19743 4523 492 293 13748 1532 8747 1150 799 489 407 573 13927 281
internal_value=-7.67624e-05 0.00076817 -0.000499596 6.40528e-05 0.000398024 0.000634573 3.34546e-05 0.00199205 0.0064885 0.0056635 0.00855304 0.000327285 0.00105872 0.00210502 0.00177018 4.90158e-05 0.000398662 0.000939598 -0.000305086 -0.00162786 -0.00116304 -0.000955775 -0.000103491 -0.00078401 -0.000518065 -0.000928193 -0.00199732 -0.00177568 -0.000786851 0.000684535 -7.89771e-05 0.00423141 0.0054424 0.00276554 0.00331249 0.00693381 -0.00155488 -0.00197656
internal_weight=278110 92756.9 185354 82910.9 69243.4 63020.7 43679.5 19341.1 6636.54 5423.89 1795.71 86120.4 23733.5 12489.2 11680.6 62386.9 43987.4 24870.4 19117 13667.4 10985.3 102443 11244.3 79618.2 51005 26371.7 6222.77 9663.12 18399.5 3082.76 24633.4 3628.18 1985.33 1642.85 1322.15 808.59 22824.5 12272.2
internal_count=278906 83443 195463 86909 72393 65279 46019 19260 6037 4933 1496 77406 22663 11521 10805 54743 38017 21068 16949 14516 11699 108554 11142 82086 50671 22181 7114 10486 16726 2978 28490 3437 1798 1639 1213 716 26468 14208
is_linear=0
shrinkage=0.0440977


Tree=5
num_leaves=39
num_cat=0
split_feature=19 15 19 17 14 0 3 0 3 3 3 3 0 0 17 3 17 14 0 3 3 3 0 19 3 3 15 0 0 3 3 3 0 0 0 15 0 3
split_gain=40.9089 78.0364 52.9494 48.3616 43.8766 31.2054 29.3943 38.771 20.6982 18.0156 17.2972 16.2746 13.5117 12.8357 9.99643 19.9805 11.4447 9.83653 18.4777 9.0606 9.01263 22.4962 8.28867 10.7536 7.52095 7.73929 7.36853 9.90419 5.23442 3.59147 3.39305 3.08918 3.06878 2.46886 2.14937 2.13827 1.97161 1.7855
threshold=1.0000000180025095e-35 0.05249301344156266 1.3373437024455372e-08 3.2049462106442666e-07 1.0000000180025095e-35 0.29870507121086126 0.0010775665869005027 0.097786840051412596 9.2124505499668902e-06 0.52593708038330089 2.14092125361276e-07 0.014099423773586752 0.54427608847618114 0.059310715645551688 6.0955099456805339e-07 8.1219440062341174e-07 2.3681526499785836e-06 1.0000000180025095e-35 0.065548479557037367 2.9878962948259874e-07 0.63629209995269786 0.43472141027450567 0.66478031873703014 0.021401781588792804 0.030205942690372471 0.078289981931447997 0.35686114430427557 0.50917410850524913 0.32466374337673193 0.078289981931447997 3.3323743991786621e-05 1.3946797139396952e-07 0.12767100334167483 0.039757162332534797 0.080061092972755446 1.0000000180025095e-35 0.097786840051412596 1.4141691735858332e-05
decision_type=2 2 2 2 2 2 2 2 2 2 2 2 2 2 2 2 2 2 2 2 2 2 2 2 2 2 2 2 2 2 2 2 2 2 2 2 2 2
left_child=1 4 3 19 6 8 30 35 17 -9 -4 13 20 -10 15 36 32 18 -3 -2 21 -12 29 -24 26 -26 37 -28 -27 -14 -1 -19 -16 -32 -21 -8 -5 -7
right_child=2 5 10 14 -6 24 7 9 11 -11 12 -13 22 -15 16 -17 -18 31 -20 34 -22 -23 23 -25 25 28 27 -29 -30 -31 33 -33 -34 -35 -36 -37 -38 -39
leaf_value=-0.094255998936565846 0.22185493685277555 1.6442496532763713 -0.25932743058643598 0.23875504859432256 -0.39708954820386311 -0.26476232220295737 0.35096448013307263 -0.067320310656468998 -0.47101376800895894 0.16795167396611024 0.074906315431775172 0.074896048516249716 -0.11048805784252588 1.3607012635514284 0.98628696520905035 0.88834711865145966 0.72684753765408028 -0.2850057264702085 0.19450960104416679 -0.029498285498687275 -0.28407146207134321 0.47793701855236298 -0.010772579076954213 0.10871821025803298 -0.26889380131534707 0.83168507864684327 0.31800257021990846 0.030413927579078907 -0.037593184480155535 0.0093092530048758011 -0.12648559264836179 0.0080400074536201675 0.21398651733719665 -0.25507877102412124 -0.27218479367720727 0.90655358946234954 0.50350243190985355 -0.037466661802289178
leaf_weight=34519.468150377274 1599.1923830509186 1073.576587498188 3523.7308207154274 745.2142573595047 24023.855761051178 2256.6092323660851 3641.7334917187691 16125.720437288284 312.90127527713776 1949.7239091396332 27218.579860210419 1675.5417082309723 13575.251940190792 3634.6401413083076 1912.0328311920166 704.0635958313942 1716.5862043499947 1299.0475876331329 11815.031842470169 1489.724161863327 953.00415414571762 2839.073319196701 31007.210847437382 15518.426761031151 5136.303788125515 202.27789652347565 5013.2534275650978 24607.141553342342 14130.703569352627 5780.1090825200081 3059.2826771736145 2442.8307236433029 1365.3415387868881 8484.3659190535545 1517.3009632825851 93.467549860477448 208.0841178894043 2193.0347171425819
leaf_count=30234 1762 927 3552 650 30317 1036 4131 14677 309 1713 25990 2105 12086 4065 1736 618 1595 1638 13120 1253 912 2568 26566 13041 6209 245 5698 27227 16801 5386 3209 3092 1324 9099 1297 121 176 2647
internal_value=-0.000120107 -0.000555577 0.000533803 0.00340148 -0.00141949 0.000491906 -0.000846206 0.000487419 0.00187975 -0.000357832 0.000212279 0.00419238 0.000322663 0.00573766 0.00580646 0.00877466 0.00481983 0.0010976 0.00167544 -7.17857e-05 0.00108167 0.00121556 -3.46162e-05 0.000284415 -8.4974e-05 -0.000776349 0.000310122 0.000561486 -0.000249974 -0.000801466 -0.00147767 -0.000892629 0.00329036 -0.00213219 -0.00149795 0.00457678 0.00460595 -0.0013629
internal_weight=279363 167691 111673 11257.5 91897.6 75792.9 67873.8 21810.6 22253.6 18075.4 100415 5623.08 96891.7 3947.54 6651.32 1657.36 4993.96 16630.5 12888.6 4606.22 31010.7 30057.7 65881 46525.6 53539.3 19469.3 34070 29620.4 14333 19355.4 46063.1 3741.88 3277.37 11543.6 3007.03 3735.2 953.298 4449.64
internal_count=279132 178620 100512 10411 93501 85119 63184 20642 25256 16390 90101 6479 86549 4374 6099 1444 4655 18777 14047 4312 29470 28558 57079 39607 59863 23255 36608 32925 17046 17472 42542 4730 3060 12308 2550 4252 826 3683
is_linear=0
shrinkage=0.0440977


Tree=6
num_leaves=39
num_cat=0
split_feature=16 0 6 0 6 3 16 3 3 13 3 6 19 16 16 0 0 14 3 0 16 3 3 16 3 6 0 3 3 3 3 0 3 3 3 3 3 16
split_gain=58.8811 24.9301 40.201 25.7992 18.907 44.1962 14.4506 13.1933 48.1054 11.1813 10.102 14.2432 12.8945 9.39873 8.68693 8.28959 8.01235 7.65173 12.3369 12.5866 7.58388 7.29603 6.9262 5.82335 4.98208 4.75709 4.54592 4.12615 3.9355 12.1645 13.3099 13.0027 3.65627 3.21265 3.48473 3.07914 4.47636 3.05974
threshold=4.1121879235106469e-08 0.20359309017658236 7.4751966394615021e-07 0.10807117074728013 1.0000000180025095e-35 0.00028404347540345048 1.2678929692810927e-06 0.0010775665869005027 0.0044963988475501546 1.0000000180025095e-35 0.29700618982315069 0.029156521894037727 0.0051289594266563663 6.3124673488346175e-08 6.3124673488346175e-08 0.50917410850524913 0.50917410850524913 1.0000000180025095e-35 0.0010775665869005027 0.14109827578067782 0.0060847864951938399 8.1219440062341174e-07 1.3946797139396952e-07 0.0023476403439417486 2.14092125361276e-07 5.5234647788893207e-06 0.67595285177230846 0.0027929162606596951 0.00028404347540345048 0.0096328733488917368 0.0054398581851273784 0.35880893468856817 0.76980245113372814 0.030205942690372471 0.11459131538867952 0.024967188946902755 0.017057843506336216 9.825445431488335e-06
decision_type=2 2 2 2 2 2 2 2 2 2 2 2 2 2 2 2 2 2 2 2 2 2 2 2 2 2 2 2 2 2 2 2 2 2 2 2 2 2
left_child=4 2 7 21 17 24 25 9 23 13 28 12 15 -2 -11 -12 35 18 22 27 -10 -4 -1 -9 -6 -5 -24 -20 37 30 -30 -31 -14 -18 -35 36 -7 -3
right_child=1 10 3 6 5 16 -8 8 20 14 11 -13 32 -15 -16 -17 33 -19 19 -21 -22 -23 26 -25 -26 -27 -28 -29 29 31 -32 -33 -34 34 -36 -37 -38 -39
leaf_value=-0.060783140380145886 0.14927714470145992 -0.0065062917980288695 0.34708994405755905 0.51225639735452555 1.0264785811490458 0.053156625856586939 -0.09281718017107643 0.48674463747571339 -0.11290786087680235 -0.15236060040688407 -0.053620162102431902 -0.097503021111740529 0.66498949242871941 -0.087112284349425556 0.19815003053318692 0.18773961749836912 -0.12096353715615317 -0.29631411306423372 0.070156894618287627 -0.14719376489717323 0.13114860459006839 0.75667009474241143 -0.31376399272140715 1.3893575432016341 0.21702574063886182 0.63544866726137605 -0.0049297314378044417 1.1389960640424417 0.02891224832469351 0.085767439664113349 0.19933675671728421 -0.054737054467822739 -0.33158670843720733 -0.29172625193991458 -0.1559199031433075 -0.056872037399130125 1.2627303724147196 -0.083884338397647598
leaf_weight=9369.3198407888412 1656.8508314490318 17316.829297959805 591.11311709880829 3436.1412615180016 575.85956233739853 2494.3035447001457 1324.115467607975 2733.80027115345 3737.0678649544716 851.6166210770607 2616.1873933076859 3647.7833979725838 1194.0918460488319 13132.579529881477 4125.9758087992668 4873.0696629881859 27735.248265981674 14151.628908216953 1566.3769572377205 6887.4532540440559 4362.6745320558548 898.77521473169327 17967.555506467819 32.443281769752502 18926.08586704731 1771.194815158844 1939.2568537592888 2280.7152916789055 23525.358454048634 5079.6562721729279 6957.728811621666 37448.419293284416 97.19876903295517 8310.6020537614822 9967.8973917961121 3983.0378503203392 696.5503037571907 11100.875517606735
leaf_count=8333 1498 14366 513 3234 575 2779 1314 2967 3137 877 2362 3491 1075 12753 4161 3856 31982 17117 1753 8637 3724 783 17952 42 21286 1615 2316 2834 20160 3648 5919 33617 101 10097 11928 4800 837 10693
internal_value=-0.000143588 0.000440281 0.00140789 0.0041868 -0.00084556 -0.000380831 0.00299146 0.000680112 0.00191438 1.5719e-06 0.000111769 0.00129834 0.00226047 -0.00060689 0.00180919 0.0015583 -0.00103925 -0.00146924 -0.00115747 0.000121306 0.000199419 0.00942148 -0.00162634 0.00693399 0.00141484 0.00403725 -0.00209166 0.00214141 -3.36357e-05 0.000137735 0.000810043 -0.000344167 0.00632858 -0.00125296 -0.00170686 0.000331454 0.00135196 -0.000473913
internal_weight=279363 152512 38654.3 8021.34 126852 72689.6 6531.45 30633 10866 19767 113857 12428.3 8780.55 14789.4 4977.59 7489.26 53187.6 54162.3 40010.7 10734.5 8099.74 1489.89 29276.1 2766.24 19501.9 5207.34 19906.8 3847.09 101429 73011.2 30483.1 42528.1 1291.29 46013.7 18278.5 7173.89 3190.85 28417.7
internal_count=279132 135906 36618 7459 143226 84284 6163 29159 9870 19289 99288 10885 7394 14251 5038 6218 62423 58942 41825 13224 6861 1296 28601 3009 21861 4849 20268 4587 88403 63344 26079 37265 1176 54007 22025 8416 3616 25059
is_linear=0
shrinkage=0.0440977


Tree=7
num_leaves=39
num_cat=0
split_feature=19 15 12 12 6 0 12 0 0 6 15 12 6 0 12 0 0 12 14 13 0 19 12 0 0 0 6 0 6 12 12 0 0 12 15 12 15 0
split_gain=34.3743 74.5026 46.6609 38.0359 34.9323 25.3904 14.7583 13.5714 11.5425 13.2653 6.9569 6.90527 6.88487 6.39142 17.5406 10.969 7.63995 9.51587 6.82018 6.71805 6.24958 6.07453 4.99984 4.79351 16.9685 5.79096 4.65533 4.37144 11.0429 3.25784 3.08494 2.73126 2.60255 2.56236 2.48993 3.72803 2.21203 2.07713
threshold=1.0000000180025095e-35 0.05249301344156266 5.1423764801938894e-08 5.1423764801938894e-08 7.4751966394615021e-07 0.29870507121086126 0.002313763834536076 0.10807117074728013 0.10807117074728013 2.7039660608352283e-06 0.29217317700386053 1.9899862140071448e-11 5.5234647788893207e-06 0.097786840051412596 0.00073787444853223871 0.54427608847618114 0.66478031873703014 0.071339275687932982 1.5000000000000002 1.0000000180025095e-35 0.50917410850524913 1.1990982859422242e-10 4.6107925810723321e-10 0.059310715645551688 0.097786840051412596 0.14109827578067782 1.0000000180025095e-35 0.52643263339996349 0.0001032937398122158 0.0003131338744424284 0.012847654521465303 0.16948933899402621 0.12767100334167483 0.012847654521465303 0.082325432449579253 0.14572666585445407 1.0000000180025095e-35 0.039757162332534797
decision_type=2 2 2 2 2 2 2 2 2 2 2 2 2 2 2 2 2 2 2 2 2 2 2 2 2 2 2 2 2 2 2 2 2 2 2 2 2 2
left_child=1 2 23 4 11 6 8 21 22 -10 -7 -2 32 14 29 18 30 -18 20 -20 -15 -6 -3 37 26 -26 -25 28 -12 -5 -17 -14 -9 -29 -8 -36 -4 -1
right_child=3 5 36 13 7 10 34 12 9 -11 27 -13 31 15 -16 16 17 -19 19 -21 -22 -23 -24 24 25 -27 -28 33 -30 -31 -32 -33 -34 -35 35 -37 -38 -39
leaf_value=-0.11663663510540422 0.2155629347816547 0.83609603232823537 -0.36915306225281624 0.10086451161393828 0.34163769233574326 -0.13835329351099851 -0.24303836368704923 1.1393823177245934 0.021976894580013021 0.48118325612252999 -0.11675697029981151 -0.10879735814848686 0.88738357509530252 0.018602659234505794 -0.24208977098792001 -0.0090292599329154007 -0.011412417357623172 0.10264902175734865 0.033649051451096409 0.27366899576044745 0.40467953826929715 0.7240385561238496 0.81683916063947215 0.14269436397569119 -0.19330484071957904 -0.055416863825345788 -0.19212267465351182 0.01995409443608934 0.24065367061712314 0.25873650069039111 -0.11586852150293403 0.24382505038813462 0.19159317255721553 -0.071703639048861637 0.38180764678024659 -0.082421111519972626 -0.1324588357220095 -0.32068303122334918
leaf_weight=3059.2826771736145 1599.1923830509186 6659.440136551857 24337.982582688332 1123.6994073987007 584.93344438076019 2054.7064442634583 1346.1675921082497 1728.1356395483017 6796.6125709414482 4729.0596155524254 4781.4124755263329 3375.390056014061 1211.036698281765 16826.21230751276 4583.1252523064613 7511.6613033413887 31007.210847437382 15518.426761031151 3713.0101002454758 5864.5659974217415 1628.721072614193 887.9607874751091 376.21754461526871 8217.6219721436501 6937.143615603447 42523.214985609055 1173.7726005911827 20508.318020284176 8534.159291446209 601.20882415771484 11843.699719369411 365.22766548395157 1699.5085719823837 17660.727952897549 437.08594989776611 1908.9864563941956 1493.429932653904 4155.1695291996002
leaf_count=3209 1762 6754 30675 986 505 2433 1699 1585 8226 5188 4286 2871 1118 16405 4576 6729 26566 13041 3309 5482 1506 769 420 8160 7045 36773 1371 23460 9598 590 10743 331 1638 20086 553 2416 1900 4368
internal_value=-0.000156675 -0.000555852 -0.00139998 0.000442739 0.00285026 0.000467639 0.00171951 0.00498451 0.00222599 0.00136662 -5.27239e-05 7.10588e-05 0.00388797 0.000167629 -0.00119105 0.000258901 -5.19776e-05 0.000254315 0.000989492 0.00194423 0.000493931 0.00870466 0.00363339 -0.00077862 -0.000647083 -0.000973366 0.00107123 4.77195e-05 0.000735651 0.00259837 -0.000788207 0.00629974 0.00277735 -0.000192284 -0.000826517 4.1118e-05 -0.00298906 -0.00185139
internal_weight=279363 167691 91897.6 111673 11451.4 75792.9 22253.6 6476.8 18561.3 11525.7 53539.3 4974.58 5003.91 100222 6308.03 93913.5 65881 46525.6 28032.5 9577.58 18454.9 1472.89 7035.66 66066.2 58851.8 49460.4 9391.39 51484.6 13315.6 1724.91 19355.4 1576.26 3427.64 38169 3692.24 2346.07 25831.4 7214.45
internal_count=279132 178620 93501 100512 10579 85119 25256 5946 20588 13414 59863 4633 4672 89933 6152 83781 57079 39607 26702 8791 17911 1274 7174 60926 53349 43818 9531 57430 13884 1576 17472 1449 3223 43546 4668 2969 32575 7577
is_linear=0
shrinkage=0.0440977


Tree=8
num_leaves=39
num_cat=0
split_feature=16 15 0 0 3 0 3 0 3 16 3 15 16 3 8 0 0 19 3 3 15 15 3 0 0 0 3 3 13 16 0 19 19 3 0 3 19 19
split_gain=54.5332 167.316 21.3293 21.0211 16.8415 16.7495 21.8324 29.266 27.15 12.4077 11.2996 11.288 9.10092 8.0128 12.8366 8.2606 12.9343 8.36494 6.35243 6.99483 6.08537 5.9685 5.83164 6.08267 5.30713 4.71695 9.25654 7.56194 4.51477 4.84553 4.37258 4.34007 4.21987 10.0498 3.18741 17.0756 8.0669 3.08032
threshold=4.1121879235106469e-08 0.05249301344156266 0.29870507121086126 0.20359309017658236 9.2124505499668902e-06 0.059310715645551688 8.1219440062341174e-07 0.10807117074728013 0.0044963988475501546 1.2678929692810927e-06 0.014099423773586752 0.082325432449579253 1.0000000180025095e-35 0.29700618982315069 1.5000000000000002 0.50917410850524913 0.52643263339996349 4.677005563280546e-06 0.030205942690372471 0.094717219471931471 1.0000000180025095e-35 0.060988180339336402 9.2124505499668902e-06 0.54427608847618114 0.32466374337673193 0.11746299266815187 1.5819387044757607e-06 8.1219440062341174e-07 1.5000000000000002 6.3124673488346175e-08 0.065548479557037367 0.00092368613695725809 1.0000000180025095e-35 0.63629209995269786 0.32466374337673193 0.094717219471931471 2.6861268054290127e-07 9.3940165243111564e-05
decision_type=2 2 2 2 2 2 2 2 2 2 2 2 2 2 2 2 2 2 2 2 2 2 2 2 2 2 2 2 2 2 2 2 2 2 2 2 2 2
left_child=1 12 4 5 25 32 28 8 -8 -9 11 -6 20 21 15 17 -17 -15 22 -20 -1 34 -4 -24 -21 27 -27 -3 30 -30 -7 -14 -2 37 35 -5 -36 -34
right_child=3 2 18 13 10 6 7 9 -10 -11 -12 -13 31 14 -16 16 -18 -19 19 24 -22 -23 23 -25 -26 26 -28 -29 29 -31 -32 -33 33 -35 36 -37 -38 -39
leaf_value=-0.3528742563584763 -0.15379957081922724 0.20184779737335845 -0.18975076237573874 0.015130132196506768 0.31058820751483651 0.21314966432931368 0.57476325091917346 0.32435732065693867 -0.30478988624473835 0.0097153174798296736 0.084702662565467338 1.5227178361466216 -0.055785225830619692 -0.26040607723534809 -0.12997149049201184 0.81924138600106566 0.17214811579804892 0.19146629676379598 -0.22219400464741049 0.83258914842943621 -0.17714694097218139 -0.13333084332192227 0.23361126391531375 0.031312238467615619 -0.015233992389431237 -0.21363085901067205 0.18864053896108018 0.62472862707243171 -0.10021080386231242 0.20779084955822741 -0.025711542054964981 -0.25671349369306123 0.096416617301019927 -0.26665230844054055 -0.093041296615556518 0.24969185166950039 0.0055452234202574991 0.24732681266880005
leaf_weight=41027.253199994564 3750.3773232698441 7173.0208255648613 3207.330143392086 15349.275870680809 1259.8430962562561 900.53993290662766 3665.0187676548958 8431.1573222875595 635.04384535551071 6081.548188149929 1611.4276037812233 2656.0274976491928 5857.7053172588348 1111.7966806292534 3149.2163850665092 761.76267915964127 5641.4702875614166 1764.0850369334221 5969.1943488717079 191.46346926689148 3610.7307750582695 1700.9549137353897 7732.1182011365891 22070.776716649532 12646.629995942116 2980.2508116960526 5410.8269565105438 890.26747500896454 484.52690130472183 2107.97536277771 9780.0221911072731 2557.0250178575516 1263.9258041381836 953.00415414571762 10189.183051228523 994.93386650085449 73194.519944548607 601.20882415771484
leaf_count=49966 4140 7798 2170 11567 1268 1018 3792 7936 615 5034 2022 3065 4346 1061 3071 653 4578 1522 7179 231 3653 2058 8652 24558 14988 3543 6212 996 492 2174 8769 2579 1146 912 10264 739 63775 590
internal_value=-0.000167231 -0.000842788 0.000515104 0.000394668 0.0016661 0.00128319 0.00169851 0.00266468 0.00585958 0.0017177 0.0037719 0.00505067 -0.00273166 9.30088e-05 0.00114978 0.00197536 0.00285701 1.20264e-05 2.68128e-05 -0.000620026 -0.00298244 -3.64907e-05 0.000395351 0.00058764 -4.0095e-05 0.000958541 0.000226586 0.00172013 0.000329002 0.00197939 -7.17461e-05 -0.00140116 -0.000745529 0.000543777 7.70001e-06 0.00057078 -0.000102676 0.00242579
internal_weight=279363 126852 73799.2 152512 21981.7 38654.3 32085.8 18812.8 4300.06 14512.7 5527.3 3915.87 53052.7 113857 12428.3 9279.11 6403.23 2875.88 51817.5 18807.3 44638 101429 33010.2 29802.9 12838.1 16454.4 8391.08 8063.29 13273.1 2592.5 10680.6 8414.73 6568.52 2818.14 99727.9 16344.2 83383.7 1865.13
internal_count=279132 143226 82682 135906 24904 36618 29830 17377 4407 12970 6355 4333 60544 99288 10885 7814 5231 2583 57778 22398 53619 88403 35380 33210 15219 18549 9755 8794 12453 2666 9787 6925 6788 2648 86345 12306 74039 1736
is_linear=0
shrinkage=0.0440977


end of trees

feature_importances:
event_decay_operation=100
event_decay_major=82
event_decay_case_drop=38
event_decay_game_update=24
event_decay_game_update_weighted=23
event_decay_major_weighted=19
event_decay_operation_weighted=16
event_decay_case_drop_weighted=15
event_density_90d_game_update=12
event_density_30d_game_update=4
event_density_90d_major=3
event_density_90d_operation=3
event_density_90d_case_drop=3

parameters:
[boosting: gbdt]
[objective: quantile]
[metric: quantile]
[tree_learner: serial]
[device_type: cpu]
[data_sample_strategy: bagging]
[data: ]
[valid: ]
[num_iterations: 1000]
[learning_rate: 0.0440977]
[num_leaves: 39]
[num_threads: -1]
[seed: 73]
[deterministic: 0]
[force_col_wise: 0]
[force_row_wise: 0]
[histogram_pool_size: -1]
[max_depth: 6]
[min_data_in_leaf: 5]
[min_sum_hessian_in_leaf: 0.001]
[bagging_fraction: 0.7]
[pos_bagging_fraction: 1]
[neg_bagging_fraction: 1]
[bagging_freq: 5]
[bagging_seed: 5921]
[bagging_by_query: 0]
[feature_fraction: 0.65]
[feature_fraction_bynode: 1]
[feature_fraction_seed: 22355]
[extra_trees: 0]
[extra_seed: 3536]
[early_stopping_round: 0]
[early_stopping_min_delta: 0]
[first_metric_only: 0]
[max_delta_step: 0]
[lambda_l1: 0]
[lambda_l2: 1]
[linear_lambda: 0]
[min_gain_to_split: 0.1]
[drop_rate: 0.1]
[max_drop: 50]
[skip_drop: 0.5]
[xgboost_dart_mode: 0]
[uniform_drop: 0]
[drop_seed: 14602]
[top_rate: 0.2]
[other_rate: 0.1]
[min_data_per_group: 100]
[max_cat_threshold: 32]
[cat_l2: 10]
[cat_smooth: 10]
[max_cat_to_onehot: 4]
[top_k: 20]
[monotone_constraints: ]
[monotone_constraints_method: basic]
[monotone_penalty: 0]
[feature_contri: ]
[forcedsplits_filename: ]
[refit_decay_rate: 0.9]
[cegb_tradeoff: 1]
[cegb_penalty_split: 0]
[cegb_penalty_feature_lazy: ]
[cegb_penalty_feature_coupled: ]
[path_smooth: 0]
[interaction_constraints: ]
[verbosity: -1]
[saved_feature_importance_type: 0]
[use_quantized_grad: 0]
[num_grad_quant_bins: 4]
[quant_train_renew_leaf: 0]
[stochastic_rounding: 1]
[linear_tree: 0]
[max_bin: 63]
[max_bin_by_feature: ]
[min_data_in_bin: 3]
[bin_construct_sample_cnt: 200000]
[data_random_seed: 277]
[is_enable_sparse: 1]
[enable_bundle: 1]
[use_missing: 1]
[zero_as_missing: 0]
[feature_pre_filter: 0]
[pre_partition: 0]
[two_round: 0]
[header: 0]
[label_column: ]
[weight_column: ]
[group_column: ]
[ignore_column: ]
[categorical_feature: ]
[forcedbins_filename: ]
[precise_float_parser: 0]
[parser_config_file: ]
[objective_seed: 8155]
[num_class: 1]
[is_unbalance: 0]
[scale_pos_weight: 1]
[sigmoid: 1]
[boost_from_average: 1]
[reg_sqrt: 0]
[alpha: 0.9]
[fair_c: 1]
[poisson_max_delta_step: 0.7]
[tweedie_variance_power: 1.5]
[lambdarank_truncation_level: 30]
[lambdarank_norm: 1]
[label_gain: ]
[lambdarank_position_bias_regularization: 0]
[eval_at: ]
[multi_error_top_k: 1]
[auc_mu_weights: ]
[num_machines: 1]
[local_listen_port: 12400]
[time_out: 120]
[machine_list_filename: ]
[machines: ]
[gpu_platform_id: -1]
[gpu_device_id: -1]
[gpu_use_dp: 0]
[num_gpu: 1]

end of parameters

pandas_categorical:[]
