tree
version=v4
num_class=1
num_tree_per_iteration=1
label_index=0
max_feature_idx=40
objective=quantile
feature_names=price_lag_1d return_1d return_3d return_7d return_14d return_30d return_60d price_std_7d price_std_14d price_std_20d price_std_60d price_zscore_30d vol_regime_60_30 trend_divergence_30_60 price_accel_7d price_log price_tier log_return_1d log_return_7d autocorr_1d autocorr_7d bb_pct_b bb_width rsi_14 macd_line macd_signal macd_histogram volume_missing volume_lag_1d volume_lag_7d volume_mean_7d volume_mean_30d volume_std_30d volume_std_60d volume_log_change_1d volume_log_change_7d volume_zscore_30d volume_price_conf_7d volume_price_conf_1d rsi_missing macd_missing
feature_infos=[0.029999999329447746:726.3900146484375] [-98.001335144042969:500] [-98.001335144042969:500] [-98.001335144042969:500] [-99.363525390625:500] [-99.273765563964844:500] [-99.186729431152344:500] [0:155.79258728027344] [0:113.14417266845703] [0:97.831710815429688] [0:100.54641723632812] [-4.96368408203125:5.2946515083312988] [0.70291376113891602:805.0294189453125] [-1056138296557568:933262033682432] [-598.0013427734375:586.79248046875] [-3.5065579414367676:6.5880870819091797] [0:4] [-3.9126894474029541:4.9908404350280762] [-3.9126894474029541:4.8882842063903809] [-49000.66796875:60162.6015625] [-49000.66796875:34064.93359375] [-0.54432862997055054:1.5621322393417358] [0.014894707128405571:15.69301700592041] [0:99.844482421875] [-54.1455078125:48.291065216064453] [-42.52099609375:42.708404541015625] [-22.157054901123047:15.944230079650879] none [1:107040] [1:107040] [1:33132.71484375] [1:19356.69921875] [0.57735025882720947:18549.255859375] [0.57735025882720947:13367.96484375] [-6.1758670806884766:6.1158919334411621] [-6.4248690605163574:6.5434322357177734] [-3.7836604118347168:5.2921395301818848] [-97.603759765625:500] [-96.563575744628906:500] [0:1] [0:1]
tree_sizes=2732 2257 2753 2754 2779 2752 2920 2793 3097 2968 2859 2914 2548 2968

Tree=0
num_leaves=26
num_cat=0
split_feature=7 5 40 15 6 2 24 18 6 33 12 24 9 30 33 5 15 4 25 0 7 12 12 25 25
split_gain=2928.34 328.144 218.47 106.045 70.7606 56.7967 44.6083 39.0773 35.5882 24.1532 20.5668 18.5024 31.6114 23.6925 13.9163 12.0845 11.8833 9.64455 6.05594 5.32585 6.84943 3.86889 2.71512 1.87991 1.40665
threshold=1.0000000180025095e-35 43.89366531372071 1.0000000180025095e-35 -3.498293280601501 33.086282730102546 42.910984039306648 -4.8296165289229969e-08 -0.022689038887619969 -1.0000000180025095e-35 35.814958572387702 0.86667546629905712 -0.0039091131184250108 0.0049575832672417173 114.6428565979004 109.67576980590822 -1.0000000180025095e-35 -1.0434144139289854 -8.4740667343139631 -0.0015133465058170257 0.26325000822544103 0.19500671327114108 0.86667546629905712 1.4937903881073 0.00042494235094636684 -2.1264074945293029e-08
decision_type=2 2 2 2 2 2 2 2 2 2 2 2 2 2 2 2 2 2 2 2 2 2 2 2 2
left_child=6 2 3 8 -5 10 11 9 -2 -4 16 22 18 -14 -12 -8 -3 -9 -13 21 -21 -7 -1 24 -17
right_child=1 5 7 4 -6 19 15 17 -10 -11 14 12 13 -15 -16 23 -18 -19 -20 20 -22 -23 -24 -25 -26
leaf_value=0 0.1999999952316284 -0.59230681348189873 -0.81115716706507868 0.15251842031054205 0 -2.3654513397154471 0.29999999999999999 -0.46666666030883786 0 0.38882444663182808 -0.3170731830596924 0 0 -0.018284491624785997 0.069060773849487306 0 -0.24078091621398925 -1.495476071888739 0 -0.34575087547302247 -1.7156647272432646 -1.5785774014285199 0 0 0
leaf_weight=1077.061215698719 414.71781700849533 898.25016701221466 153.59018558263779 31399.635522961617 4161.422325193882 541.60695946216583 13.089289665222166 85.363295435905457 1390.5666939020157 328.62367206811905 1499.0663107633591 622.98306661844254 228.40081423521042 371.3650079369545 895.14152306318283 128.74766927957535 471.06675970554352 902.78719782829285 2966.2221944928169 103.76200944185257 152.48336756229401 239.27088695764542 95.216520369052887 109.5026923418045 9808.150451362133
leaf_count=192 236 514 84 29200 4330 166 1 47 863 181 1374 249 63 72 866 216 315 228 3747 64 83 118 24 17 15506
internal_value=0 0.00189776 0.00281267 0.00325934 0.00361966 -0.00550019 -0.0133105 -0.00852554 -0.00382902 -0.00148667 -0.00378039 -0.0110856 -0.0101385 -0.00372169 -0.00209337 -0.0144941 -0.00671729 -0.0119428 -0.0112059 -0.0117218 -0.00779229 -0.0129862 -0.0144516 -0.0145326 -0.01458
internal_weight=0 43637.4 38836.7 37366.3 35561.1 4800.65 15420.7 1470.36 1805.28 482.214 3763.52 5361.25 4188.97 599.766 2394.21 10059.5 1369.32 988.15 3589.21 1037.12 256.245 780.878 1172.28 10046.4 9936.9
internal_count=58756 38669 35169 34629 33530 3500 20087 540 1099 265 3069 4347 4131 135 2240 15740 829 275 3996 431 147 284 216 15739 15722
is_linear=0
shrinkage=0.03


Tree=1
num_leaves=21
num_cat=0
split_feature=8 5 40 15 22 6 5 32 25 10 10 3 22 30 8 10 1 35 37 11
split_gain=2843.58 307.808 185.184 178.416 89.4289 69.5161 46.0463 34.492 32.8478 28.8868 69.5061 24.718 24.0564 12.3914 12.1246 11.6435 9.41536 6.32775 4.7656 2.30442
threshold=1.0000000180025095e-35 43.89366531372071 1.0000000180025095e-35 -3.498293280601501 1.7242037653923037 33.086282730102546 -3.241906881332397 47.187690734863288 -2.1264074945293029e-08 0.02035543974488974 0.018715891987085346 -2.2433577775955196 0.7371276617050172 62.071428298950202 0.085061676800251021 0.19794296473264697 8.0960545539855975 0.15230496972799304 -9.327939033508299 -0.26639559864997858
decision_type=2 2 2 2 2 2 2 2 2 2 2 2 2 2 2 2 2 2 2 2
left_child=8 2 3 6 13 -5 -2 17 9 10 12 -9 -1 14 -3 -15 18 -4 -6 -11
right_child=1 4 7 5 16 -7 -8 11 -10 19 -12 -13 -14 15 -16 -17 -18 -19 -20 -21
leaf_value=0 0.1999999952316284 -0.682860807429716 -1.6465728645127797 0.14815171751702652 -0.12333424981439729 0 0 0.4569242489877946 0 0 1.6996492765105256 -0.73466854225022649 0.00054853474874357988 -0.063296312427520762 -0.025207611819646064 -0.44965245637893675 -2.2678855196716832 -0.22186582201195118 -0.92100005766494863 0
leaf_weight=2579.6368357539177 593.86621356010437 843.90987324714661 641.77054750919342 31402.198246717453 43.901281356811523 4161.422325193882 2349.3166967630386 293.10038959980011 9771.4875444769859 63.891589939594269 104.58303815126419 490.022067964077 77.287586569786072 1890.3104678988457 274.612209379673 437.49244129657745 692.1652467250824 71.903467774391174 618.25646406412125 1656.9590820074081
leaf_count=3520 311 559 193 29203 11 4330 1363 156 15475 28 18 153 29 1797 243 530 145 44 215 433
internal_value=0 0.00173512 0.00259678 0.00299952 -0.00544147 0.00358721 -0.00409606 -0.00775165 -0.0136484 -0.0115027 -0.00958204 -0.00337459 -0.0105302 -0.00286811 -0.00546823 -0.0016114 -0.0119753 -0.0125279 -0.00933922 -0.0145724
internal_weight=0 44804.2 40003.6 38506.8 4800.65 35563.6 2943.18 1496.8 14253.8 4482.36 2761.51 783.122 2656.92 3446.32 1118.52 2327.8 1354.32 713.674 662.158 1720.85
internal_count=58756 39253 35753 35207 3500 33533 1674 546 19503 4028 3567 309 3549 3129 802 2327 371 237 226 461
is_linear=0
shrinkage=0.03


Tree=2
num_leaves=26
num_cat=0
split_feature=39 5 15 40 6 9 14 5 32 25 10 10 9 36 6 32 25 15 11 8 15 6 31 12 12
split_gain=2884.36 265.378 169.538 165.646 66.1183 53.2226 42.3058 33.9724 31.395 29.9888 27.6578 64.2583 23.1055 16.3953 14.8778 7.10877 6.0213 15.3639 3.9004 2.86174 7.87833 3.91664 2.37837 2.35365 2.07868
threshold=1.0000000180025095e-35 43.89366531372071 -3.498293280601501 1.0000000180025095e-35 33.086282730102546 0.14687805622816089 72.859123229980483 -3.241906881332397 36.117258071899421 -2.1264074945293029e-08 0.02035543974488974 0.018715891987085346 0.005773806245997549 0.04093561880290509 210.60344696044925 109.73685455322267 0.016552424989640716 -0.47722999751567835 -0.21354664862155912 1.0000000180025095e-35 -3.3173396587371822 4.5895595550537118 407.91665649414068 0.75071495771408092 0.80654114484786998
decision_type=2 2 2 2 2 2 2 2 2 2 2 2 2 2 2 2 2 2 2 2 2 2 2 2 2
left_child=1 2 5 4 -4 7 13 -1 -5 10 11 12 -2 14 -3 -15 24 -18 -12 -11 21 -21 -22 -7 -8
right_child=9 6 3 8 -6 23 16 -9 -10 19 18 -13 -14 15 -16 -17 17 -19 -20 20 22 -23 -24 -25 -26
leaf_value=0.19376100444527333 0 -0.31028749393630489 0.14454277065917928 -1.353413610765515 0 0 -1.4368448668572398 0 -0.42464383369504871 0 0 1.6489340655895814 0.00053207870628127246 -0.20550093829822538 -1.2192571076173782 0.21538698083716931 -0.13778933589935496 -1.8218205430110459 0 0.094261468092045567 -2.4451078104524973 -0.2817473742611698 -0.71225949900869234 0 -1.5599481904883876
leaf_weight=549.66997283697128 2546.5435493588448 2029.1100703477859 31333.182965815067 484.21013534069061 4149.0293475389481 321.9826922416687 353.4995157122612 2115.1944286227226 796.74397706985474 9770.9180502891541 64.085225224494934 96.832756340503693 63.589244306087494 865.51778614521027 320.91248965263367 445.93490493297577 146.11381864547729 217.68986368179321 1601.7595430016518 24.203502953052521 228.98975968360901 29.328950464725494 49.769593596458435 153.09971976280212 300.18175238370895
leaf_count=312 3491 1736 29105 166 4314 39 117 1393 336 15474 27 17 22 688 219 418 68 94 426 20 55 48 24 18 129
internal_value=0 0.00178726 0.00258011 0.00315183 0.00353477 -0.00410845 -0.0049706 -0.00245118 -0.00744097 -0.0136251 -0.011529 -0.00963731 -0.0105315 -0.0034598 -0.00496038 -0.00075858 -0.0103882 -0.00717486 -0.0145903 -0.0145302 -0.0115184 -0.000670976 -0.0135429 -0.0133607 -0.0121468
internal_weight=0 44582.1 39903.1 36763.2 35482.2 3139.95 4678.96 2664.86 1280.95 14476 4372.81 2706.97 2610.13 3661.48 2350.02 1311.45 1017.48 363.804 1665.84 10103.2 332.292 53.5325 278.759 475.082 653.681
internal_count=58756 39152 35683 33921 33419 1762 3469 1705 502 19604 3983 3530 3513 3061 1955 1106 408 162 453 15621 147 68 79 57 246
is_linear=0
shrinkage=0.03


Tree=3
num_leaves=26
num_cat=0
split_feature=39 5 15 23 22 6 9 5 25 10 10 9 2 12 25 14 36 22 13 12 0 5 32 15 28
split_gain=2868.92 255.587 166.708 84.2958 72.7801 54.6889 53.2226 33.9724 29.9888 27.6578 64.2583 23.1055 11.4107 9.98516 8.18576 8.07029 5.61223 5.53796 3.0314 2.35365 2.32535 1.72468 1.51469 0.887482 0.816825
threshold=1.0000000180025095e-35 43.89366531372071 -3.498293280601501 1.0000000180025095e-35 1.7242037653923037 33.086282730102546 0.14687805622816089 -3.241906881332397 -2.1264074945293029e-08 0.02035543974488974 0.018715891987085346 0.005773806245997549 42.910984039306648 7.8421380519866952 0.0095742219127714651 -69.916957855224595 0.16773887723684314 0.095123045146465315 1.1495800018310549 0.75071495771408092 0.078250002115964903 -23.702405929565426 102.40704345703126 -1.2937155961990354 205.50000000000003
decision_type=2 2 2 2 2 2 2 2 2 2 2 2 2 2 2 2 2 2 2 2 2 2 2 2 2
left_child=1 2 6 22 12 -5 7 -1 9 10 11 -2 13 -3 -14 16 -6 24 -17 -8 -19 -11 -4 -22 -10
right_child=8 4 3 5 15 -7 19 -9 17 21 -12 -13 14 -15 -16 18 -18 20 -20 -21 23 -23 -24 -25 -26
leaf_value=0.18794817431191513 0 -0.20912203435873733 -1.5530954322092565 0.13259336269199179 -0.53843171587946814 0 0 0 -0.10862214241815848 0 1.5994660436218942 0.00051611634509283436 -1.0655021767527264 0.18053578744809592 -0.24316743131121876 -1.5513627944872781 -0.054513548930282388 0 -0.95453184667443136 0 -1.6747432924122587 0 -0.83559959253427929 -2.113847189132517 0.37524882878469185
leaf_weight=549.66997283697128 2546.5435493588448 2962.0616575479507 187.93308591842651 32328.820484638214 214.07351714372635 4149.0293475389481 321.9826922416687 2115.1944286227226 9.6814011335372943 117.36559396982193 96.832756340503693 63.589244306087494 287.75560611486435 47.857318341732025 135.87106376886368 774.02784776687622 66.774861216545105 9901.4301880598068 190.53832960128784 153.09971976280212 61.968844175338745 1548.4791742563248 97.383507668972015 112.19035708904266 17.939066529273987
leaf_count=312 3491 2819 33 29557 80 4314 39 1393 16 34 17 22 181 13 103 206 21 15540 46 18 19 419 17 21 25
internal_value=0 0.00174597 0.00252405 0.00309099 -0.00488604 0.00321844 -0.00410845 -0.00245118 -0.0136251 -0.011529 -0.00963731 -0.0105315 -0.00262614 -0.00196975 -0.00724667 -0.0111009 -0.00649378 -0.0145302 -0.0124227 -0.0133607 -0.0145671 -0.0145903 -0.013128 -0.0107139 -0.000529808
internal_weight=0 44582.1 39903.1 36763.2 4678.96 36477.8 3139.95 2664.86 14476 4372.81 2706.97 2610.13 3433.55 3009.92 423.627 1245.41 280.848 10103.2 964.566 475.082 10075.6 1665.84 285.317 174.159 27.6205
internal_count=58756 39152 35683 33921 3469 33871 1762 1705 19604 3983 3530 3513 3116 2832 284 353 101 15621 252 57 15580 453 50 40 41
is_linear=0
shrinkage=0.03


Tree=4
num_leaves=26
num_cat=0
split_feature=39 5 15 9 1 22 15 5 25 10 10 9 24 14 25 11 3 31 22 11 2 0 31 10 31
split_gain=2856.47 246.998 158.215 53.2226 51.5261 51.1716 50.9655 33.9724 29.9545 27.6578 64.2583 23.1055 16.2493 9.7507 8.39515 13.4914 12.9659 6.53493 5.53656 3.9004 2.71343 2.47346 3.19188 1.85624 0.989039
threshold=1.0000000180025095e-35 58.134807586669929 -3.498293280601501 0.14687805622816089 9.1947102546691912 1.7242037653923037 -0.99357706308364857 -3.241906881332397 -2.1264074945293029e-08 0.02035543974488974 0.018715891987085346 0.005773806245997549 -0.0067419749684631816 -69.916957855224595 0.004940940998494626 1.2333317995071413 22.020792007446293 163.78333282470706 0.095123045146465315 -0.21354664862155912 -18.615079879760739 0.078250002115964903 81.616664886474624 0.19794296473264697 192.98332977294925
decision_type=2 2 2 2 2 2 2 2 2 2 2 2 2 2 2 2 2 2 2 2 2 2 2 2 2
left_child=1 2 3 7 6 14 -4 -1 9 10 11 -2 -6 17 16 -16 -3 -7 24 -11 -15 -20 -23 -5 -10
right_child=8 5 4 23 12 13 -8 -9 18 19 -12 -13 -14 20 15 -17 -18 -19 21 -21 -22 22 -24 -25 -26
leaf_value=0.18230972908255766 0 -0.18971381236401774 0.17399912079178512 0 0.14257147440125889 -0.8270064603007572 0.053892122594618272 0 -0.18480901863444718 0 1.5514820623132373 0.00050063285474004934 -0.10948905229568481 -0.92504682515992409 -0.36404511202554651 0.011783965922009459 -0.96881807135248388 -0.081582321634699251 0 0 -1.6647672572916268 -2.1933629454675247 -1.268907626061029 0 0.36399136392115106
leaf_weight=549.66997283697128 2546.5435493588448 227.77996164560318 20852.370733976364 302.3855185508728 615.64812356233597 113.18974447250366 14189.188368976116 2115.1944286227226 10.250895321369173 64.085225224494934 96.832756340503693 63.589244306087494 2331.0686179995537 115.2463287115097 835.19557732343674 901.76046001911163 372.04648780822754 142.11922883987427 9901.4301880598068 1601.7595430016518 746.51299393177032 88.266111612319946 85.893089652061462 172.69689345359802 17.369572341442108
leaf_count=312 3491 153 16503 35 298 42 16526 1393 17 27 17 22 1787 37 647 915 234 51 15540 426 197 16 24 22 24
internal_value=0 0.00171374 0.00236111 -0.00410845 0.0028963 -0.00599008 0.00321679 -0.00245118 -0.0136239 -0.011529 -0.00963731 -0.0105315 -0.000909662 -0.0112762 -0.0034548 -0.00238327 -0.00652814 -0.00599786 -0.0145285 -0.0145903 -0.0128183 -0.0145654 -0.0106161 -0.0133607 -0.000529808
internal_weight=0 44582.1 41128.2 3139.95 37988.3 3453.85 35041.6 2664.86 14476 4372.81 2706.97 2610.13 2946.72 1117.07 2336.78 1736.96 599.826 255.309 10103.2 1665.84 861.759 10075.6 174.159 475.082 27.6205
internal_count=58756 39152 36876 1762 35114 2276 33029 1705 19604 3983 3530 3513 2085 327 1949 1562 387 93 15621 453 234 15580 40 57 41
is_linear=0
shrinkage=0.03


Tree=5
num_leaves=26
num_cat=0
split_feature=39 6 0 40 6 3 29 9 11 10 13 30 15 25 10 10 12 30 12 21 12 12 22 29 0
split_gain=2838.41 219.075 167.352 138.632 61.1261 53.4096 37.8276 37.2671 31.8434 29.0796 23.1963 22.7198 21.0927 14.2443 15.9902 17.8207 12.2848 12.1642 10.4713 13.7117 5.86602 6.80309 5.20576 3.97488 2.09805
threshold=1.0000000180025095e-35 44.443365097045906 0.03024999983608723 1.0000000180025095e-35 210.60344696044925 25.809330940246586 110.50000000000001 0.14687805622816089 -0.18771857768297193 0.0033321961527690296 0.98042279481887828 185.78571319580081 -1.1607540249824522 -2.1264074945293029e-08 0.02035543974488974 0.018715891987085346 0.71422952413558971 125.46428680419923 0.77175492048263561 0.60658767819404613 0.88096702098846447 0.97580900788307201 0.065323900431394591 95.500000000000014 0.03024999983608723
decision_type=2 2 2 2 2 2 2 2 2 2 2 2 2 2 2 2 2 2 2 2 2 2 2 2 2
left_child=1 2 7 5 10 -4 -5 9 16 -1 11 -3 -12 14 15 -10 17 -2 -6 -20 -18 -22 -15 -9 -24
right_child=8 4 3 6 18 -7 -8 23 13 -11 12 -13 -14 22 -16 -17 20 -19 19 -21 21 -23 24 -25 -26
leaf_value=0 0 -0.19122904036045074 0.13361243891861077 -1.2112763459164968 -2.1876990831802106 -0.30162391922066356 0.039924162335898974 -0.0069157570467761218 0 0 -0.58501090277123458 0.10298469016842764 -0.060002744611826288 0.0082352519245862069 0 1.2978093198797331 0 0.55412120251879105 -1.1831470006278935 -0.66182082376651952 0.00048561386909784781 0 0 0 -1.6028978215718273
leaf_weight=754.3643359541893 53.949930369853973 2221.4487406015396 32956.912685453892 760.86967015266418 365.20807468891144 1189.5820931196213 402.8117156624794 142.2827844619751 2233.8787143230438 1746.0518772006035 806.80761283636093 1452.7778584361076 418.78873825073242 21.071284592151642 1491.7829087376595 27.381196260452271 165.10668611526489 125.6196191906929 275.14558464288712 395.28876161575317 45.015258014202118 174.55003637075424 9914.9793169498444 333.05907893180847 157.10131686925888
leaf_count=1088 24 1970 31049 243 80 885 223 16 3190 567 572 1637 331 31 417 8 139 28 191 267 29 136 15577 40 66
internal_value=0 0.00171727 0.00254891 0.00312495 -0.0036443 0.00347229 -0.0070514 -0.00428078 -0.0136133 -0.00280784 -0.00224019 -0.00104272 -0.00581596 -0.0138991 -0.0122884 -0.010668 -0.00656832 -4.13036e-06 -0.0102687 -0.00798104 -0.00958964 -0.00622917 -0.0144959 -0.0119862 -0.0145271
internal_weight=0 44221.4 38285.9 35310.2 5935.47 34146.5 1163.68 2975.76 14410.4 2500.42 4899.82 3674.23 1225.6 13846.2 3753.04 2261.26 564.242 179.57 1035.64 670.434 384.672 219.565 10093.2 475.342 10072.1
internal_count=58804 39159 34111 32400 5048 31934 466 1711 19645 1655 4510 3607 903 19289 3615 3198 356 52 538 458 304 165 15674 56 15643
is_linear=0
shrinkage=0.03


Tree=6
num_leaves=28
num_cat=0
split_feature=39 5 0 40 6 22 29 11 8 10 14 25 10 10 2 12 13 33 6 25 12 12 22 25 0 29 22
split_gain=2831.36 222.922 135.08 125.227 85.7052 55.9838 35.5547 30.3443 26.3272 28.7266 15.4135 14.2216 15.9902 17.8207 12.2074 10.9205 8.59655 8.3545 7.65275 6.30538 5.86602 6.80309 5.20458 4.88422 2.24806 1.89981 0.111159
threshold=1.0000000180025095e-35 50.020000457763679 0.03024999983608723 1.0000000180025095e-35 33.086282730102546 1.7242037653923037 110.50000000000001 -0.18771857768297193 0.18821875005960467 0.0033321961527690296 -69.916957855224595 -2.1264074945293029e-08 0.02035543974488974 0.018715891987085346 42.910984039306648 0.71422952413558971 0.93915200233459484 109.67576980590822 210.60344696044925 0.0095742219127714651 0.88096702098846447 0.97580900788307201 0.065323900431394591 0.064867377281188979 0.03024999983608723 263.50000000000006 0.29206603765487676
decision_type=2 2 2 2 2 2 2 2 2 2 2 2 2 2 2 2 2 2 2 2 2 2 2 2 2 2 2
left_child=1 2 8 4 -4 14 -5 15 9 -1 18 12 13 -9 16 17 -3 26 -7 -16 -17 -22 -13 -12 -24 -10 -2
right_child=7 5 3 6 -6 10 -8 11 25 -11 23 22 -14 -15 19 20 -18 -19 -20 -21 21 -23 24 -25 -26 -27 -28
leaf_value=0 0 -0.073707300804784548 0.13301193559334545 -1.1749380555390019 -0.043319255557104724 -0.087928697894395905 0.038726437465822001 0 0 0 -1.6056500282275394 0.0079881943668486215 0 1.2588750402833411 -1.0717949861000133 0 -0.2865558002681966 1.1549510624419599 -0.88617500110783165 -0.44897162493210441 0.00047104545302491236 0 0 -1.1746835947336056 -1.5548108869246722 0 0
leaf_weight=754.3643359541893 47.659399032592773 1406.21998244524 31495.547608375549 760.86967015266418 4593.8706977963448 166.84940600395203 402.8117156624794 2233.8787143230438 121.79914712905884 1878.2877494096756 722.31129217147827 21.071284592151642 1491.7829087376595 27.381196260452271 270.32807314395905 165.10668611526489 1064.0824409723282 87.869423687458038 123.36816203594208 129.73010367155075 45.015258014202118 174.55003637075424 9914.9793169498444 121.53058481216431 157.10131686925888 209.42864227294922 44.040726840496063
leaf_count=1088 17 1296 29386 243 4764 54 223 3190 15 585 186 31 417 8 164 139 937 22 50 99 29 136 15577 45 66 24 13
internal_value=0 0.00169273 0.00236511 0.00285577 0.00316841 -0.00505586 -0.00682463 -0.0136188 -0.00379627 -0.00278462 -0.0107025 -0.0138979 -0.0122884 -0.010668 -0.0028182 -0.00673865 -0.00202173 -0.000538321 -0.00464616 -0.0076902 -0.00958964 -0.00622917 -0.0144942 -0.0127637 -0.0145254 -0.0117755 -0.00693016
internal_weight=0 44221.4 40217 37253.1 36089.4 4004.42 1163.68 14410.4 2963.88 2632.65 1134.06 13846.2 3753.04 2261.26 2870.36 564.242 2470.3 179.57 290.218 400.058 384.672 219.565 10093.2 843.842 10072.1 331.228 91.7001
internal_count=58804 39159 36328 34616 34150 2831 466 19645 1712 1673 335 19289 3615 3198 2496 356 2233 52 104 263 304 165 15674 231 15643 39 30
is_linear=0
shrinkage=0.03


Tree=7
num_leaves=27
num_cat=0
split_feature=8 5 15 23 22 5 9 10 25 10 10 9 14 30 8 31 26 29 25 28 4 11 28 33 33 31
split_gain=2769.45 239.124 99.86 56.2362 55.6028 48.0909 36.9563 32.4717 31.9134 22.9861 59.3324 19.4786 18.3771 14.128 13.6595 13.4633 8.95223 7.73238 5.60257 4.34758 3.03039 3.04693 0.488635 0.473153 1.95428 0.447727
threshold=1.0000000180025095e-35 58.134807586669929 -3.498293280601501 1.0000000180025095e-35 1.7242037653923037 29.815089225769047 0.16588866710662845 0.0033321961527690296 -2.1264074945293029e-08 0.02035543974488974 0.018715891987085346 0.005773806245997549 -69.916957855224595 87.928569793701186 0.085061676800251021 124.61666488647462 -0.0053448223043233148 122.50000000000001 0.064867377281188979 165.50000000000003 -38.491983413696282 -0.21354664862155912 359.50000000000006 301.64356994628912 191.83596801757815 39.583332061767585
decision_type=2 2 2 2 2 2 2 2 2 2 2 2 2 2 2 2 2 2 2 2 2 2 2 2 2 2
left_child=8 2 6 19 13 -5 7 -2 9 10 11 -1 16 14 -3 -15 -6 -8 -14 -4 -11 -22 25 24 -24 -10
right_child=1 4 3 5 12 -7 17 -9 22 20 -12 -13 18 15 -16 -17 -18 -19 -20 -21 21 -23 23 -25 -26 -27
leaf_value=0 0 -0.9141636686992074 -1.5096125062313432 0.11266250052230238 -1.0985302645447206 -0.035856089682952001 0 0.00054853474874357988 0 0 1.5283135257540503 0.00045691408943416499 -1.77464249597614 0.68004551787323397 0.0059853275252134373 -0.25431670661993644 -0.092634841603430496 0 -1.1394430868915972 -0.76722446195839722 0 0 0 0 0 0
leaf_weight=2536.6171098351479 745.41797655820847 661.74201840162277 153.76343393325806 34137.415607392788 71.447638034820557 3501.5406864285469 111.74110794067383 1793.9904414415359 1577.7836458086967 55.217979907989502 90.522439122200012 85.915024697780609 796.66944575309753 348.50634121894836 232.08710777759552 1125.0131883025169 210.26371467113495 309.91175007820129 121.53058481216431 88.271600723266602 58.119430541992188 1571.396001636982 332.58460694551468 530.48383724689484 353.65589064359665 7030.2272699475288
leaf_count=3494 1091 421 27 31673 26 3539 13 574 2722 7 18 33 198 230 191 1093 75 37 45 15 28 426 484 821 505 11018
internal_value=0 0.00158517 0.00223605 0.00265101 -0.00586187 0.00274408 -0.00306702 -0.00169332 -0.0136255 -0.0114816 -0.00975099 -0.0105791 -0.0111266 -0.00318528 -0.0061647 -0.00136633 -0.00433408 -0.0112928 -0.0131908 -0.0117373 -0.0142559 -0.0144997 -0.014583 -0.0137393 -0.0129521 -0.0146997
internal_weight=0 44409.3 40842.1 37881 3567.26 37639 2961.06 2539.41 14222.5 4397.79 2713.05 2622.53 1199.91 2367.35 893.829 1473.52 281.711 421.653 918.2 242.035 1684.73 1629.52 9824.74 1216.72 686.24 8608.01
internal_count=58804 39248 36969 35254 2279 35212 1715 1665 19556 4006 3545 3527 344 1935 612 1323 101 50 243 42 461 454 15550 1810 989 13740
is_linear=0
shrinkage=0.03


Tree=8
num_leaves=30
num_cat=0
split_feature=39 5 0 40 6 2 3 25 8 10 10 10 6 9 28 21 32 33 8 15 30 4 29 32 12 5 28 33 30
split_gain=2787.1 207.386 128.84 109.138 77.1506 48.07 30.9105 28.5437 26.3272 28.7266 24.5584 59.4022 17.61 16.8082 16.015 11.1191 5.31431 10.7068 2.42373 5.69191 2.75228 1.97195 1.89981 1.44843 1.2847 2.12046 0.489531 0.472198 0.171465
threshold=1.0000000180025095e-35 50.020000457763679 0.03024999983608723 1.0000000180025095e-35 33.086282730102546 42.910984039306648 -1.8914358615875242 -2.1264074945293029e-08 0.18821875005960467 0.0033321961527690296 0.02035543974488974 0.018715891987085346 210.60344696044925 0.005773806245997549 265.50000000000006 0.60658767819404613 51.450490951538093 68.71527481079103 1.0000000180025095e-35 -3.4037288427352901 802.64285278320324 58.655569076538093 263.50000000000006 109.73685455322267 1.4937903881073 -10.123531818389891 359.50000000000006 301.64356994628912 37.464284896850593
decision_type=2 2 2 2 2 2 2 2 2 2 2 2 2 2 2 2 2 2 2 2 2 2 2 2 2 2 2 2 2
left_child=1 2 8 4 -4 12 -5 10 9 -1 11 13 14 -2 -3 -14 21 -18 26 23 -21 -7 -10 -20 -12 -26 28 -28 -9
right_child=7 5 3 6 -6 16 -8 18 22 -11 24 -13 15 -15 -16 -17 17 -19 19 20 -22 -23 -24 -25 25 -27 27 -29 -30
leaf_value=0 0 -0.29552221691266356 0.12571070511173585 -0.0021614453382430908 -0.043156480410846979 -0.8646287311127635 -1.2388054345493043 0 0 0 0 1.482464119981429 -1.0168289111714772 0.00044320666675114006 0.09583566712002338 -0.46728143862108479 -0.08398508928461465 -1.0959895257117325 0.2744579568159155 -2.1440616574493405 -0.43251898240691394 -1.9652884898361722 0 -0.20412077257528413 0 0 0 0 0
leaf_weight=754.3643359541893 2509.2785975933075 1923.3086729645729 31495.547608375549 462.31554365158081 4593.8706977963448 90.754287838935852 701.36584216356277 1727.2758702039719 121.79914712905884 1878.2877494096756 1481.2880475521088 90.522439122200012 242.10059624910355 71.162716329097748 691.92487865686417 269.94549119472504 74.240363299846649 307.26343631744385 22.210273146629333 213.55589479207993 41.868659377098083 404.88231873512268 209.42864227294922 15.945837259292601 53.109093725681305 87.328952491283417 686.24049758911133 529.91434305906296 6880.7350455522537
leaf_count=1088 3461 1459 29386 249 4764 55 217 2986 15 585 405 18 141 25 682 177 33 162 25 78 19 122 24 17 19 29 989 820 10754
internal_value=0 0.00157258 0.00222112 0.00270032 0.00299221 -0.00493658 -0.00633651 -0.0136188 -0.00379627 -0.00278462 -0.0115477 -0.00975844 -0.0031881 -0.0106003 -0.00218327 -0.00828377 -0.011148 -0.00835696 -0.0144954 -0.0114958 -0.0131096 -0.0132555 -0.0117755 -0.000274918 -0.0144815 -0.0111537 -0.014583 -0.0137387 -0.0146997
internal_weight=0 44221.4 40217 37253.1 36089.4 4004.42 1163.68 14410.4 2963.88 2632.65 4292.69 2670.96 3127.28 2580.44 2615.23 512.046 877.14 381.504 10117.7 293.581 255.425 495.637 331.228 38.1561 1621.73 140.438 9824.17 1216.15 8608.01
internal_count=58804 39159 36328 34616 34150 2831 466 19645 1712 1673 3957 3504 2459 3486 2141 318 372 195 15688 139 97 177 39 42 453 48 15549 1809 13740
is_linear=0
shrinkage=0.03


Tree=9
num_leaves=29
num_cat=0
split_feature=39 6 0 6 4 23 11 8 10 1 1 13 26 30 33 33 12 21 10 10 24 36 24 30 10 36 11 32
split_gain=2760.87 184.158 133.711 60.1873 52.1571 44.4871 30.3432 27.357 28.5424 22.5719 20.9781 16.9478 13.8428 11.1707 22.4172 14.2991 10.2347 14.7413 9.71534 18.4376 6.86085 5.34586 4.03462 2.91014 21.0405 1.27098 1.14264 0.135425
threshold=1.0000000180025095e-35 44.443365097045906 0.03024999983608723 210.60344696044925 20.713129043579105 1.0000000180025095e-35 -0.18771857768297193 0.18821875005960467 0.0033321961527690296 28.697666168212894 28.697666168212894 0.98042279481887828 5.886056345019015e-13 109.07143020629884 137.56365966796878 102.31404495239259 0.75071495771408092 0.60658767819404613 0.02035543974488974 0.018715891987085346 0.011524033732712271 -0.94168496131896962 0.00012481791054597127 703.14285278320324 0.0066437360364943751 0.66752737760543834 -0.36424794793128962 287.76985168457037
decision_type=2 2 2 2 2 2 2 2 2 2 2 2 2 2 2 2 2 2 2 2 2 2 2 2 2 2 2 2
left_child=1 2 7 10 5 -4 13 8 -1 -6 11 -3 23 21 15 -15 -5 -18 19 -14 -12 -2 -9 27 -25 -16 -23 -8
right_child=6 3 4 16 9 -7 12 22 -10 -11 20 -13 18 14 25 -17 17 -19 -20 -21 -22 26 -24 24 -26 -27 -28 -29
leaf_value=0 0.19997129545196474 -0.036688255832536695 -1.1462711955786207 -2.0722011279320234 -0.0077040891634955772 0.11703261515955564 0 0 0 -1.155060103170668 -0.80507794309409453 -0.27213058122932804 0 0 0 0.93589014500849499 -1.0395277103072473 -0.64070584165409539 0 1.1160764956836755 -0.60867075302866469 0 0 0 0.47450649873375778 0 0 0
leaf_weight=754.3643359541893 25.021869719028473 3445.2605619430542 242.60452884435654 332.31036388874054 2857.582159280777 32008.801870584488 8992.7574396729469 151.00897884368896 1881.4397577643394 201.18760567903519 285.5611988902092 1071.1405409574509 2836.9424460530281 103.17939084768295 99.187606930732727 80.640147507190704 286.71247202157974 416.61958503723145 1146.239930331707 27.950690448284149 97.860648334026337 37.957139670848846 188.94500398635864 494.03620892763138 35.900459229946136 32.105131506919861 186.15024387836456 312.36756306886673
leaf_count=1088 22 3482 43 68 2552 29706 13457 18 583 99 135 820 4272 38 85 23 194 276 372 9 73 36 22 739 10 26 126 430
internal_value=0 0.00150104 0.00226355 -0.00341466 0.00277848 0.00313367 -0.0136187 -0.00384099 -0.00279922 -0.000961572 -0.00202145 -0.001445 -0.0138977 -0.00673865 -0.00291383 0.00378469 -0.00998761 -0.00788005 -0.0123806 -0.0114178 -0.00876172 -0.0115009 -0.0118582 -0.0145143 -0.012138 -0.0123848 -0.0129727 -0.0146473
internal_weight=0 44221.4 38285.9 5935.47 35310.2 32251.4 14410.4 2975.76 2635.8 3058.77 4899.82 4516.4 13846.2 564.242 315.112 183.82 1035.64 703.332 4011.13 2864.89 383.422 249.129 339.954 9835.06 529.937 131.293 224.107 9305.13
internal_count=58804 39159 34111 5048 32400 29749 19645 1711 1671 2651 4510 4302 19289 356 172 61 538 470 4653 4281 208 184 40 14636 749 111 162 13887
is_linear=0
shrinkage=0.03


Tree=10
num_leaves=27
num_cat=0
split_feature=39 5 0 40 6 9 22 32 10 24 10 10 9 14 26 32 10 32 0 30 0 29 22 15 11 31
split_gain=2674.66 172.529 100.1 114.81 80.1382 32.576 31.8872 30.8609 25.8453 25.7114 23.0581 55.067 15.5308 15.3851 14.8406 10.7115 10.4243 9.76916 8.82106 6.74032 5.30049 4.79083 3.77423 3.52396 2.84142 0.405699
threshold=1.0000000180025095e-35 58.134807586669929 0.03024999983608723 1.0000000180025095e-35 33.086282730102546 0.16588866710662845 1.7242037653923037 47.187690734863288 0.0033321961527690296 -8.2161766279398297e-10 0.02035543974488974 0.018715891987085346 0.005773806245997549 -69.916957855224595 -0.0053448223043233148 45.062343597412116 0.25102302432060247 24.815340995788578 0.03024999983608723 351.21427917480474 0.37425000965595251 263.50000000000006 0.065323900431394591 -1.7245692014694212 -0.21354664862155912 39.583332061767585
decision_type=2 2 2 2 2 2 2 2 2 2 2 2 2 2 2 2 2 2 2 2 2 2 2 2 2 2
left_child=1 2 5 4 -4 8 15 -5 -1 10 11 12 -2 14 -8 17 -17 -3 22 23 -15 -7 -11 -20 -12 -24
right_child=9 6 3 7 -6 21 13 -9 -10 18 24 -13 -14 20 -16 16 -18 -19 19 -21 -22 -23 25 -25 -26 -27
leaf_value=0 0 -0.43333925198969769 0.10878493238171776 -1.1493386888237911 -0.070354500049777544 0 -1.1063115547710936 -0.34643700162705449 0 -0.10917417339106619 0 1.3264234499393082 0.00040577848373824871 -1.5396835062823442 -0.00098431425073205276 -0.07680946854802545 -0.78788488845340099 -0.87043134840819214 -0.49537925298006269 -0.23942339295934223 -0.86609347103712009 0 0 -1.8125849178376288 0 0
leaf_weight=750.10028398036957 2782.5829599499702 530.2052817940712 31230.776409387589 555.56969732046127 4954.9903532266617 112.94538521766663 74.903320789337158 658.52352857589722 1694.5899137854576 18.223813712596893 54.887442708015442 81.341639816761017 65.316197037696838 604.38216418027878 206.22258746623993 1310.4717195630074 178.10375595092773 238.43271481990814 51.261947691440582 51.456958651542664 206.60495358705521 226.88102912902832 1451.0123233795166 107.56321048736572 1629.0442959666252 8102.9968034029007
leaf_count=1060 3962 370 29249 207 5271 16 26 263 558 27 26 15 22 142 73 1105 164 230 30 23 86 26 2508 22 413 12452
internal_value=0 0.00132196 0.0018675 0.00227631 0.0025811 -0.00361741 -0.00521804 -0.00679293 -0.00239866 -0.0135944 -0.0117269 -0.0100981 -0.0107969 -0.00943238 -0.00330192 -0.00317073 -0.00167077 -0.00605314 -0.0144729 -0.00819733 -0.0115357 -0.0123245 -0.0146088 -0.0112547 -0.0145475 -0.0146348
internal_weight=0 43533.7 40184.4 37399.9 36185.8 2784.52 3349.33 1214.09 2444.69 14395.7 4613.17 2929.24 2847.9 1092.11 281.126 2257.21 1488.58 768.638 9782.52 210.282 810.987 339.826 9572.23 158.825 1683.93 9554.01
internal_count=58346 38846 36650 34990 34520 1660 2196 470 1618 19500 4438 3999 3984 327 99 1869 1269 600 15062 75 228 42 14987 52 439 14960
is_linear=0
shrinkage=0.03


Tree=11
num_leaves=28
num_cat=0
split_feature=39 5 0 40 1 9 22 32 25 9 25 24 29 31 24 15 12 0 31 33 29 11 12 22 15 34 31
split_gain=2659.04 168.283 98.2699 105.159 45.9664 32.576 31.6755 28.0897 27.9631 25.3172 20.9033 22.1395 18.6736 14.0383 18.8165 12.8689 12.8381 8.65819 6.76842 5.54633 4.79083 3.73048 4.02442 3.57724 2.90001 1.17557 0.246749
threshold=1.0000000180025095e-35 58.134807586669929 0.03024999983608723 1.0000000180025095e-35 -3.421757578849792 0.16588866710662845 2.9450031518936162 36.117258071899421 -2.1264074945293029e-08 0.0035672117955982689 -0.0015133465058170257 -0.00108265207381919 149.50000000000003 98.083332061767592 0.032810242846608169 -1.9224392771720884 0.94819220900535595 0.03024999983608723 373.11666870117193 263.34991455078131 263.50000000000006 -0.29801544547080988 1.4937903881073 0.065323900431394591 -1.6646872162818906 -0.66610887646675099 39.583332061767585
decision_type=2 2 2 2 2 2 2 2 2 2 2 2 2 2 2 2 2 2 2 2 2 2 2 2 2 2 2
left_child=1 2 5 4 -4 9 13 -5 10 -1 21 12 -12 14 -3 -8 -15 23 24 -13 -7 22 -2 -10 -19 -17 -25
right_child=8 6 3 7 -6 20 15 -9 17 -11 11 19 -14 16 -16 25 -18 18 -20 -21 -22 -23 -24 26 -26 -27 -28
leaf_value=0 0 -0.88313079038268338 0.19814572997184388 -1.1492430752924292 0.06907175495892609 0 -0.62469364554424645 -0.41989137306371066 -0.10864429949373791 -6.1170007004055036e-05 0 0 0.9549778427228689 -0.26524569824688793 -0.11812727087002581 -2.0775868282193821 0.085680621161247722 -0.48051787539066076 -0.23224069117056198 0 0 0 0 0 -1.8019393868007276 -1.7882508539605175 0
leaf_weight=990.91288977861404 45.947601675987244 769.41561210155487 8242.970900118351 461.25937956571579 27942.795862495899 112.94538521766663 93.666877746582031 752.8338463306427 15.66108989715576 1453.7773079872131 112.85654670000076 2055.2625355124474 115.19884514808655 839.32421612739563 406.87152415513992 102.91436183452606 792.70395916700363 52.86160272359848 51.456958651542664 576.68372011184692 226.88102912902832 1399.7629569768906 47.041328191757202 1508.5901018977165 101.86826848983765 344.42994701862335 8312.4960368275642
leaf_count=1145 22 414 6434 159 28086 16 22 311 23 473 28 2716 25 600 314 20 755 29 23 818 26 335 30 2610 21 71 12820
internal_value=0 0.00127836 0.00181714 0.0022222 0.00251391 -0.00361741 -0.00518067 -0.00645727 -0.0135944 -0.00239866 -0.0115648 -0.0100417 -0.000999707 -0.00389084 -0.00639486 -0.0118386 -0.00207546 -0.014472 -0.00818653 -0.0108191 -0.0123245 -0.0144686 -0.0082036 -0.0146018 -0.011321 -0.0139581 -0.0146246
internal_weight=0 43533.7 40184.4 37399.9 36185.8 2784.52 3349.33 1214.09 14395.7 2444.69 4352.75 2860 228.055 2808.32 1176.29 541.011 1632.03 10042.9 206.187 2631.95 339.826 1492.75 92.9889 9836.75 154.73 447.344 9821.09
internal_count=58346 38846 36650 34990 34520 1660 2196 470 19500 1618 3974 3587 53 2083 728 113 1355 15526 73 3534 42 387 52 15453 50 91 15430
is_linear=0
shrinkage=0.03


Tree=12
num_leaves=24
num_cat=0
split_feature=8 5 15 6 4 23 9 22 6 25 10 10 14 30 26 30 8 10 25 11 29 31 26
split_gain=2585.37 186.481 69.9371 62.0422 53.0932 50.0395 49.4749 39.7507 29.4027 29.1206 24.4416 54.0977 17.1901 16.2075 14.8406 9.60873 15.3511 10.753 5.81451 2.06996 0.411171 0.247415 1.19925
threshold=1.0000000180025095e-35 58.134807586669929 -3.498293280601501 33.086282730102546 -27.964778900146481 38.096015930175788 0.16588866710662845 1.7242037653923037 -1.0000000180025095e-35 -2.1264074945293029e-08 0.02035543974488974 0.018715891987085346 -69.916957855224595 69.357143402099624 -0.0053448223043233148 87.928569793701186 0.085061676800251021 0.25102302432060247 0.064867377281188979 -0.18771857768297193 302.50000000000006 39.583332061767585 5.886056345019015e-13
decision_type=2 2 2 2 2 2 2 2 2 2 2 2 2 2 2 2 2 2 2 2 2 2 2
left_child=4 2 6 5 -1 -4 8 15 -2 10 11 -6 14 -5 -9 16 -3 -17 -14 -12 -8 22 -11
right_child=1 7 3 13 9 -7 20 12 -10 21 19 -13 18 -15 -16 17 -18 -19 -20 -21 -22 -23 -24
leaf_value=1.835100210121651e-06 0.26806481196560661 -0.75019618957632905 -0.012842903953986181 -0.20663370080354435 0 0.10344923176149844 0 -1.0651648371805542 0 0 0 1.2540287354395769 -1.5098728467615976 0.014274403515041313 0.011791348264174547 -0.084474659681188002 0.13235158692753779 -0.71686082647576932 -1.1384653190394307 0 0 0 0
leaf_weight=107.41247886419296 524.59832811355591 632.43168365955353 4823.4824021458626 1676.0658518075943 2614.5886650681496 27683.347135305405 107.25044322013855 74.903320789337158 1916.919186770916 1349.1317300200462 169.9615033864975 81.341639816761017 785.97954297065735 3307.5048197507858 206.22258746623993 1238.3386268019676 230.11151963472366 167.08030098676682 138.2085953950882 1523.0256442427635 218.15483570098877 8197.2884429097176 156.04140675067902
leaf_count=20 327 403 4247 1437 3553 25523 15 26 1258 2342 41 15 198 3867 73 1092 192 195 50 399 25 12786 262
internal_value=0 0.00119573 0.00177146 0.00211139 -0.0135376 0.00258936 -0.00282858 -0.00547232 -0.00135595 -0.0136982 -0.0116496 -0.00985414 -0.00987958 -0.00100325 -0.00330192 -0.00312179 -0.00562038 -0.00157622 -0.0118613 -0.0144962 -0.0138127 -0.0146227 -0.0139638
internal_weight=0 43730.6 40257.3 37490.4 14198.8 32506.8 2766.92 3473.28 2441.52 14091.4 4388.92 2695.93 1205.31 4983.57 281.126 2267.96 862.543 1405.42 924.188 1692.99 325.405 9702.46 1505.17
internal_count=58346 38928 36699 35074 19418 29770 1625 2229 1585 19398 4008 3568 347 5304 99 1882 595 1287 248 440 40 15390 2604
is_linear=0
shrinkage=0.03


Tree=13
num_leaves=28
num_cat=0
split_feature=39 5 40 0 6 9 32 22 24 10 10 23 14 26 32 33 32 0 9 18 30 0 15 22 12 5 32
split_gain=2658.02 160.409 80.3181 83.2623 71.6742 38.9032 33.841 31.5592 23.7899 23.0688 55.5227 18.5494 14.4872 14.8406 10.5846 10.2778 9.56557 9.06083 8.67643 7.68664 6.62474 4.68886 3.79235 3.77423 1.29297 3.22208 0.399761
threshold=1.0000000180025095e-35 58.134807586669929 1.0000000180025095e-35 0.03024999983608723 33.086282730102546 0.16588866710662845 36.117258071899421 1.7242037653923037 -8.2161766279398297e-10 0.02035543974488974 0.018715891987085346 59.092180252075202 -69.916957855224595 -0.0053448223043233148 45.062343597412116 68.71527481079103 24.815340995788578 0.03024999983608723 0.0098522468470037001 -0.26453952491283411 351.21427917480474 0.37425000965595251 -1.7245692014694212 0.065323900431394591 1.4937903881073 -10.123531818389891 14.417820930480959
decision_type=2 2 2 2 2 2 2 2 2 2 2 2 2 2 2 2 2 2 2 2 2 2 2 2 2 2 2
left_child=1 2 3 5 -5 -1 19 14 9 10 18 -8 13 -9 16 -16 -3 23 -2 -4 22 -14 -19 -10 -11 -26 -25
right_child=8 7 6 4 -6 -7 11 12 17 24 -12 -13 21 -15 15 -17 -18 20 -20 -21 -22 -23 -24 26 25 -27 -28
leaf_value=0 0 -0.38974422444420714 -0.69717084693503784 0.10014714140080108 -0.068610796174767827 0 -0.013722348411886022 -1.0332098920651376 -0.10848844746177073 0 1.2164078733763894 -1.7531336142696761 -1.4663913976801159 0.011437607816249312 0.44840724747592997 -0.25921761734699755 -0.82801158980860878 -0.46920581608178591 -0.59279672828009478 -1.213593530782868 -0.22837694738829006 -0.78186810920131899 -1.6879324082899327 0 0 0 0
leaf_weight=2372.1274455189705 2799.5739348530769 530.2052817940712 93.973123669624329 31230.776409387589 4954.9903532266617 336.40382766723633 735.850042283535 74.903320789337158 18.223813712596893 1560.1783975362778 81.341639816761017 89.886283218860626 604.38216418027878 206.22258746623993 358.58955526351929 1129.9859202504158 238.43271481990814 51.261947691440582 48.325222134590149 370.36911565065384 51.456958651542664 206.60495358705521 107.56321048736572 311.51332038640976 43.932257831096649 79.821083307266235 9242.4958063960075
leaf_count=1601 3969 370 43 29249 5271 41 300 26 27 394 15 28 142 73 289 980 230 30 15 117 23 86 22 508 21 24 14452
internal_value=0 0.00124447 0.00177051 0.00201508 0.00239507 -0.00305554 -0.00558939 -0.00506161 -0.0136254 -0.0118274 -0.0101981 -0.00192161 -0.00925394 -0.00330192 -0.00302499 -0.0015342 -0.00588973 -0.0144712 -0.0108997 -0.0120704 -0.00811628 -0.0112954 -0.0111474 -0.0146088 -0.0146489 -0.0110652 -0.0146348
internal_weight=0 43533.7 40184.4 38894.3 36185.8 2708.53 1290.08 3349.33 14395.7 4613.17 2929.24 825.736 1092.11 281.126 2257.21 1488.58 768.638 9782.52 2847.9 464.342 210.282 810.987 158.825 9572.23 1683.93 123.753 9554.01
internal_count=58346 38846 36650 36162 34520 1642 488 2196 19500 4438 3999 328 327 99 1869 1269 600 15062 3984 160 75 228 52 14987 439 45 14960
is_linear=0
shrinkage=0.03


end of trees

feature_importances:
price_std_60d=35
return_30d=21
macd_signal=21
return_60d=19
vol_regime_60_30=19
price_std_20d=18
price_log=18
bb_width=18
price_lag_1d=17
volume_std_30d=15
volume_mean_7d=13
price_zscore_30d=12
price_std_14d=11
volume_mean_30d=11
volume_std_60d=11
volume_lag_7d=10
rsi_missing=10
macd_line=9
macd_missing=9
price_accel_7d=8
macd_histogram=6
return_1d=5
return_3d=5
return_14d=5
rsi_14=5
volume_lag_1d=5
return_7d=4
trend_divergence_30_60=4
volume_zscore_30d=4
bb_pct_b=3
price_std_7d=2
log_return_7d=2
volume_log_change_1d=1
volume_log_change_7d=1
volume_price_conf_7d=1

parameters:
[boosting: gbdt]
[objective: quantile]
[metric: quantile]
[tree_learner: serial]
[device_type: cpu]
[data_sample_strategy: bagging]
[data: ]
[valid: ]
[num_iterations: 1000]
[learning_rate: 0.03]
[num_leaves: 31]
[num_threads: -1]
[seed: 91]
[deterministic: 0]
[force_col_wise: 0]
[force_row_wise: 0]
[histogram_pool_size: -1]
[max_depth: 5]
[min_data_in_leaf: 15]
[min_sum_hessian_in_leaf: 0.001]
[bagging_fraction: 0.7]
[pos_bagging_fraction: 1]
[neg_bagging_fraction: 1]
[bagging_freq: 5]
[bagging_seed: 2784]
[feature_fraction: 0.8]
[feature_fraction_bynode: 1]
[feature_fraction_seed: 29510]
[extra_trees: 0]
[extra_seed: 8681]
[early_stopping_round: 0]
[early_stopping_min_delta: 0]
[first_metric_only: 0]
[max_delta_step: 0]
[lambda_l1: 0.5]
[lambda_l2: 0.5]
[linear_lambda: 0]
[min_gain_to_split: 0.1]
[drop_rate: 0.1]
[max_drop: 50]
[skip_drop: 0.5]
[xgboost_dart_mode: 0]
[uniform_drop: 0]
[drop_seed: 8477]
[top_rate: 0.2]
[other_rate: 0.1]
[min_data_per_group: 100]
[max_cat_threshold: 32]
[cat_l2: 10]
[cat_smooth: 10]
[max_cat_to_onehot: 4]
[top_k: 20]
[monotone_constraints: ]
[monotone_constraints_method: basic]
[monotone_penalty: 0]
[feature_contri: ]
[forcedsplits_filename: ]
[refit_decay_rate: 0.9]
[cegb_tradeoff: 1]
[cegb_penalty_split: 0]
[cegb_penalty_feature_lazy: ]
[cegb_penalty_feature_coupled: ]
[path_smooth: 0]
[interaction_constraints: ]
[verbosity: -1]
[saved_feature_importance_type: 0]
[use_quantized_grad: 0]
[num_grad_quant_bins: 4]
[quant_train_renew_leaf: 0]
[stochastic_rounding: 1]
[linear_tree: 0]
[max_bin: 63]
[max_bin_by_feature: ]
[min_data_in_bin: 3]
[bin_construct_sample_cnt: 200000]
[data_random_seed: 335]
[is_enable_sparse: 1]
[enable_bundle: 1]
[use_missing: 1]
[zero_as_missing: 0]
[feature_pre_filter: 0]
[pre_partition: 0]
[two_round: 0]
[header: 0]
[label_column: ]
[weight_column: ]
[group_column: ]
[ignore_column: ]
[categorical_feature: ]
[forcedbins_filename: ]
[precise_float_parser: 0]
[parser_config_file: ]
[objective_seed: 29977]
[num_class: 1]
[is_unbalance: 0]
[scale_pos_weight: 1]
[sigmoid: 1]
[boost_from_average: 1]
[reg_sqrt: 0]
[alpha: 0.5]
[fair_c: 1]
[poisson_max_delta_step: 0.7]
[tweedie_variance_power: 1.5]
[lambdarank_truncation_level: 30]
[lambdarank_norm: 1]
[label_gain: ]
[lambdarank_position_bias_regularization: 0]
[eval_at: ]
[multi_error_top_k: 1]
[auc_mu_weights: ]
[num_machines: 1]
[local_listen_port: 12400]
[time_out: 120]
[machine_list_filename: ]
[machines: ]
[gpu_platform_id: -1]
[gpu_device_id: -1]
[gpu_use_dp: 0]
[num_gpu: 1]

end of parameters

pandas_categorical:[]
