tree
version=v4
num_class=1
num_tree_per_iteration=1
label_index=0
max_feature_idx=54
objective=quantile
feature_names=price_lag_1d return_1d return_3d return_7d return_14d return_30d return_60d price_std_7d price_std_14d price_std_20d price_std_30d price_std_60d price_zscore_30d vol_regime_60_30 trend_divergence_30_60 price_accel_7d price_log price_tier log_return_1d log_return_7d autocorr_1d autocorr_7d bb_pct_b bb_width rsi_14 macd_line macd_signal macd_histogram distance_to_support distance_to_resistance volume_missing volume_lag_1d volume_lag_7d volume_mean_30d volume_std_30d volume_std_60d volume_log_change_1d volume_log_change_7d volume_zscore_30d volume_price_conf_7d volume_price_conf_1d rsi_missing macd_missing dow_sin dow_cos events_next_30d_major events_next_30d_operation events_next_30d_case_drop events_next_30d_update events_next_30d_game_update item_type_graffiti item_type_skin item_type_sticker item_type_unknown item_volume_vs_market_30d
feature_infos=[0.029999999329447746:726.3900146484375] [-99.499412536621094:500] [-99.499412536621094:500] [-99.253730773925781:500] [-99.464340209960938:500] [-99.891334533691406:500] [-99.876518249511719:500] [0:168.62384033203125] [0:118.42495727539062] [0:100.11261749267578] [0:93.483543395996094] [0:100.54641723632812] [-4.7309699058532715:5.2946515083312988] [0.7025722861289978:805.0294189453125] [-1113.655517578125:979983291908096] [-599.25372314453125:586.79248046875] [-3.5065579414367676:6.5880870819091797] [0:4] [-5.2971501350402832:5.2971501350402832] [-4.8978400230407715:5.2971501350402832] [-49749.70703125:45880.953125] [-49626.8671875:30638.298828125] [-0.51456832885742188:1.5621322393417358] [0.014894707128405571:16.253145217895508] [0:99.873260498046875] [-54.1455078125:48.291065216064453] [-42.52099609375:42.708404541015625] [-22.157054901123047:27.582307815551758] [1.9274705665090278e-14:19876.666015625] [1.1564822890834398e-14:109337.8359375] none [1:353904] [1:353904] [1:121047.3984375] [0:71124.4609375] [0:66775.7421875] [-6.9768147468566895:6.8997230529785156] [-8.5965585708618164:7.3008103370666504] [-4.8263401985168457:5.2918829917907715] [-98.480239868164062:500] [-99.499412536621094:500] [0:1] [0:1] [-0.97492790222167969:0.97492790222167969] [-0.90096884965896606:1] [0:2] [0:1] [0:1] none [0:2] [0:1] [0:1] [0:1] none [0.0010546381818130612:595.974609375]
tree_sizes=1648 1695 1660 1654 1467 1653 1246 1581 1730 1518 1504 1625 1510 1754 1198 1188 1377 1456 1372 1727 1724 1270 1574 1402 1266 1319 1763 1773 1602 1185 1282 1285 1203 1384 1393 1209 1393 1115 1383 1199 1385 1285 1285 1211 1763 1768 1214 1213 1298 1462 1756 1195 1298 1209 1223 1106 1778 1464 1757 1458

Tree=0
num_leaves=15
num_cat=0
split_feature=16 3 7 5 24 22 18 31 31 25 22 38 11 52
split_gain=4610.32 305.873 151.75 105.622 82.3489 64.4544 43.4515 28.9763 15.7863 13.0136 10.1562 8.62565 7.19602 6.21019
threshold=-3.498293280601501 37.859834671020515 1.0000000180025095e-35 31.657862663269047 1.0000000180025095e-35 0.30677659809589392 0.22637397795915606 206.50000000000003 235.50000000000003 -0.020397580228745934 0.45297336578369146 0.040962655097246177 0.33416600525379186 1.0000000180025095e-35
decision_type=2 2 2 2 2 2 2 2 2 2 2 2 2 2
left_child=2 3 10 4 -2 8 11 -5 -4 -7 12 -3 -1 -8
right_child=1 6 5 7 -6 9 13 -9 -10 -11 -12 -13 -14 -15
leaf_value=0 -1.3115292783682506 -0.97143234464780159 0.51846519660870571 -0.35962905491556546 0 -0.41477216322032812 -3.7024486514747168 -0.10851597535029193 0 0 0 -0.50292233550690901 0 -1.9796604551052719
leaf_weight=3215.307680606842 625.94466388225555 1512.1560240387917 462.81787931919098 6837.7482373714447 67568.268711030483 85.099016189575195 1455.2808599472046 3517.3126940727234 146.82747238874435 3265.145444393158 33073.813248872757 1103.8291898965836 444.36340653896332 264.00406444072723
leaf_count=2108 99 975 277 5439 68201 9 500 3629 157 1824 39430 837 49 165
internal_value=-0.0116801 -0.00325933 -0.02883 -0.00237077 -0.00148111 -0.0172291 -0.0193453 -0.00822567 0.00132787 -0.0206143 -0.030079 -0.0142565 -0.0268425 -0.0270509
internal_weight=123578 82884.5 40693.4 78549.3 68194.2 3959.89 4335.27 10355.1 609.645 3350.24 36733.5 2615.99 3659.67 1719.28
internal_count=123699 79845 43854 77368 68300 2267 2477 9068 434 1833 41587 1812 2157 665
is_linear=0
shrinkage=0.0622158


Tree=1
num_leaves=15
num_cat=0
split_feature=16 1 42 12 7 25 12 49 3 12 27 6 51 25
split_gain=4661.84 290.509 208.358 167.045 166.181 64.1777 61.9128 34.6819 16.0813 13.0737 19.1033 11.0515 5.86564 2.44023
threshold=-3.498293280601501 25.40445709228516 1.0000000180025095e-35 -0.15036509931087491 1.0000000180025095e-35 -0.020397580228745934 -0.78211176395416249 1.0000000180025095e-35 20.787162780761722 -0.18852593749761579 -0.0090325018391013128 -17.922441482543942 1.0000000180025095e-35 -2.9709765314578359e-08
decision_type=2 2 2 2 2 2 2 2 2 2 2 2 2 2
left_child=4 2 3 -2 9 -6 -7 -4 11 10 -1 -3 -10 -11
right_child=1 8 7 -5 5 6 -8 -9 12 13 -12 -13 -14 -15
leaf_value=-1.7627817752701431 0.063811107168538148 0.65558000642281788 -1.3364830198125532 -0.072943918314534881 0.8553497191632754 0.1751293411683266 0 -0.17918462441169825 -1.5330210304666685 0 0 -1.0610659703384273 -3.0356274710591804 0
leaf_weight=85.099016189575195 29508.047126293182 57.728800058364868 2589.7040607333183 47587.115299463272 129.8300154209137 480.20576161146164 3349.8540352582932 572.14192271232605 431.85201263427734 9309.4912656545639 2362.0773358941078 522.21906304359436 1615.7361597418785 24976.816718280315
leaf_count=9 26998 36 777 50621 19 365 1883 252 296 8042 1614 271 594 31922
internal_value=-0.0115267 -0.00305904 -0.00239191 -0.0017493 -0.0287722 -0.0166351 -0.0181006 -0.0180425 -0.0234113 -0.030079 -0.0255471 -0.0140887 -0.0260244 -0.0304005
internal_weight=123578 82884.5 80257 77095.2 40693.4 3959.89 3830.06 3161.85 2627.54 36733.5 2447.18 579.948 2047.59 34286.3
internal_count=123699 79845 78648 77619 43854 2267 2248 1029 1197 41587 1623 307 890 39964
is_linear=0
shrinkage=0.0622158


Tree=2
num_leaves=15
num_cat=0
split_feature=16 2 8 28 13 22 1 10 33 27 13 51 26 27
split_gain=4982.73 335.096 136.824 132.619 72.8904 67.9376 42.3293 31.4421 25.3646 14.412 9.67793 5.5697 5.18048 3.46907
threshold=-3.498293280601501 25.126057624816898 1.0000000180025095e-35 29.577977180480961 0.99500292539596569 0.30677659809589392 25.40445709228516 0.012052924372255804 160.01667022705081 -0.027861620299518105 0.73562997579574596 1.0000000180025095e-35 -2.9946109236789193e-07 -0.012380947824567555
decision_type=2 2 2 2 2 2 2 2 2 2 2 2 2 2
left_child=2 3 12 4 -2 8 10 -5 -4 -7 -3 -8 13 -1
right_child=1 6 5 7 -6 9 11 -9 -10 -11 -12 -13 -14 -15
leaf_value=0 0.076882247221790156 -1.4272160378632202 0.58990151922206358 -0.06458097514992478 -0.013495306025530927 0 -1.4600174795254224 -0.22067006718522841 0 0 -0.63880143140942791 -2.9582155132634504 0 0
leaf_weight=71.674192428588867 17584.959352433681 329.29991036653519 402.21786338090897 4203.3207245469093 41188.882645487785 255.29704856872559 392.29230165481567 15690.978518366814 306.49139565229416 5231.2716958522797 1922.6775880455971 1572.1334037780762 25462.366162896156 8964.0557895302773
leaf_count=9 14642 132 247 4015 45390 27 265 13350 249 3076 1495 556 32691 7555
internal_value=-0.0109431 -0.00218888 -0.0287722 -0.00127243 0.00021329 -0.0202341 -0.0192737 -0.00566296 -0.00205327 -0.0225757 -0.0134079 -0.0259668 -0.0303037 -0.0289215
internal_weight=123578 82884.5 40693.4 78668.1 58773.8 6195.28 4216.4 19894.3 708.709 5486.57 2251.98 1964.43 34498.1 9035.73
internal_count=123699 79845 43854 77397 60032 3599 2448 17365 496 3103 1627 821 40255 7564
is_linear=0
shrinkage=0.0622158


Tree=3
num_leaves=15
num_cat=0
split_feature=0 2 8 5 6 1 29 25 8 21 29 54 26 35
split_gain=5089.95 257.476 90.9882 89.6816 42.027 34.3983 27.9698 23.2319 30.2611 15.4221 8.94031 5.97822 5.18048 3.06049
threshold=0.03024999983608723 25.126057624816898 1.0000000180025095e-35 34.483667373657234 -1.0000000180025095e-35 25.40445709228516 91.704891204833999 -0.014735606499016283 0.0086716664955019968 28.298906326293949 650.08474731445324 0.49358911812305456 -2.9946109236789193e-07 11.810312271118166
decision_type=2 2 2 2 2 2 2 2 2 2 2 2 2 2
left_child=2 3 12 4 -2 10 -5 8 -4 -9 -3 -7 -1 -14
right_child=1 5 7 6 -6 11 -8 9 -10 -11 -12 -13 13 -15
leaf_value=0 0.032216618339151751 -0.66557091638206511 0 -0.19126853280141948 -0.008753353251376314 -2.4121435419103019 -0.57656265823080133 0 0.10967292414693142 0 -1.2860135997404145 -1.3633039394487141 0 0
leaf_weight=9035.7299819588661 23446.987210690975 2123.2406932115555 176.01532137393951 8204.9065760970116 45968.406721949577 1322.9149864912033 1400.8065299987793 5415.9694867134094 291.92150807380676 283.80325865745544 128.73680520057678 316.1133496761322 127.67764455080032 25334.688518345356
leaf_count=7564 24858 1611 24 7924 44384 507 341 3382 37 160 16 200 136 32555
internal_value=-0.0110266 -0.00218319 -0.0290557 -0.00141326 -0.000633013 -0.0178051 -0.00704744 -0.0220644 -0.00859565 -0.0231621 -0.0127714 -0.0246842 -0.0303037 -0.0307912
internal_weight=123578 82912.1 40665.8 79021.1 69415.4 3891.01 9605.71 6167.71 467.937 5699.77 2251.98 1639.03 34498.1 25462.4
internal_count=123699 79841 43858 77507 69242 2334 8265 3603 61 3542 1627 707 40255 32691
is_linear=0
shrinkage=0.0622158


Tree=4
num_leaves=13
num_cat=0
split_feature=7 2 42 1 16 1 8 25 37 5 5 8
split_gain=5080.5 279.204 161.317 133.257 61.1656 44.3747 40.6732 7.35658 6.76266 6.29558 3.67747 0.919841
threshold=1.0000000180025095e-35 25.126057624816898 1.0000000180025095e-35 -2.4856148958206172 -2.8603371381759639 25.40445709228516 0.76013851165771495 -2.9709765314578359e-08 0.91669219732284557 -7.686058282852172 -4.7665019035339347 0.11224752292037012
decision_type=2 2 2 2 2 2 2 2 2 2 2 2
left_child=6 2 3 -2 -4 9 7 10 -7 -3 -1 -9
right_child=1 5 4 -5 -6 8 -8 11 -10 -11 -12 -13
leaf_value=0 0.058349785240627859 -0.07921530978532669 0.0005445971025099637 -0.0025858420247628659 -1.1449558064271519 -2.6673477014974964 0.10284953258498082 0 -1.2545062199449293 -0.68776545138967671 0 0
leaf_weight=905.63868790864944 21310.027857482433 201.04668015241623 415.87856793403625 58075.257278084755 2823.3403428196907 1623.808772623539 132.37624740600586 24977.74237215519 340.61693280935287 2050.930818259716 10653.601286828518 67.65274852514267
leaf_count=523 19094 137 82 59547 936 605 14 31944 216 1490 9102 9
internal_value=-0.0106179 -0.00241249 -0.00161499 -0.00105912 -0.0152218 -0.0180268 -0.0300127 -0.0301373 -0.0248759 -0.0120258 -0.0287652 -0.0307675
internal_weight=123578 86840.9 82624.5 79385.3 3239.22 4216.4 36737 36604.6 1964.43 2251.98 11559.2 25045.4
internal_count=123699 82107 79659 78641 1018 2448 41592 41578 821 1627 9625 31953
is_linear=0
shrinkage=0.0622158


Tree=5
num_leaves=15
num_cat=0
split_feature=41 19 24 22 4 18 9 38 22 16 37 9 25 35
split_gain=5230.47 237.15 109.8 83.0871 51.8169 49.8138 24.0871 16.3645 12.7545 21.9472 10.5341 2.6983 2.20577 3.80131
threshold=1.0000000180025095e-35 0.21688443422317508 17.010346412658695 0.46715979278087622 -13.331207275390623 0.22637397795915606 1.0000000180025095e-35 -0.11329515650868414 0.45297336578369146 -3.4037288427352901 0.70559552311897289 0.60926425457000744 -2.9709765314578359e-08 11.810312271118166
decision_type=2 2 2 2 2 2 2 2 2 2 2 2 2 2
left_child=1 2 4 -4 -1 7 12 -3 11 -10 -7 -8 -2 -14
right_child=6 5 3 -5 -6 10 8 -9 9 -11 -12 -13 13 -15
leaf_value=0 0 -0.52694770996762819 0.00016088029738922427 -0.053640265444076823 -1.0215663309552185 -2.0409872587282454 0 -0.29955705857717851 0.0005107145439584035 -2.8692944100646267 -0.95236497596771019 0 0 0
leaf_weight=1485.4912583231926 8499.237597823143 2608.1691244840622 37698.405086874962 40737.628622949123 1510.8817423582077 1449.6646292805672 1160.2971066236496 2465.802082657814 134.8689689040184 741.23287880420685 409.8579176068306 75.643569946289062 114.98042005300522 24644.607219040394
leaf_count=1002 7691 2028 32769 44071 590 554 684 1989 115 246 248 8 118 31670
internal_value=-0.0098282 -0.00173481 -0.000793814 -0.000346769 -0.0124797 -0.0127795 -0.0300458 -0.00957107 -0.023493 -0.0175932 -0.0215027 -0.0276235 -0.03046 -0.030807
internal_weight=123737 88365.9 81432.4 78436 2996.37 6933.49 35370.9 5073.97 2112.04 876.102 1859.52 1235.94 33258.8 24759.6
internal_count=123783 83251 78432 76840 1592 4819 40532 4017 1053 361 802 692 39479 31788
is_linear=0
shrinkage=0.0622158


Tree=6
num_leaves=11
num_cat=0
split_feature=9 28 42 19 47 16 31 23 27 35
split_gain=5102.6 259.074 131.381 111.353 102.18 34.8475 28.3084 20.4045 2.24016 3.62233
threshold=1.0000000180025095e-35 38.335302352905281 1.0000000180025095e-35 0.4561950564384461 1.0000000180025095e-35 -2.3000913858413692 270.50000000000006 2.622413277626038 1.512279279580753e-08 11.810312271118166
decision_type=2 2 2 2 2 2 2 2 2 2
left_child=8 2 4 6 -2 -4 -3 -5 9 -1
right_child=1 3 5 7 -6 -7 -8 -9 -10 -11
leaf_value=0 0 -0.29920019906096085 0 -1.2294718838960879 0.082448440817419671 -1.0164423616042255 -0.052442507293181256 -4.1577805039598363 0 0
leaf_weight=119.21282821893692 59536.178386390209 11313.589941084385 656.6580998301506 1829.6184860467911 10314.828849315643 2420.5200317502022 3357.7915491461754 1048.7576452493668 8030.378268122673 25109.234140574932
leaf_count=124 58645 8946 161 1075 11118 836 3359 164 7404 31951
internal_value=-0.00962205 -0.00196151 -0.000327843 -0.00874786 0.000226098 -0.0129062 -0.00654828 -0.0199393 -0.03046 -0.030796
internal_weight=123737 90477.9 72928.2 17549.8 69851 3077.18 14671.4 2878.38 33258.8 25228.4
internal_count=123783 84304 70760 13544 69763 997 12305 1239 39479 32075
is_linear=0
shrinkage=0.0622158


Tree=7
num_leaves=14
num_cat=0
split_feature=7 28 16 1 2 24 15 9 24 38 13 13 26
split_gain=5456.57 290.969 143.25 153.953 127.115 73.2278 76.551 66.9546 61.9266 29.4016 16.8863 6.72037 2.1842
threshold=1.0000000180025095e-35 29.577977180480961 -3.498293280601501 -1.7008869051933286 39.01892280578614 1.0000000180025095e-35 13.367313861846926 0.60926425457000744 17.010346412658695 -0.21122610569000241 0.73562997579574596 1.3651566505432131 -0.004091073526069521
decision_type=2 2 2 2 2 2 2 2 2 2 2 2 2
left_child=5 2 3 -2 9 6 -1 11 -4 -3 -6 -7 -8
right_child=1 4 8 -5 10 7 12 -9 -10 -11 -12 -13 -14
leaf_value=0.06355759305983355 -0.0030956922817809663 -0.24113748962020559 -0.39625240095276631 0.0001508709968054352 -3.4602686690681503 0 0 0.096440654664365313 0.0068716579354458846 -0.098321779560262071 -1.2130873106869118 0 0
leaf_weight=157.21605169773102 996.95647394657135 11661.136735200882 2278.165925681591 2854.5034953355789 948.34381186962128 35171.412415146828 40.744917929172516 245.84160232543945 56476.07750660181 9737.6439685821533 1750.0464491844177 1248.8601767420769 169.81869548559189
leaf_count=108 630 9859 1252 1574 252 40746 12 26 58972 8659 960 635 98
internal_value=-0.0097088 -0.00116953 0.00106612 0.0126877 -0.00697888 -0.029699 -0.00197651 -0.0299762 0.000303472 -0.00537142 -0.0197048 -0.0301946 -0.0265041
internal_weight=123737 86702.9 62605.7 3851.46 24097.2 37033.9 367.78 36666.1 58754.2 21398.8 2698.39 36420.3 210.564
internal_count=123783 82158 62428 2204 19730 41625 218 41407 60224 18518 1212 41381 110
is_linear=0
shrinkage=0.0622158


Tree=8
num_leaves=15
num_cat=0
split_feature=41 2 42 49 5 3 0 54 37 54 27 15 17 26
split_gain=5304.32 199.157 107.225 64.1434 63.2777 58.0595 52.4676 20.5933 16.1623 13.2756 10.8863 5.71495 3.50683 3.34972
threshold=1.0000000180025095e-35 13.4616756439209 1.0000000180025095e-35 1.0000000180025095e-35 31.657862663269047 57.805824279785163 0.03024999983608723 0.3375928550958634 0.5735878348350526 0.21561419963836673 -0.012380947824567555 11.132874965667726 1.0000000180025095e-35 -2.9946109236789193e-07
decision_type=2 2 2 2 2 2 2 2 2 2 2 2 2 2
left_child=1 2 4 -4 -1 7 10 -3 -7 12 -2 -11 -8 -12
right_child=6 5 3 -5 -6 8 9 -9 -10 11 13 -13 -14 -15
leaf_value=0.00014148443312481245 -0.0060001349866828802 -0.3977387895648215 -0.95500540272274881 0.21165240716713232 -0.1661882296666897 -2.1940000773499193 -1.5159870702436211 -0.07640585036768538 -0.96786639525765328 0.0004695534530923605 0 -0.83782832191255852 -4.2440902513264263 0
leaf_weight=67939.908261597157 68.931158065795898 4311.333641409874 2259.6090436577797 492.12614512443542 9384.3921821117401 1368.7078474760056 123.84606593847275 1986.5106671452522 623.31267601251602 243.68966233730316 9049.0841771364212 77.092768490314484 111.04022622108459 25697.183703005314
leaf_count=68163 8 3230 711 217 8160 551 38 1888 331 55 7513 56 22 32840
internal_value=-0.00964915 -0.00149884 -0.000547999 -0.0126132 -0.000117998 -0.0106779 -0.030009 -0.00773831 -0.0199433 -0.0109163 -0.0303124 -0.00254956 -0.0221224 -0.0303616
internal_weight=123737 88365.9 80076 2751.74 77324.3 8289.86 35370.9 6297.84 1992.02 555.669 34815.2 320.782 234.886 34746.3
internal_count=123783 83251 77251 928 76323 6000 40532 5118 882 171 40361 111 60 40353
is_linear=0
shrinkage=0.0622158


Tree=9
num_leaves=13
num_cat=0
split_feature=7 3 0 1 42 9 1 15 27 5 3 42
split_gain=5519.59 236.834 188.24 154.133 112.033 69.8671 57.9791 47.8723 45.7227 21.0203 13.5056 10.1974
threshold=1.0000000180025095e-35 24.220053672790531 0.03024999983608723 1.6546085476875307 1.0000000180025095e-35 0.60926425457000744 25.40445709228516 0.61195990443229686 -3.8772888728999526e-05 16.973856925964359 57.805824279785163 1.0000000180025095e-35
decision_type=2 2 2 2 2 2 2 2 2 2 2 2
left_child=5 2 3 -2 -4 7 10 11 -9 -8 -3 -1
right_child=1 6 4 -5 -6 -7 9 8 -10 -11 -12 -13
leaf_value=0 0.00013268186225656576 -0.25056503344243847 -0.0020729973751187412 -0.21016930291136637 -0.83658857944559084 0.090431717106814177 -0.041978235038956521 -8.8025708682466899e-06 0.059594502340312057 -1.7556098837254754 -0.89477267218000534 0
leaf_weight=35668.424747645855 2799.5942662358284 3735.2832387685776 72818.957500100136 692.35505479574203 3174.1162109971046 264.75249481201172 229.58934891223907 408.17794501781464 222.74138832092285 1867.8993077874184 1385.0794388055801 469.79728353023529
leaf_count=41088 1560 3296 74104 546 1023 28 97 289 130 775 757 90
internal_value=-0.00952732 -0.000938894 4.06762e-05 0.0141622 -0.000608078 -0.0296326 -0.0117283 -0.029862 -0.0127446 -0.0204483 -0.0081452 -0.0301594
internal_weight=123737 86702.9 79485 3491.95 75993.1 37033.9 7217.85 36769.1 630.919 2097.49 5120.36 36138.2
internal_count=123783 82158 77233 2106 75127 41625 4925 41597 419 872 4053 41178
is_linear=0
shrinkage=0.0622158


Tree=10
num_leaves=13
num_cat=0
split_feature=7 3 12 38 8 32 15 4 1 38 29 12
split_gain=5564.97 265.145 121.117 111.098 55.2889 49.871 45.197 35.1564 22.0578 14.2904 14.0516 9.70889
threshold=1.0000000180025095e-35 57.805824279785163 -0.11696974560618399 0.12551109492778781 0.76013851165771495 31.500000000000004 0.61195990443229686 -13.331207275390623 25.40445709228516 2.5096647739410405 91.704891204833999 -0.29925544559955591
decision_type=2 2 2 2 2 2 2 2 2 2 2 2
left_child=4 2 5 -4 6 -2 11 -8 10 -10 -3 -1
right_child=1 8 3 -5 -6 -7 7 -9 9 -11 -12 -13
leaf_value=0 0.10976342727282029 -0.55624664847938143 -0.10436116900789658 0.01844609620038536 0.084805433133454816 0.00012442695060551476 -1.8264212234840098e-05 0.055886781154153575 -3.0130723951541794 -0.61332051980017532 -1.8754063976536552 0
leaf_weight=763.59548568725586 8148.9304572343826 1171.1621031165123 28950.157155811787 16889.995121896267 122.92080116271973 29753.725422918797 392.96553122997284 236.72067379951477 1326.9237670302391 184.4478777050972 274.53181785345078 35323.7676410079
leaf_count=697 6481 712 30538 19279 13 24721 218 209 366 92 49 40522
internal_value=-0.00952652 -0.000918469 -0.000271397 -0.0024232 -0.0297832 0.0023302 -0.0299229 -0.0132655 -0.0192233 -0.0245094 -0.0136559 -0.0302122
internal_weight=123540 86699.9 83742.8 45840.2 36840 37902.7 36717 629.686 2957.07 1511.37 1445.69 36087.4
internal_count=123897 82238 81019 49817 41659 31202 41646 427 1219 458 761 41219
is_linear=0
shrinkage=0.0622158


Tree=11
num_leaves=14
num_cat=0
split_feature=7 28 1 16 24 4 23 9 38 26 32 33 12
split_gain=5488.26 247.867 104.568 70.3288 69.2615 74.1391 55.0754 46.6344 32.8833 22.7512 9.80139 9.73864 8.07064
threshold=1.0000000180025095e-35 107.10841751098634 7.6076364517211923 -2.4275856018066402 23.733093261718754 -13.331207275390623 2.622413277626038 0.60926425457000744 -0.43105818331241602 0.0033237339230254297 16.500000000000004 727.84997558593761 -0.29925544559955591
decision_type=2 2 2 2 2 2 2 2 2 2 2 2 2
left_child=4 2 3 -2 5 11 9 12 -4 -3 -8 -1 -6
right_child=1 6 8 -5 7 -7 10 -9 -10 -11 -12 -13 -14
leaf_value=-7.1185886012350148e-06 0.00011668562510111342 -1.2827000930713943 -0.41468607913010957 -0.012564206800975227 0 0.052409738904045024 -1.4283891550459127 -0.011253115605935943 -0.14834989176483085 -0.37355050007776663 -3.2285736075842593 0.055709865069652163 0
leaf_weight=257.82071125507355 20413.500785052776 763.20427346229553 2670.7492097616196 53095.149310708046 889.66266942024231 148.44704496860504 149.68886184692383 217.47526359558105 5224.1177362203598 3271.6785337924957 1111.7850127220154 43.314971685409546 35283.249471962452
leaf_count=137 15578 269 2136 57844 814 122 29 23 4238 1976 168 26 40537
internal_value=-0.00966662 -0.00111809 -0.00026905 0.000461378 -0.0297832 -0.00540823 -0.0141579 -0.0300832 -0.00707276 -0.0105904 -0.0255182 -0.0231749 -0.0302559
internal_weight=123540 86699.9 81403.5 73508.7 36840 449.583 5296.36 36390.4 7894.87 4034.88 1261.47 301.136 36172.9
internal_count=123897 82238 79796 73422 41659 285 2442 41374 6374 2245 197 163 41351
is_linear=0
shrinkage=0.0622158


Tree=12
num_leaves=13
num_cat=0
split_feature=8 19 28 24 15 15 38 18 38 14 9 5
split_gain=5290.53 220.802 77.6571 54.8625 43.3128 52.2545 27.1143 23.6247 14.4132 12.6722 6.72869 1.29762
threshold=1.0000000180025095e-35 0.4561950564384461 29.577977180480961 17.010346412658695 1.5967637896537783 13.367313861846926 0.17076957225799563 0.22637397795915606 2.5096647739410405 1.0003283619880678 0.37950491905212408 -4.7665019035339347
decision_type=2 2 2 2 2 2 2 2 2 2 2 2
left_child=4 2 3 -2 10 -6 -4 9 -9 -3 11 -1
right_child=1 7 6 -5 5 -7 -8 8 -10 -11 -12 -13
leaf_value=0 -0.22943681751940176 -1.0220977892690815 -0.17940783705236052 0.00010942593255704311 0.049149023709447022 -0.0034731538583857888 -0.035510097111276978 -2.7255682390970142 -0.55192152417617535 -0.27349111499583334 -0.005129597845096796 0
leaf_weight=481.96147572994232 2537.3034116029739 991.90829455852509 14564.022129893303 62389.83595764637 99.329916298389435 154.53145885467529 6523.2316395640373 1326.9237670302391 184.4478777050972 453.78562641143799 105.5265998840332 33727.035701274872
leaf_count=342 1397 501 12593 62529 96 65 5828 366 92 260 14 39814
internal_value=-0.00957675 -0.00155093 -0.000975716 8.92176e-05 -0.0302316 -0.00445473 -0.00425587 -0.0182632 -0.023728 -0.0125099 -0.0304212 -0.0304707
internal_weight=123540 88971.5 86014.4 64927.1 34568.4 253.861 21087.3 2957.07 1511.37 1445.69 34314.5 34209
internal_count=123897 83566 82347 63926 40331 161 18421 1219 458 761 40170 40156
is_linear=0
shrinkage=0.0622158


Tree=13
num_leaves=15
num_cat=0
split_feature=7 28 4 1 16 22 8 38 3 8 11 5 9 38
split_gain=5484.94 216.872 161.325 83.6313 70.666 55.1122 47.9238 29.0774 16.2778 12.936 15.8965 12.8258 9.58556 6.59363
threshold=1.0000000180025095e-35 107.10841751098634 -2.1236622333526607 7.6076364517211923 -2.4275856018066402 1.2392588257789614 0.76013851165771495 -0.43105818331241602 5.4061510562896737 1.0000000180025095e-35 0.22354223579168322 -16.95325946807861 1.0000000180025095e-35 2.5096647739410405
decision_type=2 2 2 2 2 2 2 2 2 2 2 2 2 2
left_child=2 3 9 4 -2 8 12 -5 -3 10 -1 -11 -4 -7
right_child=1 5 6 7 -6 13 -8 -9 -10 11 -12 -13 -14 -15
leaf_value=0.00020940943627613227 0.00010261790778086416 -0.19926414507093337 0 -0.36835473156181814 -0.010268006041024517 -3.05446032292837 0.080222506921961839 -0.13441832797471734 -0.63208496276544701 0.014267925409337809 -0.0054174221963004367 -2.3935913961203008e-05 -2.5619896228214685e-05 -0.75031908636794509
leaf_weight=222.04660069942474 20413.500785052776 1630.4659217596054 33115.922685623169 2670.7492097616196 53095.149310708046 966.10252404212952 113.46535491943359 5224.1177362203598 2557.5663405060768 92.452093660831451 31.109373092651367 332.60893934965134 2932.365085542202 142.22189551591873
leaf_count=156 15578 702 39477 2136 57844 251 12 4238 1417 52 4 244 1714 72
internal_value=-0.00941233 -0.000866393 -0.0295228 -7.21951e-05 0.000580995 -0.0130636 -0.0300866 -0.00615691 -0.00978035 0.000494095 0.0116313 -0.0060836 -0.030214 -0.0254122
internal_weight=123540 86699.9 36840 81403.5 73508.7 5296.36 36161.8 7894.87 4188.03 678.217 253.156 425.061 36048.3 1108.32
internal_count=123897 82238 41659 79796 73422 2442 41203 6374 2119 456 160 296 41191 323
is_linear=0
shrinkage=0.0622158


Tree=14
num_leaves=10
num_cat=0
split_feature=9 3 8 42 45 13 34 0 26
split_gain=5474.62 198.088 144.512 71.3275 58.1392 27.73 16.6819 2.7242 1.98381
threshold=1.0000000180025095e-35 57.805824279785163 1.0000000180025095e-35 1.0000000180025095e-35 1.0000000180025095e-35 0.71601268649101268 41.260555267333991 0.29024998843669897 -2.9946109236789193e-07
decision_type=2 2 2 2 2 2 2 2 2
left_child=8 2 4 -4 -2 7 -7 -3 -1
right_child=1 5 3 -5 -6 6 -8 -9 -10
leaf_value=0 1.593963005011579e-06 -3.0804959368519977 -2.4025933223203106e-05 -0.63859475220132322 1.593963005011579e-06 -1.4434080042440027 -0.54452841646815076 -1.3203393809232342 0
leaf_weight=7822.8080267310143 942.54082852602005 588.9520338177681 82665.203511357307 3349.1896273493767 509.92163789272308 960.52253305912018 1283.7525074481964 123.83849138021469 25293.114658892155
leaf_count=6799 607 95 81278 1069 247 375 719 30 32678
internal_value=-0.00888531 -0.00095886 -0.000422934 -0.000752058 0.019027 -0.0167922 -0.013354 -0.0275234 -0.0305267
internal_weight=123540 90423.9 87466.9 86014.4 1452.46 2957.07 2244.28 712.791 33115.9
internal_count=123897 84420 83201 82347 854 1219 1094 125 39477
is_linear=0
shrinkage=0.0622158


Tree=15
num_leaves=10
num_cat=0
split_feature=10 7 1 42 24 8 28 10 26
split_gain=5067.54 188.978 196.428 121.824 119.768 70.303 46.7759 12.6225 1.73842
threshold=1.0000000180025095e-35 1.0000000180025095e-35 16.476808547973636 1.0000000180025095e-35 17.010346412658695 1.0000000180025095e-35 163.95479583740237 0.050756234675645835 -2.9946109236789193e-07
decision_type=2 2 2 2 2 2 2 2 2
left_child=8 4 3 -3 7 -6 -4 -2 -1
right_child=1 2 6 -5 5 -7 -8 -9 -10
leaf_value=0 0.014270909395275262 9.7728243169429779e-05 -0.41950323346142931 -0.75884930220425584 0 -2.2531139943108193e-05 -2.6530287807098136 -0.0037207658115521263 0
leaf_weight=5988.4448749423027 348.90181267261505 79045.62506967783 2989.609240591526 3329.8917692899704 2992.9014246463776 1998.2319042682648 1283.7123548984528 72.24311763048172 25421.268709123135
leaf_count=5645 245 78577 2084 1030 1787 1165 345 12 32608
internal_value=-0.008965 -0.00160223 -0.000897237 -0.000222046 -0.0128797 -0.0155724 -0.0139008 0.0188999 -0.030543
internal_weight=123471 92061.1 86648.8 82375.5 5412.28 4991.13 4273.32 421.145 31409.7
internal_count=123498 85245 82036 79607 3209 2952 2429 257 38253
is_linear=0
shrinkage=0.0622158


Tree=16
num_leaves=12
num_cat=0
split_feature=9 1 8 47 38 23 27 34 26 35 35
split_gain=5432.28 179.41 112.896 99.2129 67.8708 43.0398 24.5248 9.57649 2.80463 1.05471 0.642739
threshold=1.0000000180025095e-35 16.476808547973636 1.0000000180025095e-35 1.0000000180025095e-35 -0.24098854511976239 1.5804132819175722 -0.012380947824567555 33.148750305175788 -2.9946109236789193e-07 11.810312271118166 9.2394313812255877
decision_type=2 2 2 2 2 2 2 2 2 2 2
left_child=8 2 3 -2 -4 7 -7 -3 -1 10 -10
right_child=1 5 4 -5 -6 6 -8 -9 9 -11 -12
leaf_value=0 1.4947932800949143e-06 -0.46833710426846203 -0.0083980193040273723 -0.0051281030518167013 9.1647999800399479e-05 -2.630863822051301 -2.4692120982932133 -0.24855092340862153 0 0 0
leaf_weight=7784.9752280116081 1188.1456856131554 1601.2673452496529 40439.280262708664 232.8379208445549 44115.369550168514 161.87373101711273 1330.7563918232918 1179.4241273999214 57.137508451938629 25302.168377459049 77.594148993492126
leaf_count=6741 742 1120 37290 90 43594 27 278 1004 36 32484 92
internal_value=-0.00894803 -0.0010298 -0.000410871 0.01697 -0.000703629 -0.0134703 -0.0220038 -0.00886899 -0.0304564 -0.030815 -0.0234497
internal_weight=123471 90249 85975.6 1420.98 84554.6 4273.32 1492.63 2780.69 33221.9 25436.9 134.732
internal_count=123498 84145 81716 832 80884 2429 305 2124 39353 32612 128
is_linear=0
shrinkage=0.0622158


Tree=17
num_leaves=13
num_cat=0
split_feature=9 1 8 5 45 5 1 12 26 12 35 35
split_gain=5611.7 173.937 105.487 55.9991 49.3515 41.9684 26.3947 18.6953 2.80463 1.7871 1.05471 0.642739
threshold=1.0000000180025095e-35 12.693345069885256 1.0000000180025095e-35 29.121466636657718 1.0000000180025095e-35 140.52343750000003 25.40445709228516 -0.73191604018211354 -2.9946109236789193e-07 -0.51239988207817067 11.810312271118166 9.2394313812255877
decision_type=2 2 2 2 2 2 2 2 2 2 2 2
left_child=8 2 4 -4 -2 7 -7 -3 9 -1 11 -10
right_child=1 5 3 -5 -6 6 -8 -9 10 -11 -12 -13
leaf_value=0 1.4017934815247996e-06 0.36444157633628776 8.5946043794650069e-05 -0.12541497038210248 -0.00069168772960899732 0.10444881830922158 -2.4772750297254422 -0.36426551352328534 0 0 0 0
leaf_weight=24.75585800409317 971.47341024875641 180.66487914323807 70943.479643702507 12037.739899873734 449.51019620895386 172.04987984895706 1092.6423812508583 4401.394724547863 57.137508451938629 7760.219370007515 25302.168377459049 77.594148993492126
leaf_count=23 592 157 69081 10586 240 101 263 3125 36 6718 32484 92
internal_value=-0.00859574 -0.000547831 0.000170769 -0.00011683 0.01697 -0.0109241 -0.0209688 -0.00813888 -0.0304564 -0.0292748 -0.030815 -0.0234497
internal_weight=123471 90249 84402.2 82981.2 1420.98 5846.75 1264.69 4582.06 33221.9 7784.98 25436.9 134.732
internal_count=123498 84145 80499 79667 832 3646 364 3282 39353 6741 32612 128
is_linear=0
shrinkage=0.0622158


Tree=18
num_leaves=12
num_cat=0
split_feature=9 1 0 1 38 4 37 38 26 35 35
split_gain=5633.29 160.48 91.6674 85.0662 70.2759 53.9561 29.0385 14.9132 2.80463 1.05471 0.642739
threshold=1.0000000180025095e-35 12.693345069885256 0.08624999970197679 1.3163204193115237 -0.24098854511976239 82.499065399169936 0.91669219732284557 -0.87391665577888478 -2.9946109236789193e-07 11.810312271118166 9.2394313812255877
decision_type=2 2 2 2 2 2 2 2 2 2 2
left_child=8 2 3 -2 -4 7 -7 -3 -1 10 -10
right_child=1 5 4 -5 -6 6 -8 -9 9 -11 -12
leaf_value=0 8.0598839691422381e-05 -0.50210042744230754 -0.067044537081678998 -0.067323578461154415 0.015418858789565325 -2.1114624195282761 -0.1785136009106765 -0.22219516468070571 0 0 0
leaf_weight=7784.9752280116081 17416.358365476131 590.48786932229996 28498.678961038589 7018.9396389722824 31468.226184546947 1260.493349134922 267.95145678520203 3727.8191895484924 57.137508451938629 25302.168377459049 77.594148993492126
leaf_count=6741 12585 456 28376 5692 33846 346 133 2711 36 32484 92
internal_value=-0.00855373 -0.000490344 0.000199885 0.0034121 -0.00110856 -0.0104571 -0.020509 -0.00688624 -0.0304564 -0.030815 -0.0234497
internal_weight=123471 90249 84402.2 24435.3 59966.9 5846.75 1528.44 4318.31 33221.9 25436.9 134.732
internal_count=123498 84145 80499 18277 62222 3646 479 3167 39353 32612 128
is_linear=0
shrinkage=0.0622158


Tree=19
num_leaves=15
num_cat=0
split_feature=41 5 42 12 16 23 0 16 15 2 27 27 38 27
split_gain=5605.31 119.803 86.9402 91.8008 75.6263 61.9752 48.6465 43.0148 25.7378 19.4922 18.7193 9.7003 9.55243 5.46043
threshold=1.0000000180025095e-35 88.668270111083999 1.0000000180025095e-35 -0.11696974560618399 -3.1881225109100337 2.622413277626038 0.03024999983608723 -2.4275856018066402 -46.404693603515618 3.22632908821106 -1.0000000180025095e-35 -0.012380947824567555 0.42964264750480657 1.7861692640508411e-06
decision_type=2 2 2 2 2 2 2 2 2 2 2 2 2 2
left_child=1 2 3 -1 -4 8 10 9 -3 -8 11 -2 -7 -12
right_child=6 5 4 -5 -6 12 7 -9 -10 -11 13 -13 -14 -15
leaf_value=0.00060377597979558882 -0.011081536200971815 0.11779749524143228 0.16939018625210181 -0.034615021166781584 -0.73663828586472835 -2.12252307958514 1.1394609381509986 -2.7238468462657734 -0.33116226499041312 -0.4716066466157654 0 -3.6999436410970773e-06 -1.6318340205029016 0
leaf_weight=36496.833701908588 78.386604309082031 766.84238791465759 213.1849712729454 43765.385893583298 2893.6713469624519 740.44584906101227 138.25865995883942 360.03950381278992 2953.2034356594086 83.830012738704681 27102.096137046814 1131.8375743031502 276.30965411663055 6470.5045450925827
leaf_count=31155 9 436 50 48455 972 115 25 69 1840 80 34818 735 57 4682
internal_value=-0.00881506 -0.000416046 0.000130519 0.000526258 -0.0100783 -0.0100393 -0.029738 -0.0117729 -0.00630226 0.00962078 -0.0300372 -0.0222709 -0.0236523 -0.0303153
internal_weight=123471 88105.9 83369.1 80262.2 3106.86 4736.8 35365 582.128 3720.05 222.089 34782.8 1210.22 1016.76 33572.6
internal_count=123498 83080 80632 79610 1022 2448 40418 174 2276 105 40244 744 172 39500
is_linear=0
shrinkage=0.0622158


Tree=20
num_leaves=15
num_cat=0
split_feature=41 13 1 42 9 12 12 7 23 15 44 7 51 12
split_gain=5295.79 160.366 113.539 70.2775 67.0402 64.6434 48.0883 45.5261 33.8705 14.07 9.83304 8.37976 7.88495 4.17797
threshold=1.0000000180025095e-35 1.2069013714790346 7.6076364517211923 1.0000000180025095e-35 0.0059239421971142301 -0.079710740596055971 -0.64246210455894459 0.011797648854553701 1.5804132819175722 65.402240753173842 1.0000000180025095e-35 0.0026106464210897688 1.0000000180025095e-35 -0.26752336323261255
decision_type=2 2 2 2 2 2 2 2 2 2 2 2 2 2
left_child=2 9 3 5 13 -1 10 -5 -8 11 -4 -2 -6 -3
right_child=1 4 6 7 12 -7 8 -9 -10 -11 -12 -13 -14 -15
leaf_value=0.00056621155851393969 0 0 0.37449018977669934 0.12942195585278585 0.073200202178324458 -0.025400468515080925 -0.21501215771429777 -0.68942248176354382 -0.66118074731381038 -2.9682460616166413 -0.027628640368234082 0.013682528842768313 -0.0047708042897323943 0
leaf_weight=36537.746837496758 2186.5961109995842 209.07883405685425 393.85879021883011 388.95374435186386 179.21450090408325 38963.236654281616 7059.6987961530685 2248.3172479867935 2003.9492991566658 196.83899146318436 201.89332240819931 122.79008883237839 317.7811650633812 32016.326596915722
leaf_count=31094 1434 158 330 126 26 43780 6130 755 444 35 179 76 51 38616
internal_value=-0.00854718 -0.0289246 -0.000370071 0.000416239 -0.0300873 0.000765422 -0.0067331 -0.00956332 -0.00786081 -0.0137223 0.0103482 -0.0123227 -0.00730306 -0.0304374
internal_weight=123026 35228.6 87797.7 78138.3 32722.4 75501 9659.4 2637.27 9063.65 2506.23 595.752 2309.39 496.996 32225.4
internal_count=123234 40396 82838 75755 38851 74874 7083 881 6574 1545 509 1510 77 38774
is_linear=0
shrinkage=0.0622158


Tree=21
num_leaves=11
num_cat=0
split_feature=10 1 22 22 42 23 38 25 26 42
split_gain=5297.47 119.421 74.0893 91.5348 75.1458 47.7753 13.0759 12.6014 1.58234 0.845676
threshold=1.0000000180025095e-35 25.40445709228516 0.45297336578369146 0.45298592746257788 1.0000000180025095e-35 2.622413277626038 -0.26907524466514582 0.0038369676331058149 -2.9946109236789193e-07 1.0000000180025095e-35
decision_type=2 2 2 2 2 2 2 2 2 2
left_child=8 2 4 -4 -2 6 -3 -7 -1 -10
right_child=1 5 3 -5 -6 7 -8 -9 9 -11
leaf_value=0 0.00041820689246729512 -0.62156005975755058 0 -0.039158734803882496 -0.50074350484000851 -0.4470933672982686 -0.17533944087654735 -2.3454080232021459 0 0
leaf_weight=6012.3991605043411 37625.64596670866 793.14489805698395 2185.7954114079475 46657.308965146542 2517.267933011055 135.49041998386383 1005.9475772976875 790.27500748634338 24860.013607442379 442.99203324317932
leaf_count=5646 32779 447 1131 48958 868 19 650 107 32541 88
internal_value=-0.008452 -0.000907446 -0.000514105 -0.00214183 0.00146563 -0.0137341 -0.00778838 -0.0252239 -0.030545 -0.03081
internal_weight=123026 91710.9 88986 48843.1 40142.9 2724.86 1799.09 925.765 31315.4 25303
internal_count=123234 84959 83736 50089 33647 1223 1097 126 38275 32629
is_linear=0
shrinkage=0.0622158


Tree=22
num_leaves=14
num_cat=0
split_feature=9 13 2 41 4 22 13 49 25 35 35 29 26
split_gain=5161.81 125.129 114.071 64.1765 53.7415 33.6582 22.2205 19.6532 12.8838 4.98046 3.64033 3.55273 2.25735
threshold=1.0000000180025095e-35 0.77561917901039135 39.01892280578614 1.0000000180025095e-35 -7.4460318088531485 0.49930781126022344 0.71601268649101268 1.0000000180025095e-35 -0.031098727136850354 105.91477203369142 14.474734306335451 116.55839920043947 -2.9946109236789193e-07
decision_type=2 2 2 2 2 2 2 2 2 2 2 2 2
left_child=1 8 3 4 -2 10 -7 -5 -1 -10 -4 12 -3
right_child=2 11 5 7 -6 6 -8 -9 9 -11 -12 -13 -14
leaf_value=2.3019504965994748e-07 0.054312444902718915 0 0.59337241382824069 -2.9488835831127183e-05 -0.00013600385825989587 -2.2056421395239378 -0.6922100226973944 1.3632301316601054e-05 0 0 0.57388673304732662 0 0
leaf_weight=56.732677459716797 16548.390447378159 6655.1498225331306 56.9788498878479 1598.1549283862114 68737.046001911163 634.54861176013947 2003.4071889519691 249.56660974025726 558.96321845054626 440.52657437324524 63.796818792819977 98.851550221443176 25324.167680442333
leaf_count=6 14485 6062 14 835 67165 128 1073 151 358 262 29 34 32632
internal_value=-0.0087756 -0.0297656 -0.00103792 -0.000643076 -0.000394063 -0.0134906 -0.0149697 -0.0121103 -0.00863953 -0.0103046 0.0183472 -0.0304598 -0.0304982
internal_weight=123026 33134.4 89891.9 87133.2 85285.4 2758.73 2637.96 1847.72 1056.22 999.49 120.776 32078.2 31979.3
internal_count=123234 39354 83880 82636 81650 1244 1201 986 626 620 43 38728 38694
is_linear=0
shrinkage=0.0622158


Tree=23
num_leaves=12
num_cat=0
split_feature=9 27 28 0 28 37 23 34 0 26 35
split_gain=5126.94 360.515 110.947 91.1166 63.0434 58.9165 53.0258 22.7428 14.1458 2.75442 3.01261
threshold=1.0000000180025095e-35 -1.0000000180025095e-35 163.95479583740237 0.03024999983608723 28.233539581298832 -0.27762107551097864 2.622413277626038 26.38414287567139 0.1722500026226044 -2.9946109236789193e-07 11.810312271118166
decision_type=2 2 2 2 2 2 2 2 2 2 2
left_child=1 -1 3 5 -5 -2 7 -4 -8 -3 -11
right_child=2 9 6 4 -6 -7 8 -9 -10 10 -12
leaf_value=2.3019504965994748e-07 1.5466973594621912e-05 0 -1.0925204405461062 0.014985200306678385 -0.096889961697517749 -2.7654163553106327e-05 -2.2208465629023211 -0.18209683397396176 -1.7705481997492185 0 0
leaf_weight=373.24678015708923 2003.8574488759041 7434.598847925663 369.63101065158844 57842.129940152168 21502.091298103333 5222.1354866027832 698.95930755138397 1848.8345949649811 404.25036990642548 137.55326324701309 25188.99263215065
leaf_count=239 1416 6480 128 58927 19372 2920 103 938 76 141 32494
internal_value=-0.00884662 -0.0297656 -0.00113512 -0.000706485 -9.69027e-05 -0.00739422 -0.0122915 -0.00672059 -0.0234418 -0.0304591 -0.0308103
internal_weight=123026 33134.4 89891.9 86570.2 79344.2 7225.99 3321.68 2218.47 1103.21 32761.1 25326.5
internal_count=123234 39354 83880 82635 78299 4336 1245 1066 179 39115 32635
is_linear=0
shrinkage=0.0622158


Tree=24
num_leaves=11
num_cat=0
split_feature=10 41 27 2 42 4 16 0 26 42
split_gain=5118 192.286 132.6 74.714 48.5106 29.0931 28.1832 5.29177 1.58234 0.845676
threshold=1.0000000180025095e-35 1.0000000180025095e-35 1.512279279580753e-08 13.4616756439209 1.0000000180025095e-35 82.499065399169936 -0.9722001552581786 0.03024999983608723 -2.9946109236789193e-07 1.0000000180025095e-35
decision_type=2 2 2 2 2 2 2 2 2 2
left_child=8 3 6 4 -2 -5 -3 -4 -1 -10
right_child=1 2 7 5 -6 -7 -8 -9 9 -11
leaf_value=0 0.00039968710706647051 2.0155149936401184e-07 0 -0.16904829647432495 -0.5466562370146657 -1.0215812944002876 -2.5462008550199191 -0.45969415751046533 0 0
leaf_weight=6012.3991605043411 76768.783632934093 1505.8472918272018 2108.8719962835312 6577.1354147195816 2701.3942915797234 1750.3413528203964 198.65723371505737 99.844965219497681 24860.013607442379 442.99203324317932
leaf_count=5646 75957 779 1207 5266 888 727 29 106 32541 88
internal_value=-0.00882944 -0.00141377 -0.0149055 -0.00081183 -0.000223863 -0.0064181 -0.00184518 -0.0249622 -0.030545 -0.03081
internal_weight=123026 91710.9 3913.22 87797.7 79470.2 8327.48 1704.5 2208.72 31315.4 25303
internal_count=123234 84959 2121 82838 76845 5993 808 1313 38275 32629
is_linear=0
shrinkage=0.0622158


Tree=25
num_leaves=11
num_cat=0
split_feature=9 27 1 0 42 37 28 12 37 26
split_gain=5237.74 351.639 104.259 86.4852 69.337 68.8968 49.5848 30.8606 28.8858 2.11599
threshold=1.0000000180025095e-35 -1.0000000180025095e-35 7.6076364517211923 0.03024999983608723 1.0000000180025095e-35 -0.22702728956937787 163.95479583740237 -0.68799930810928334 0.91669219732284557 -2.9946109236789193e-07
decision_type=2 2 2 2 2 2 2 2 2 2
left_child=1 -1 3 5 -5 -2 7 -4 -8 -3
right_child=2 9 6 4 -6 -7 8 -9 -10 -11
leaf_value=2.0333358150428332e-07 0.00026819053562619419 0 0.3239852729852124 0.014261611295211819 -0.59574677333932713 -3.7911256489049011e-05 -1.4994915768496138 -0.19593122005227626 0.15177929978202809 0
leaf_weight=363.78985553979874 2235.5712934136391 7406.1886026859283 500.52181124687195 71004.350627660751 2772.9839571118355 4666.3610404729843 1249.548947095871 7803.8551371693611 241.11042553186417 25278.088608086109
leaf_count=239 1398 6513 457 72270 908 2605 343 6254 113 32512
internal_value=-0.00860059 -0.0297978 -0.00085707 -0.000120728 0.00050197 -0.00678015 -0.00691801 -0.00503538 -0.0173696 -0.0304756
internal_weight=123522 33048.1 90474.3 80679.3 73777.3 6901.93 9795.04 8304.38 1490.66 32684.3
internal_count=123612 39264 84348 77181 73178 4003 7167 6711 456 39025
is_linear=0
shrinkage=0.0622158


Tree=26
num_leaves=15
num_cat=0
split_feature=8 27 9 1 23 28 16 37 16 15 23 12 34 33
split_gain=5224.72 212.338 165.093 100.078 73.4655 44.3661 41.0854 74.0009 50.8159 32.2171 28.3447 22.2027 10.1264 7.406
threshold=1.0000000180025095e-35 -1.0000000180025095e-35 1.0000000180025095e-35 8.7319302558898944 0.27733279764652258 163.95479583740237 -3.498293280601501 0.0210664626210928 -2.3000913858413692 1.5967637896537783 2.622413277626038 -0.64246210455894459 20.679227828979496 191.51667022705081
decision_type=2 2 2 2 2 2 2 2 2 2 2 2 2 2
left_child=1 2 -1 6 9 11 7 -2 -8 -3 -7 -5 -4 -6
right_child=3 4 12 5 13 10 8 -9 -10 -11 -12 -13 -14 -15
leaf_value=1.9068301478429003e-07 0.00035813454788186083 0 1.6850823500114318e-05 0.30382826162549104 -2.3805151840010271e-05 -0.47793642493111527 0.075769525371998464 -0.00014832992261514205 -0.011028928014954876 0.045052113615262575 -1.8430631306264547 -0.19980964266859055 -2.3587496483358016e-05 0.00027301437756968762
leaf_weight=363.78985553979874 3321.3222029805183 32960.508022010326 92.831580758094788 455.25402790307999 83.308733999729156 720.79435932636261 20155.639809608459 2803.240801692009 54245.590380072594 50.719570994377136 712.8155061006546 6565.9750385284424 863.36725276708603 127.21316373348236
leaf_count=239 1881 39189 89 398 24 334 15964 1626 58018 28 97 5182 516 27
internal_value=-0.00863517 -0.0291715 -0.00466587 -0.000662366 -0.030144 -0.00710103 1.33978e-05 -0.00488368 0.000417024 -0.0303778 -0.0170791 -0.00505605 -0.0182548 0.00632932
internal_weight=123522 34541.7 1319.99 88980.6 33221.7 8454.84 80525.8 6124.56 74401.2 33011.2 1433.61 7021.23 956.199 210.522
internal_count=123612 40112 844 83500 39268 6011 77489 3507 73982 39217 431 5580 605 51
is_linear=0
shrinkage=0.0622158


Tree=27
num_leaves=15
num_cat=0
split_feature=41 27 9 9 28 0 38 13 13 13 27 32 13 19
split_gain=5265.89 205.697 160.822 80.7671 73.3403 53.5242 301.443 58.8994 27.8152 26.7161 26.6202 21.4354 18.7924 9.03734
threshold=1.0000000180025095e-35 -1.0000000180025095e-35 1.0000000180025095e-35 0.0021911154035478835 38.335302352905281 0.03024999983608723 -0.24098854511976239 2.2236742973327641 0.73562997579574596 0.86889514327049266 -0.048890614882111542 437.50000000000006 2.103863120079041 0.030156608670949939
decision_type=2 2 2 2 2 2 2 2 2 2 2 2 2 2
left_child=4 2 -2 13 5 6 -1 -7 10 -5 -6 -10 -4 -3
right_child=1 3 12 9 8 7 -8 -9 11 -11 -12 -13 -14 -15
leaf_value=0.00038909020952339058 1.7881951352172406e-07 0 -2.2119980907166578e-05 -1.8480146594991269 -2.6183465106423429 0.029136826434651195 -0.00013910145396411024 -0.054226851103384294 -0.16644411681629925 -0.19512832773065025 -0.63768994888118846 0.066783414185672352 0.0002312510535326549 -0.19480190639481326
leaf_weight=2836.3494166135788 363.78985553979874 32969.678239345551 772.17789524793625 237.62079739570618 134.87105149030685 55356.026055932045 3010.593242764473 10179.577109754086 12792.375843644142 657.51581448316574 1427.3185304403305 2609.3859906792641 37.037670731544495 138.05279195308685
leaf_count=1739 239 39193 482 79 20 56792 1696 9727 10362 130 409 2547 10 187
internal_value=-0.0086453 -0.0290028 -0.00335301 -0.0298866 -0.000539081 0.000334406 -0.00536776 0.000843727 -0.00421616 -0.0113653 -0.0121308 -0.00341026 -0.0188166 -0.0303858
internal_weight=123522 35175.9 1173.01 34002.9 88346.5 71382.5 5846.94 65535.6 16964 895.137 1562.19 15401.8 809.216 33107.7
internal_count=123612 40320 731 39589 83292 69954 3435 66519 13338 209 429 12909 492 39380
is_linear=0
shrinkage=0.0622158


Tree=28
num_leaves=14
num_cat=0
split_feature=9 13 28 16 38 42 13 45 37 11 29 32 26
split_gain=5242.55 117.535 87.3514 71.1752 288.41 80.1257 45.2976 21.4589 6.79099 4.88089 3.82763 3.25272 2.02469
threshold=1.0000000180025095e-35 0.882978916168213 107.10841751098634 -3.498293280601501 -0.24098854511976239 1.0000000180025095e-35 0.71601268649101268 1.0000000180025095e-35 0.80245420336723339 0.5459515154361726 276.72738647460943 19.500000000000004 -2.9946109236789193e-07
decision_type=2 2 2 2 2 2 2 2 2 2 2 2 2
left_child=1 9 3 4 -2 -5 8 -8 -4 11 12 -1 -3
right_child=2 10 6 5 -6 -7 7 -9 -10 -11 -12 -13 -14
leaf_value=1.6769410978906192e-07 0.0003333725354078556 0 -1.6955210687923752 0.0099025434094477637 -0.00013044714211260733 -0.58436595994173346 -0.19625262251222603 -0.76737846051016512 -0.85292134682962706 -3.9962523582577861e-08 0 0 0
leaf_weight=106.01599532365799 3760.0162686109543 6683.7753279209137 483.82197904586792 74770.368296861649 3858.2178495526314 2946.9356578588486 3457.3526598215103 1061.1069878935814 136.48354005813599 40.713296413421631 21.936682820320129 917.53715574741364 25278.088608086109
leaf_count=146 2230 6062 64 76578 2125 987 1911 424 29 5 9 530 32512
internal_value=-0.00859088 -0.0297978 -0.000843806 -0.000368961 -0.00610741 0.000193257 -0.00872073 -0.00654217 -0.0244858 -0.00939916 -0.0304751 -0.0102586 -0.0304931
internal_weight=123522 33048.1 90474.3 85335.5 7618.23 77717.3 5138.77 4518.46 620.306 1064.27 31983.8 1023.55 31961.9
internal_count=123612 39264 84348 81920 4355 77565 2428 2335 93 681 38583 676 38574
is_linear=0
shrinkage=0.0622158


Tree=29
num_leaves=10
num_cat=0
split_feature=10 0 28 42 24 37 31 10 25
split_gain=5199.92 186.766 71.2817 61.0411 58.7004 59.9661 31.142 27.985 1.66719
threshold=1.0000000180025095e-35 0.03024999983608723 38.335302352905281 1.0000000180025095e-35 17.010346412658695 -0.14765030890703199 220.50000000000003 0.094324387609958663 -2.9709765314578359e-08
decision_type=2 2 2 2 2 2 2 2 2
left_child=8 4 3 -3 7 -6 -4 -2 -1
right_child=1 2 6 -5 5 -7 -8 -9 -10
leaf_value=0 0.011426878342449551 0.017018991025355562 -0.21040244063766322 -0.50409852485927431 0 -1.2627891333175497e-05 0.012689913072186922 -0.0081037548760465022 0
leaf_weight=6688.3696440458298 430.01169085502625 63230.393683373928 12167.776228487492 2798.5174427032471 3180.7484610676765 5575.4578775167465 4747.8526941537857 78.386604309082031 24624.855979502201
leaf_count=6586 277 65722 8925 929 2008 3140 4410 9 31606
internal_value=-0.00861231 -0.001173 -0.000236741 0.000686029 -0.0095504 -0.0107458 -0.00384029 0.0109478 -0.030517
internal_weight=123522 92209.1 82944.5 66028.9 9264.6 8756.21 16915.6 508.398 31313.2
internal_count=123612 85420 79986 66651 5434 5148 13335 286 38192
is_linear=0
shrinkage=0.0622158


Tree=30
num_leaves=11
num_cat=0
split_feature=11 41 13 13 23 4 24 1 25 25
split_gain=4783.88 278.538 121.251 173.925 103.431 62.7178 63.4537 29.2385 1.79733 0.204096
threshold=1.0000000180025095e-35 1.0000000180025095e-35 1.2069013714790346 1.3651566505432131 1.179973900318146 -7.4460318088531485 36.861074447631843 -7.5850574970245352 -0.0014120201813057063 -2.9709765314578359e-08
decision_type=2 2 2 2 2 2 2 2 2 2
left_child=8 5 4 -4 -3 7 -7 -2 -1 -10
right_child=1 2 3 -5 -6 6 -8 -9 9 -11
leaf_value=0 0.35535789141797502 1.6769410978906192e-07 0 7.8565468950733262e-07 -0.0047791767777846262 -0.27643452112186861 -0.00012154561073160906 0.03310431978576759 0 0
leaf_weight=61.519808948040009 2949.9401232600212 1988.9061175584793 3513.9362189173698 924.18135929107666 651.85761731863022 2670.8967778682709 69092.010239601135 13688.88056319952 3634.4383299350739 24533.15380936861
leaf_count=12 2193 1455 2573 472 116 1821 66890 12285 4067 31647
internal_value=-0.008159 -0.00150607 -0.0133799 -0.0196604 -0.00280786 -0.000554697 -0.00135295 0.00288609 -0.0306591 -0.0306849
internal_weight=123710 95480.6 7078.88 4438.12 2640.76 88401.7 71762.9 16638.8 28229.1 28167.6
internal_count=123531 87805 4616 3045 1571 83189 68711 14478 35726 35714
is_linear=0
shrinkage=0.0622158


Tree=31
num_leaves=11
num_cat=0
split_feature=11 41 29 29 28 37 1 31 27 26
split_gain=4833.64 202.051 346.824 89.591 63.137 63.0545 38.2522 25.7024 2.38839 0.271278
threshold=1.0000000180025095e-35 1.0000000180025095e-35 27.782138824462894 14.11900854110718 38.335302352905281 -0.14765030890703199 -2.4856148958206172 220.50000000000003 0.00068964922684244822 -2.9946109236789193e-07
decision_type=2 2 2 2 2 2 2 2 2 2
left_child=8 4 3 -3 6 -4 -2 -6 9 -1
right_child=1 2 5 -5 7 -7 -8 -9 -10 -11
leaf_value=0 0.072896457124883435 1.4682765468861196e-07 -1.0433227550224992e-08 0 -0.19377130892987815 7.7522146195710767e-07 -3.2716309259971259e-05 -0.0018888225844496782 0 0
leaf_weight=3017.2347063422203 18894.454177975655 636.80379909276962 898.30623954534531 4135.514925301075 12383.475109755993 1408.2563491463661 52267.590555608273 4856.2078605890274 50.653559982776642 25161.223681926727
leaf_count=3181 16568 732 314 3077 9050 493 53169 4402 9 32536
internal_value=-0.00804231 -0.00135488 -0.0114679 -0.0210416 -0.000544529 0.00832744 0.000273461 -0.00392257 -0.0306591 -0.0306851
internal_weight=123710 95480.6 7078.88 4772.32 88401.7 2306.56 71162 17239.7 28229.1 28178.5
internal_count=123531 87805 4616 3809 83189 807 69737 13452 35726 35717
is_linear=0
shrinkage=0.0622158


Tree=32
num_leaves=10
num_cat=0
split_feature=10 6 9 38 38 23 0 38 27
split_gain=5576.27 94.0237 84.8437 80.8619 44.1937 39.8169 17.2928 12.7004 1.36793
threshold=1.0000000180025095e-35 206.63366699218753 1.0000000180025095e-35 -0.29629041254520411 -0.6718555986881255 2.622413277626038 0.47524999082088476 0.12551109492778781 1.512279279580753e-08
decision_type=2 2 2 2 2 2 2 2 2
left_child=8 2 3 -2 -4 7 -7 -3 -1
right_child=1 5 4 -5 -6 6 -8 -9 -10
leaf_value=0 -9.7841156806924471e-09 -0.44311620433238924 -0.01989314630076712 7.2699041839457374e-07 0.00030050182753988563 -1.5916864698193278 -0.4988683421647726 0.13667991407233762 0
leaf_weight=24559.253659725189 885.00381290912628 1291.9561055898666 21580.642712771893 1013.0869174003601 66355.678016006947 735.51011598110199 149.41246962547302 488.25924563407898 6650.9179096221924
leaf_count=31684 514 764 20344 585 62649 114 30 333 6514
internal_value=-0.00781946 -0.000146264 0.000195141 0.0132041 -8.55226e-05 -0.0116594 -0.0224489 -0.00626421 -0.0305589
internal_weight=123710 92499.5 89834.4 1898.09 87936.3 2665.14 884.923 1780.22 31210.2
internal_count=123531 85333 84092 1099 82993 1241 144 1097 38198
is_linear=0
shrinkage=0.0622158


Tree=33
num_leaves=12
num_cat=0
split_feature=10 6 45 49 5 34 0 51 26 35 35
split_gain=5493.68 82.2266 50.0979 93.4088 61.9678 41.5441 22.5856 10.6044 1.45512 1.03548 0.17847
threshold=1.0000000180025095e-35 206.63366699218753 1.0000000180025095e-35 1.0000000180025095e-35 23.336247444152836 56.76701736450196 0.038750000298023231 1.0000000180025095e-35 -2.9946109236789193e-07 11.810312271118166 9.2394313812255877
decision_type=2 2 2 2 2 2 2 2 2 2 2
left_child=8 2 3 -2 -4 7 -7 -3 -1 10 -10
right_child=1 5 4 -5 -6 6 -8 -9 9 -11 -12
leaf_value=0 6.4331318116266241e-07 -0.51729791107315681 -1.7866701106992539e-05 0.11711523324155126 -0.19650891475258525 -1.8063412396041738 -0.21942485896782271 -1.332602496621264 0 0 0
leaf_weight=6048.9478874206543 45264.455650091171 78.169124066829681 32092.761334180832 7079.876623570919 5397.3178512454033 157.13923811912537 1804.8800244927406 624.94955015182495 45.851087391376495 25025.081221044064 90.291373491287231
leaf_count=5662 43366 43 28496 7310 4920 19 1030 149 38 32388 110
internal_value=-0.00798848 -0.000372315 -5.23755e-05 0.00119066 -0.00178873 -0.0111388 -0.00645761 -0.0241159 -0.0305589 -0.0308188 -0.0235282
internal_weight=123710 92499.5 89834.4 52344.3 37490.1 2665.14 1962.02 703.119 31210.2 25161.2 136.142
internal_count=123531 85333 84092 50676 33416 1241 1049 192 38198 32536 148
is_linear=0
shrinkage=0.0622158


Tree=34
num_leaves=12
num_cat=0
split_feature=10 8 22 19 4 45 38 13 26 35 35
split_gain=5522.94 88.1881 73.8755 68.3184 51.9809 47.5797 41.5741 38.3867 1.45512 1.03548 0.17847
threshold=1.0000000180025095e-35 1.0000000180025095e-35 0.45297336578369146 0.4561950564384461 -7.4460318088531485 1.0000000180025095e-35 -0.60645946860313404 0.71601268649101268 -2.9946109236789193e-07 11.810312271118166 9.2394313812255877
decision_type=2 2 2 2 2 2 2 2 2 2 2
left_child=8 2 6 4 -3 -4 -2 -5 -1 10 -10
right_child=1 3 5 7 -6 -7 -8 -9 9 -11 -12
leaf_value=0 0.0012186696799954234 0.068453747948824056 6.2438027382889439e-07 -1.3213395595514263 -0.00018470702466450329 1.7549047478288195e-06 -3.365004735228702e-05 -0.34752549533124971 0 0 0
leaf_weight=6048.9478874206543 377.12593924999237 16441.741660892963 1225.140151143074 625.01019489765167 69864.705694317818 672.95057916641235 1130.4432802796364 2162.4318959712982 45.851087391376495 25025.081221044064 90.291373491287231
leaf_count=5662 183 14372 784 112 67800 315 660 1107 38 32388 110
internal_value=-0.00792847 -0.000292057 0.00953072 -0.000668041 -0.000357962 0.0176928 -0.000732385 -0.0102524 -0.0305589 -0.0308188 -0.0235282
internal_weight=123710 92499.5 3405.66 89093.9 86306.4 1898.09 1507.57 2787.44 31210.2 25161.2 136.142
internal_count=123531 85333 1942 83391 82172 1099 843 1219 38198 32536 148
is_linear=0
shrinkage=0.0622158


Tree=35
num_leaves=10
num_cat=0
split_feature=10 9 6 37 45 0 34 34 27
split_gain=5382.9 178.422 91.7319 64.4849 99.5825 55.4679 45.0735 7.68897 1.32683
threshold=1.0000000180025095e-35 1.0000000180025095e-35 206.63366699218753 -0.14765030890703199 1.0000000180025095e-35 0.03024999983608723 59.594900131225593 239.58806610107425 1.512279279580753e-08
decision_type=2 2 2 2 2 2 2 2 2
left_child=8 3 5 4 -2 -3 -4 -5 -1
right_child=1 2 6 7 -6 -7 -8 -9 -10
leaf_value=0 -9.7830099897446401e-08 -3.6773514793631363e-05 -1.2460785662282263 6.5112055723255123e-07 9.9323332944538005e-07 -0.0041125929191429197 -0.35156110136529983 6.4198555342139133e-07 0
leaf_weight=24607.220948338509 421.62643581628799 7057.0328384041786 728.9334711432457 986.70066702365875 309.44110929965973 80283.737822413445 2023.5859950780869 126.5041036605835 6569.0799795389175
leaf_count=31653 317 4244 201 531 131 78491 1059 123 6506
internal_value=-0.00820451 -0.000628343 -0.00102095 0.0185192 0.00410049 -0.000668042 -0.0122015 0.0279421 -0.0305442
internal_weight=123114 91937.6 90093.3 1844.27 731.068 87340.8 2752.52 1113.2 31176.3
internal_count=123256 85097 83995 1102 448 82735 1260 654 38159
is_linear=0
shrinkage=0.0622158


Tree=36
num_leaves=12
num_cat=0
split_feature=10 9 1 37 45 0 23 49 27 35 35
split_gain=5393.49 177.874 86.3326 64.4849 99.5825 42.4594 41.2513 11.3461 1.32683 1.2596 0.287305
threshold=1.0000000180025095e-35 1.0000000180025095e-35 12.693345069885256 -0.14765030890703199 1.0000000180025095e-35 0.034250000491738326 2.622413277626038 1.0000000180025095e-35 1.512279279580753e-08 11.810312271118166 9.2394313812255877
decision_type=2 2 2 2 2 2 2 2 2 2 2
left_child=8 3 5 4 -2 -3 -4 -5 9 10 -1
right_child=1 2 6 7 -6 -7 -8 -9 -10 -11 -12
leaf_value=0 -9.1743519427952312e-08 -2.9355265237327686e-05 -0.23963296339697057 6.0821854658659286e-07 9.3143849747658805e-07 -0.00033750828697820539 -0.92497698796622385 1.6436588240602323e-06 0 0 0
leaf_weight=44.440284669399261 421.62643581628799 8273.8566895127296 4676.2484115362167 901.71731156110764 309.44110929965973 75957.499393165112 1185.6856328248978 211.48745912313461 6569.0799795389175 24474.605494260788 88.175169408321381
leaf_count=36 317 5290 3447 526 131 75085 173 128 6506 31510 107
internal_value=-0.00818255 -0.00059894 -0.000990948 0.0185192 0.00410049 -0.000482414 -0.00829088 0.0279421 -0.0305442 -0.0308105 -0.0230017
internal_weight=123114 91937.6 90093.3 1844.27 731.068 84231.4 5861.93 1113.2 31176.3 24607.2 132.615
internal_count=123256 85097 83995 1102 448 80375 3620 654 38159 31653 143
is_linear=0
shrinkage=0.0622158


Tree=37
num_leaves=9
num_cat=0
split_feature=10 1 28 41 16 16 37 38
split_gain=5407.26 84.1217 42.4728 41.4234 71.1251 41.2317 27.1182 11.2057
threshold=1.0000000180025095e-35 16.476808547973636 163.95479583740237 1.0000000180025095e-35 -3.498293280601501 -3.498293280601501 0.91669219732284557 -0.6718555986881255
decision_type=2 2 2 2 2 2 2 2
left_child=-1 3 7 5 -5 -2 -4 -3
right_child=1 2 6 4 -6 -7 -8 -9
leaf_value=0 -3.3810873951442787e-05 -0.46011681758794948 -1.1084559876495967 5.6363473090550975e-07 -0.49868105527338807 -0.00071731640076752395 -0.27798731688962913 -0.12075580416948715
leaf_weight=31176.300927877426 6069.7792325019836 661.83002597093582 1064.8855107426643 3063.0839556455612 574.91309177875519 77916.312580406666 249.64387547969818 2337.1141703128815
leaf_count=38159 3547 451 250 1787 257 77096 103 1606
internal_value=-0.00815402 -0.000560735 -0.00904147 -0.000142751 0.00635489 -0.000424686 -0.0183691 -0.00493536
internal_weight=123114 91937.6 4313.47 87624.1 3638 83986.1 1314.53 2998.94
internal_count=123256 85097 2410 82687 2044 80643 353 2057
is_linear=0
shrinkage=0.0622158


Tree=38
num_leaves=12
num_cat=0
split_feature=10 1 8 28 13 15 37 26 26 35 35
split_gain=5441.78 83.4022 67.506 42.6005 38.9139 33.8212 26.7717 11.4562 1.46416 1.17502 0.190445
threshold=1.0000000180025095e-35 16.476808547973636 1.0000000180025095e-35 163.95479583740237 2.8099822998046879 13.367313861846926 0.91669219732284557 -0.042853696271777146 -2.9946109236789193e-07 11.810312271118166 9.2394313812255877
decision_type=2 2 2 2 2 2 2 2 2 2 2
left_child=8 2 5 7 -4 -2 -5 -3 -1 10 -10
right_child=1 3 4 6 -6 -7 -8 -9 9 -11 -12
leaf_value=0 5.2913607238619697e-07 0.14083350993267954 9.5441868028043834e-07 -1.039492482830586 -0.046271021651039898 -0.0070230126495854066 -0.2606921063611603 -0.22659598920553825 0 0 0
leaf_weight=5992.8609157800674 3092.6666345000267 230.08485907316208 76414.037097871304 1064.8855107426643 7984.6371208429337 132.74800711870193 249.64387547969818 2768.8593372106552 44.440284669399261 25045.886748492718 93.112978935241699
leaf_count=5690 1871 108 74283 250 6477 56 103 1949 36 32319 114
internal_value=-0.00808266 -0.000465175 -4.89865e-05 -0.00890949 -0.000386995 0.00878203 -0.0182508 -0.00479744 -0.0305442 -0.0308034 -0.0232895
internal_weight=123114 91937.6 87624.1 4313.47 84398.7 3225.41 1314.53 2998.94 31176.3 25183.4 137.553
internal_count=123256 85097 82687 2410 80760 1927 353 2057 38159 32469 150
is_linear=0
shrinkage=0.0622158


Tree=39
num_leaves=10
num_cat=0
split_feature=10 6 8 34 42 4 14 15 26
split_gain=5471.02 88.7665 60.6305 45.9266 41.9243 32.821 18.0821 15.085 1.46416
threshold=1.0000000180025095e-35 206.63366699218753 1.0000000180025095e-35 56.76701736450196 1.0000000180025095e-35 -13.331207275390623 1.0003283619880678 65.402240753173842 -2.9946109236789193e-07
decision_type=2 2 2 2 2 2 2 2 2
left_child=8 2 5 7 -4 -2 -5 -3 -1
right_child=1 3 4 6 -6 -7 -8 -9 -10
leaf_value=0 -0.0065860701168190443 -0.38667270827817124 -2.5657709381822194e-07 -0.46501273376278607 -0.46626627366447032 4.9621543459407808e-07 0.25897739006312476 -1.0639311352089877 0
leaf_weight=5992.8609157800674 132.74800711870193 151.93694442510605 82370.956348478794 1766.406064748764 3588.6719865202904 3092.6666345000267 272.67923760414124 561.49721944332123 25183.440012097359
leaf_count=5690 56 91 80818 969 1092 1871 97 103 32469
internal_value=-0.0080224 -0.000384482 -4.44171e-05 -0.0113857 -0.000359057 0.0083276 -0.00660183 -0.0249724 -0.0305442
internal_weight=123114 91937.6 89185 2752.52 85959.6 3225.41 2039.09 713.434 31176.3
internal_count=123256 85097 83837 1260 81910 1927 1066 194 38159
is_linear=0
shrinkage=0.0622158


Tree=40
num_leaves=12
num_cat=0
split_feature=10 22 8 23 23 38 38 41 35 25 26
split_gain=5551.63 56.2171 54.051 48.8274 46.9342 43.0941 20.4237 12.168 1.87009 2.2718 1.60347
threshold=1.0000000180025095e-35 1.2392588257789614 0.0008423050749115647 0.20642441511154178 1.5804132819175722 -0.6718555986881255 2.1000015735626225 1.0000000180025095e-35 11.810312271118166 -1.0000000180025095e-35 -2.9946109236789193e-07
decision_type=2 2 2 2 2 2 2 2 2 2 2
left_child=8 2 3 -2 7 -4 -6 -3 9 -1 -10
right_child=1 4 5 -5 6 -7 -8 -9 10 -11 -12
leaf_value=0 -2.4479701468575965e-05 -0.022555231624235655 -0.034554264481960847 5.0018044830448866e-07 -1.012645793699904 0.00041336090739364236 0.35919574535998894 -0.33305637045306774 0 0 0
leaf_weight=131.20465314388275 1620.4023089408875 1016.2237471938133 20882.554794430733 2884.2474418878555 659.8430842757225 64477.619091272354 109.89388608932495 158.42145210504532 5932.2793744802475 80.415752649307251 25104.782875597477
leaf_count=186 1602 996 19895 1524 110 60600 32 203 5574 51 32393
internal_value=-0.00789589 -0.00018586 4.03385e-05 0.00668158 -0.0106482 -0.000309882 -0.0225789 -0.00278474 -0.030546 -0.0235356 -0.0305917
internal_weight=123058 91809.2 89864.8 4504.65 1944.38 85360.2 769.737 1174.65 31248.7 211.62 31037.1
internal_count=123166 84962 83621 3126 1341 80495 142 1199 38204 237 37967
is_linear=0
shrinkage=0.0622158


Tree=41
num_leaves=11
num_cat=0
split_feature=10 9 45 6 45 38 34 35 25 27
split_gain=5552.55 91.165 68.0188 60.3943 43.2419 40.6921 37.3204 1.87009 2.2718 1.55587
threshold=1.0000000180025095e-35 1.0000000180025095e-35 1.0000000180025095e-35 206.63366699218753 1.0000000180025095e-35 -0.57482555508613575 62.582662582397468 11.810312271118166 -1.0000000180025095e-35 1.512279279580753e-08
decision_type=2 2 2 2 2 2 2 2 2 2
left_child=7 2 5 4 -3 -2 -5 8 -1 -9
right_child=1 3 -4 6 -6 -7 -8 9 -10 -11
leaf_value=0 -2.0623073587178024e-07 0.0014223852792748749 1.4120671136211183e-06 -0.90021761217942853 -0.0063796146930233692 3.9455946019134173e-07 -0.18663486361294185 0 0 0
leaf_weight=131.20465314388275 271.15606904029846 50886.578016579151 590.41079014539719 760.31890147924423 36601.194432616234 932.7799483537674 1766.7676479816437 24514.107970118523 80.415752649307251 6522.9542799592018
leaf_count=186 202 49644 305 217 32998 610 986 31557 51 6410
internal_value=-0.00789401 -0.000183335 0.0136961 -0.000460577 -0.000186241 0.00516804 -0.00994004 -0.030546 -0.0235356 -0.0305917
internal_weight=123058 91809.2 1794.35 90014.9 87487.8 1203.94 2527.09 31248.7 211.62 31037.1
internal_count=123166 84962 1117 83845 82642 812 1203 38204 237 37967
is_linear=0
shrinkage=0.0622158


Tree=42
num_leaves=11
num_cat=0
split_feature=10 9 45 18 49 16 5 35 25 27
split_gain=5640.06 88.0595 68.0188 56.862 48.7153 38.5013 33.2971 1.87009 2.2718 1.55587
threshold=1.0000000180025095e-35 1.0000000180025095e-35 1.0000000180025095e-35 0.064545661211013808 1.0000000180025095e-35 -2.3000913858413692 140.52343750000003 11.810312271118166 -1.0000000180025095e-35 1.512279279580753e-08
decision_type=2 2 2 2 2 2 2 2 2 2
left_child=7 2 4 5 -2 -3 -5 8 -1 -9
right_child=1 3 -4 6 -6 -7 -8 9 -10 -11
leaf_value=0 3.7001161748268443e-07 0.00039779288022362869 1.3242141918272042e-06 -0.090119409661559721 -0.0072860747859214295 -0.012679366640948821 -0.65037084350165897 0 0 0
leaf_weight=131.20465314388275 1071.7230439186096 26421.831026315689 590.41079014539719 9951.8283308744431 132.21297347545624 52300.367463827133 1340.8321776390076 24514.107970118523 80.415752649307251 6522.9542799592018
leaf_count=186 743 19510 305 7984 69 55899 452 31557 51 6410
internal_value=-0.00771622 5.42895e-05 0.0136961 -0.000217524 0.00516804 0.000374389 -0.00434606 -0.030546 -0.0235356 -0.0305917
internal_weight=123058 91809.2 1794.35 90014.9 1203.94 78722.2 11292.7 31248.7 211.62 31037.1
internal_count=123166 84962 1117 83845 812 75409 8436 38204 237 37967
is_linear=0
shrinkage=0.0622158


Tree=43
num_leaves=10
num_cat=0
split_feature=10 9 37 45 6 38 13 49 25
split_gain=5665.04 87.1886 126.265 150.132 51.6234 38.0725 33.4068 26.4404 1.34983
threshold=1.0000000180025095e-35 1.0000000180025095e-35 -0.14765030890703199 1.0000000180025095e-35 206.63366699218753 1.0409527420997622 0.71601268649101268 1.5000000000000002 -2.9709765314578359e-08
decision_type=2 2 2 2 2 2 2 2 2
left_child=8 2 3 -2 5 -3 -6 -4 -1
right_child=1 4 7 -5 6 -7 -8 -9 -10
leaf_value=0 -2.5444826884881529e-07 -0.00017149785185700611 3.6716382554755933e-07 5.7326904956153513e-07 -0.88169497137026587 0.050428095459254856 -0.23108734911153386 -0.0068327656250624386 0
leaf_weight=6618.8888650536537 427.43651652336121 75392.00261926651 1078.8671223521233 248.44460833072662 448.56218099594116 12095.769829928875 2078.5243684649467 39.598560333251953 24629.793790817261
leaf_count=6546 300 70503 684 123 56 12139 1147 10 31658
internal_value=-0.0076657 0.000122005 0.0136961 -0.00748933 -0.000148459 0.000104484 -0.00891252 0.026519 -0.030546
internal_weight=123058 91809.2 1794.35 675.881 90014.9 87487.8 2527.09 1118.47 31248.7
internal_count=123166 84962 1117 423 83845 82642 1203 694 38204
is_linear=0
shrinkage=0.0622158


Tree=44
num_leaves=15
num_cat=0
split_feature=8 29 29 6 19 6 0 4 23 24 34 23 25 37
split_gain=4564.61 935.968 173.596 45.1405 35.0629 34.2624 34.0614 29.862 26.7917 20.9037 18.7815 16.32 8.03457 3.36873
threshold=1.0000000180025095e-35 15.865653514862062 14.925601959228517 206.63366699218753 -0.079417858272790895 -1.0000000180025095e-35 0.08624999970197679 -13.331207275390623 0.19992998987436297 23.733093261718754 43.12329292297364 0.10290025174617769 0.014307622797787191 -0.27762107551097864
decision_type=2 2 2 2 2 2 2 2 2 2 2 2 2 2
left_child=1 2 11 4 5 -2 12 13 -9 -6 -8 -1 -5 -3
right_child=3 7 -4 6 9 -7 10 8 -10 -11 -12 -13 -14 -15
leaf_value=-0.00014805266640055225 0.18099826398184524 -0.0045899139540872599 0 -0.97043790274525144 -0.11889855389674382 0.00028391769419590525 -0.8591715589542851 -0.00012864029857564214 4.9184174820147995e-07 -0.00024130955757013502 -0.08854839533873067 3.2536509208926832e-07 -0.98204413280877401 -0.0096126456633141861
leaf_weight=229.36028385162354 5470.5330994725227 43.612792730331421 31250.093458592892 119.03947281837463 2425.2138211131096 9088.9881535172462 385.98992145061493 200.29774487018585 2186.5850224494934 69115.204426169395 1692.8843103051186 452.15706342458725 329.17284488677979 68.756046414375305
leaf_count=228 5288 21 38206 38 1257 7238 124 153 933 68068 1004 545 37 26
internal_value=-0.00777315 -0.0269972 -0.0298672 -0.000304079 -6.30921e-05 0.00271942 -0.00849749 0.00965428 0.011142 -0.000629854 -0.00511577 0.00114971 -0.0240439 -0.0214045
internal_weight=123058 34430.9 31931.6 88627 86099.9 14559.5 2527.09 2499.25 2386.88 71540.4 2078.87 681.517 448.212 112.369
internal_count=123166 40112 38979 83054 81851 12526 1203 1133 1086 69325 1128 773 75 47
is_linear=0
shrinkage=0.0622158


Tree=45
num_leaves=15
num_cat=0
split_feature=9 29 29 37 28 37 0 1 32 32 34 49 16 25
split_gain=4815.97 708.899 173.486 82.2221 59.9794 42.753 37.749 35.5372 36.6312 26.4711 25.2015 23.3432 22.6054 13.8177
threshold=1.0000000180025095e-35 15.865653514862062 14.925601959228517 -0.14765030890703199 29.577977180480961 -0.16698998212814328 0.034250000491738326 -2.9563444852828975 104.50000000000001 181.50000000000003 239.58806610107425 1.0000000180025095e-35 -2.9327684640884395 -0.0084459888748824579
decision_type=2 2 2 2 2 2 2 2 2 2 2 2 2 2
left_child=1 2 5 13 7 -1 12 8 -2 -8 -5 -9 -6 -3
right_child=4 3 -4 10 6 -7 9 11 -10 -11 -12 -13 -14 -15
leaf_value=-2.679954213927925e-07 0.14634825213071964 5.0700230153298856e-07 0 4.6124140759237163e-07 -0.29571479354835567 3.4300082021882789e-07 -0.13055256025400935 -0.0001675418909049488 -0.0033961745669738911 0.010928732749157835 2.8368241206040242e-07 0.0052978788746639548 -1.3328939610285064 -2.3119013009566738e-07
leaf_weight=148.83746194839478 8881.8721970915794 153.50923246145248 31128.118948221207 758.31872671842575 248.19553357362747 261.13615018129349 15941.697103500366 38269.129192531109 6492.380944788456 7365.9532237648964 127.33046460151672 13035.3077917099 312.92430567741394 406.41587948799133
leaf_count=178 7399 20 38303 299 179 291 12198 37125 5885 7182 96 14231 51 222
internal_value=-0.00771712 -0.0280702 -0.0300233 0.0145058 -0.000302415 0.0100955 -0.00297889 0.000655255 0.00327897 -0.00259277 0.026293 -0.000130452 -0.0189128 -0.00410332
internal_weight=123531 32983.7 31538.1 1445.57 90547.5 409.974 23868.8 66678.7 15374.3 23307.7 885.649 51304.4 561.12 559.925
internal_count=123659 39409 38772 637 84250 469 19610 64640 13284 19380 395 51356 230 242
is_linear=0
shrinkage=0.0622158


Tree=46
num_leaves=10
num_cat=0
split_feature=10 9 28 13 4 47 36 10 26
split_gain=5585.98 91.0568 54.0734 45.1854 36.7392 25.4942 28.6615 2.94165 1.66821
threshold=1.0000000180025095e-35 1.0000000180025095e-35 83.363971710205092 0.73562997579574596 -7.4460318088531485 1.0000000180025095e-35 -0.088264707475900636 0.0057502123527228841 -2.9946109236789193e-07
decision_type=2 2 2 2 2 2 2 2 2
left_child=8 5 4 -4 -3 6 -2 -7 -1
right_child=1 2 3 -5 -6 7 -8 -9 -10
leaf_value=0 -5.6682324376215601e-08 0.0579952928453418 -0.6736216434570349 -0.13694149312762577 -0.00015711813377832656 5.1030364701241031e-07 2.8321381299992278e-07 1.1944523944008955e-06 0
leaf_weight=5851.6948913931847 586.24872708320618 16031.431388676167 1078.0458792448044 5698.6343886256218 67739.348636090755 55.066168487071991 892.24183052778244 321.99118930101395 25276.424056828022
leaf_count=5595 405 14228 265 3375 66382 77 564 60 32708
internal_value=-0.0077594 -8.00751e-05 -0.000360098 -0.00570507 7.20088e-05 0.0135571 0.00982329 0.0280186 -0.0305532
internal_weight=123531 92403 90547.5 6776.68 83770.8 1855.55 1478.49 377.057 31128.1
internal_count=123659 85356 84250 3640 80610 1106 969 137 38303
is_linear=0
shrinkage=0.0622158


Tree=47
num_leaves=10
num_cat=0
split_feature=10 9 37 45 1 4 23 31 25
split_gain=5589.94 90.9126 122.627 150.733 47.5413 31.0103 26.377 24.2962 1.55573
threshold=1.0000000180025095e-35 1.0000000180025095e-35 -0.14765030890703199 1.0000000180025095e-35 16.476808547973636 -7.4460318088531485 1.5804132819175722 1277.5000000000002 -2.9709765314578359e-08
decision_type=2 2 2 2 2 2 2 2 2
left_child=8 2 3 -2 5 -3 -6 -4 -1
right_child=1 4 7 -5 6 -7 -8 -9 -10
leaf_value=0 -2.5172683544956872e-07 0.047159884252621943 3.5159501475788269e-07 4.8646559617908738e-07 -0.12307094365666006 -0.00016336957144020485 -0.53169836147003369 -0.0064077350839540706 0
leaf_weight=6460.9388799071312 451.49516832828522 16501.797098577023 1098.7053608894348 261.02663564682007 2819.4327521324158 69756.568893909454 1469.6615480184555 44.320750534534454 24667.180068314075
leaf_count=6457 304 14323 660 121 2158 67474 295 21 31846
internal_value=-0.00775133 -6.9284e-05 0.0135571 -0.00665819 -0.000349086 -3.07776e-05 -0.00674112 0.0261779 -0.0305532
internal_weight=123531 92403 1855.55 712.522 90547.5 86258.4 4289.09 1143.03 31128.1
internal_count=123659 85356 1106 425 84250 81797 2453 681 38303
is_linear=0
shrinkage=0.0622158


Tree=48
num_leaves=11
num_cat=0
split_feature=10 6 45 19 33 8 0 54 26 35
split_gain=5579.39 51.8229 44.1278 33.2392 38.6911 37.3218 28.3569 14.4692 1.66821 2.12105
threshold=1.0000000180025095e-35 46.611083984375007 1.0000000180025095e-35 -0.087900537997484193 27.149999618530277 1.0000000180025095e-35 0.034250000491738326 0.3375928550958634 -2.9946109236789193e-07 10.519037246704103
decision_type=2 2 2 2 2 2 2 2 2 2
left_child=8 3 6 4 -2 -5 -3 -4 -1 -10
right_child=1 2 7 5 -6 -7 -8 -9 9 -11
leaf_value=0 0.40538231396407165 -1.2234216742127619 -0.41722069754919888 2.5865497029114087e-07 0.024665044759759992 -0.00016869250459146872 -0.027106855906763802 -0.13612091120702041 0 0
leaf_weight=5851.6948913931847 2500.7718408107758 187.98982065916061 2161.587905228138 3335.023419380188 9118.9186983704567 64972.58070731163 8696.403333067894 1429.7324832081795 81.121154725551605 25195.30290210247
leaf_count=5595 1877 46 1338 1962 8223 63431 7234 1245 70 32638
internal_value=-0.00777285 -9.80535e-05 -0.00382744 0.000483731 0.00355974 -3.9135e-05 -0.00147014 -0.00964733 -0.0305532 -0.0308201
internal_weight=123531 92403 12475.7 79927.3 11619.7 68307.6 8884.39 3591.32 31128.1 25276.4
internal_count=123659 85356 9863 75493 10100 65393 7280 2583 38303 32708
is_linear=0
shrinkage=0.0622158


Tree=49
num_leaves=13
num_cat=0
split_feature=11 41 13 13 9 28 0 13 35 25 27 26
split_gain=4965.03 163.464 201.154 212.204 66.3535 36.9351 34.8313 26.9916 1.97727 1.29617 1.19572 0.255796
threshold=1.0000000180025095e-35 1.0000000180025095e-35 1.1288350224494936 1.206917464733124 1.0000000180025095e-35 29.577977180480961 0.034250000491738326 0.75576466321945202 10.519037246704103 -1.0000000180025095e-35 0.00068964922684244822 -2.9946109236789193e-07
decision_type=2 2 2 2 2 2 2 2 2 2 2 2
left_child=8 5 4 -4 -3 6 -2 -7 9 -1 11 -10
right_child=1 2 3 -5 -6 7 -8 -9 10 -11 -12 -13
leaf_value=0 -0.00018543777620596151 3.5478660079357915e-07 0 2.1904731017405937e-07 -0.00011608530468200285 -0.16437507207516835 0.016351698824179816 -0.05172202526861424 0 0 0 0
leaf_weight=59.95911568403244 7557.050020813942 1230.0331411957741 3194.965239405632 1007.243945479393 1258.5458069443703 3212.4079114794731 57344.322956383228 20375.33925139904 2971.0858799815178 45.851086676120758 79.01989871263504 25195.30290210247
leaf_count=85 4852 750 2470 529 807 1112 58835 18390 3159 20 12 32638
internal_value=-0.00780957 -0.00100158 -0.0103772 -0.0186777 0.00362937 -0.000292166 0.00047373 -0.00240073 -0.0306628 -0.0205678 -0.0306984 -0.030724
internal_weight=123531 95179.9 6690.79 4202.21 2488.58 88489.1 64901.4 23587.7 28351.2 105.81 28245.4 28166.4
internal_count=123659 87745 4556 2999 1557 83189 63687 19502 35914 105 35809 35797
is_linear=0
shrinkage=0.0622158


Tree=50
num_leaves=15
num_cat=0
split_feature=9 29 29 28 23 1 42 38 47 38 0 3 26 26
split_gain=4784.66 778.469 174.347 42.0706 40.3942 36.0417 35.5496 27.9469 21.3627 25.3221 13.6322 11.4775 3.59803 1.17129
threshold=1.0000000180025095e-35 15.865653514862062 14.925601959228517 163.95479583740237 2.622413277626038 -2.4856148958206172 1.0000000180025095e-35 -0.97777351737022389 1.0000000180025095e-35 -0.54528647661209095 0.39925000071525579 -2.9248720407485957 -0.00072382198413833965 -2.9946109236789193e-07
decision_type=2 2 2 2 2 2 2 2 2 2 2 2 2 2
left_child=1 2 12 5 11 6 -2 -7 9 -3 -6 -5 -1 -4
right_child=3 8 13 4 10 7 -8 -9 -10 -11 -12 -13 -14 -15
leaf_value=2.1399801550504446e-07 0.073893412676057646 -1.3793435792698105e-07 0 0.20117289013270162 -0.75679360467646639 -0.067916262675910583 -0.37851322353197292 -9.2633370886555577e-05 1.0282673388742539e-06 2.1984136476309245e-07 -0.46143063498142589 -0.21914759430962011 2.4399981130490059e-07 0
leaf_weight=102.91078126430511 21130.634851634502 310.9019883275032 6073.4615414738655 630.49781286716461 813.24111366271973 8042.8843165040016 1521.0086258649826 56597.670936644077 341.89142334461212 847.21486592292786 193.6968674659729 1616.9448446035385 301.88870722055435 25273.48495221138
leaf_count=42 19079 156 5696 249 125 8141 472 55234 104 406 36 777 417 32578
internal_value=-0.00780593 -0.0279889 -0.0300584 -0.000393369 -0.00733746 -0.000134005 0.00200109 -0.000882705 0.0157822 0.0116765 -0.0176887 -0.00267718 0.0104204 -0.0305826
internal_weight=123798 33251.8 31751.7 90546.6 3254.38 87292.2 22651.6 64640.6 1500.01 1158.12 1006.94 2247.44 404.799 31346.9
internal_count=123512 39399 38733 84113 1187 82926 19551 63375 666 562 161 1026 459 38274
is_linear=0
shrinkage=0.0622158


Tree=51
num_leaves=10
num_cat=0
split_feature=10 9 45 2 49 27 28 26 35
split_gain=5647.4 108.558 74.9445 41.0438 37.7803 32.2122 18.7695 1.17129 0.438151
threshold=1.0000000180025095e-35 1.0000000180025095e-35 1.0000000180025095e-35 39.01892280578614 1.0000000180025095e-35 -0.048890614882111542 163.95479583740237 -2.9946109236789193e-07 7.7197377681732187
decision_type=2 2 2 2 2 2 2 2 2
left_child=7 2 4 5 -2 -3 -5 -1 -9
right_child=1 3 -4 6 -6 -7 -8 8 -10
leaf_value=0 1.7351224099287224e-07 0.13490258574325606 1.0251296235613373e-06 -0.086844164421165826 -0.0068329143670776207 -0.00010305146884333145 -0.59744464590243285 0 0
leaf_weight=6073.4615414738655 1107.6246687173843 3944.9565685987473 691.80382984876633 1258.5941744446754 105.37926751375198 83927.811848819256 1415.2167773842812 48.672692120075226 25224.812260091305
leaf_count=5696 745 3371 318 795 62 79540 407 24 32554
internal_value=-0.00776268 -2.45652e-05 0.0146681 -0.000334233 0.00530372 -0.000102749 -0.00792585 -0.0305826 -0.0308253
internal_weight=123798 92451.4 1904.81 90546.6 1213 87872.8 2673.81 31346.9 25273.5
internal_count=123512 85238 1125 84113 807 82911 1202 38274 32578
is_linear=0
shrinkage=0.0622158


Tree=52
num_leaves=11
num_cat=0
split_feature=10 8 22 45 22 27 4 28 26 35
split_gain=5644.03 51.4953 58.2357 74.9445 39.5551 29.523 25.4325 20.1769 1.17129 0.438151
threshold=1.0000000180025095e-35 1.0000000180025095e-35 0.45297336578369146 1.0000000180025095e-35 1.2392588257789614 -0.048890614882111542 -13.331207275390623 163.95479583740237 -2.9946109236789193e-07 7.7197377681732187
decision_type=2 2 2 2 2 2 2 2 2 2
left_child=8 2 6 -4 5 -3 -2 -6 -1 -10
right_child=1 4 3 -5 7 -7 -8 -9 9 -11
leaf_value=0 -0.014893892716268215 0.12804604440904874 1.6271703360422137e-07 9.6135033730885423e-07 -0.1157151114848784 -0.00017167103162848697 6.7809256821418882e-05 -0.56521019777827375 0 0
leaf_weight=6073.4615414738655 139.18203562498093 3966.5810188651085 1213.0039362311363 691.80382984876633 995.83157598972321 83317.37428021431 1259.3752027750015 868.23525577783585 48.672692120075226 25224.812260091305
leaf_count=5696 56 3379 807 318 1118 78587 771 202 24 32554
internal_value=-0.00776947 -3.36644e-05 0.00759208 0.0146681 -0.000316707 -0.00012475 -0.00202853 -0.00928099 -0.0305826 -0.0308253
internal_weight=123798 92451.4 3303.37 1904.81 89148 87284 1398.56 1864.07 31346.9 25273.5
internal_count=123512 85238 1952 1125 83286 81966 827 1320 38274 32578
is_linear=0
shrinkage=0.0622158


Tree=53
num_leaves=10
num_cat=0
split_feature=10 8 22 45 2 47 15 0 35
split_gain=5645.53 51.2613 58.4541 74.9445 35.4364 31.5695 25.3696 19.9779 0.366133
threshold=1.0000000180025095e-35 1.0000000180025095e-35 0.45297336578369146 1.0000000180025095e-35 25.126057624816898 1.0000000180025095e-35 13.367313861846926 0.034250000491738326 7.7197377681732187
decision_type=2 2 2 2 2 2 2 2 2
left_child=8 2 6 -4 5 -3 -2 -6 -1
right_child=1 4 3 -5 7 -7 -8 -9 -10
leaf_value=0 6.3590447900107241e-05 -0.0002050682158683795 1.525934589597339e-07 9.0153913203011619e-07 -0.58403481613242447 0.054612383604210231 -0.013967256879070787 -0.1560894651039898 0
leaf_weight=49.378093481063843 1259.3752027750015 72663.746567904949 1213.0039362311363 691.80382984876633 467.54547882080078 12286.029667615891 139.18203562498093 3730.7004165053368 31297.568400204182
leaf_count=25 771 68715 807 318 160 12158 56 2253 38249
internal_value=-0.00776644 -2.95996e-05 0.0075788 0.0146681 -0.000311999 -3.58285e-05 -0.00205988 -0.00589078 -0.0305826
internal_weight=123798 92451.4 3303.37 1904.81 89148 84949.8 1398.56 4198.25 31346.9
internal_count=123512 85238 1952 1125 83286 80873 827 2413 38274
is_linear=0
shrinkage=0.0622158


Tree=54
num_leaves=10
num_cat=0
split_feature=10 8 22 45 6 47 45 15 35
split_gain=5641.22 51.2397 58.6728 74.9445 32.3504 71.0384 28.4203 25.3067 0.366133
threshold=1.0000000180025095e-35 1.0000000180025095e-35 0.45297336578369146 1.0000000180025095e-35 -1.0000000180025095e-35 1.0000000180025095e-35 1.0000000180025095e-35 13.367313861846926 7.7197377681732187
decision_type=2 2 2 2 2 2 2 2 2
left_child=8 2 7 -4 5 -3 -6 -2 -1
right_child=1 4 3 -5 6 -7 -8 -9 -10
leaf_value=0 5.9634115660429373e-05 0.00077763251577960826 1.4309973087348561e-07 8.4544913028984007e-07 1.7311869799053219e-06 0.18776002818339449 -0.018282254391349086 -0.013098272455854654 0
leaf_weight=49.378093481063843 1259.3752027750015 21763.565195083618 1213.0039362311363 691.80382984876633 37615.987160682678 3477.2822469472885 26291.187528133392 139.18203562498093 31297.568400204182
leaf_count=25 771 22144 807 318 34643 3727 22772 56 38249
internal_value=-0.00777515 -4.12636e-05 0.00756552 0.0146681 -0.000323603 0.00156169 -0.00106873 -0.00209122 -0.0305826
internal_weight=123798 92451.4 3303.37 1904.81 89148 25240.8 63907.2 1398.56 31346.9
internal_count=123512 85238 1952 1125 83286 25871 57415 827 38274
is_linear=0
shrinkage=0.0622158


Tree=55
num_leaves=9
num_cat=0
split_feature=10 9 45 38 6 0 1 26
split_gain=5577.06 120.908 61.7428 54.3229 37.6402 29.27 25.3777 1.63081
threshold=1.0000000180025095e-35 1.0000000180025095e-35 1.0000000180025095e-35 -0.60645946860313404 206.63366699218753 0.080249998718500151 -3.5292177200317378 -2.9946109236789193e-07
decision_type=2 2 2 2 2 2 2 2
left_child=7 2 3 -2 6 -6 -3 -1
right_child=1 4 -4 -5 5 -7 -8 -9
leaf_value=0 -2.8766508560280242e-07 0.055303452336246325 7.9284881433629145e-07 1.3537875674350008e-07 -0.64387533943771957 -0.14910088052378351 -0.00019607590752433436 0
leaf_weight=6045.5377679467201 251.30947852134705 17956.108712375164 652.19770121574402 928.11069124937057 464.23118704557419 2257.4317366480827 69790.182809352875 25326.854426860809
leaf_count=5721 189 14647 307 607 75 1168 68423 32537
internal_value=-0.00788637 -0.000183209 0.0156352 0.00708991 -0.000504066 -0.00770816 -0.000280131 -0.0305475
internal_weight=123672 92299.6 1831.62 1179.42 90468 2721.66 87746.3 31372.4
internal_count=123674 85416 1103 796 84313 1243 83070 38258
is_linear=0
shrinkage=0.0622158


Tree=56
num_leaves=15
num_cat=0
split_feature=8 13 13 37 22 23 1 47 45 6 23 45 16 28
split_gain=4569.07 593.845 439.416 51.6063 105.89 38.0348 33.5895 27.2334 43.1928 36.9924 22.7353 22.7301 20.798 8.38164
threshold=1.0000000180025095e-35 1.2069013714790346 1.206917464733124 -0.14765030890703199 0.45297336578369146 0.14898692816495898 16.476808547973636 1.0000000180025095e-35 1.0000000180025095e-35 -1.0000000180025095e-35 1.5804132819175722 1.0000000180025095e-35 -0.48248122632503504 107.10841751098634
decision_type=2 2 2 2 2 2 2 2 2 2 2 2 2 2
left_child=1 3 -3 11 -5 -4 7 8 -2 -9 13 -1 -12 -8
right_child=6 2 5 4 -6 -7 10 9 -10 -11 12 -13 -14 -15
leaf_value=-2.9411971055367955e-07 0.00042154464235285704 0 -9.0820473100686883e-05 -8.0119005210037124e-05 3.0029321532325976e-07 1.5294567297488121e-07 -0.14945637619519661 0.15055171577552087 -0.029420812403872773 0.0038022622089753963 -0.13221104936710062 1.0492246225877316e-07 -0.53840811775395125 0.17011471426727234
leaf_weight=547.97849500179291 47092.302726089954 31372.392194807529 194.65900039672852 585.67458146810532 730.13553142547607 865.8230015039444 2136.0408337116241 3423.5821902155876 25467.453691244125 8854.2016370296478 816.89775311946869 317.5606791973114 692.03189337253571 575.23030263185501
leaf_count=396 46743 38258 131 358 480 402 1741 3672 22203 8454 186 162 125 363
internal_value=-0.00792114 -0.0271023 -0.0292158 0.00430498 0.0120699 0.0101381 -0.000465272 -0.000195356 -0.00065424 0.00251379 -0.00588196 -0.00746399 -0.0120047 -0.00245821
internal_weight=123672 34614.2 32432.9 2181.35 1315.81 1060.48 89057.7 84837.5 72559.8 12277.8 4220.2 865.539 1508.93 2711.27
internal_count=123674 40187 38791 1396 838 533 83487 81072 68946 12126 2415 558 311 2104
is_linear=0
shrinkage=0.0622158


Tree=57
num_leaves=13
num_cat=0
split_feature=11 9 13 13 37 12 38 35 27 35 26 26
split_gain=4960.82 182.78 239.12 274.973 139.491 31.3279 60.1313 57.9693 1.38546 0.862942 0.52068 0.418769
threshold=1.0000000180025095e-35 1.0000000180025095e-35 1.2069013714790346 1.206917464733124 -0.14765030890703199 -0.11696974560618399 0.17076957225799563 16.943654060363773 0.00068964922684244822 11.810312271118166 -1.0000000180025095e-35 -2.9946109236789193e-07
decision_type=2 2 2 2 2 2 2 2 2 2 2 2
left_child=8 2 4 -4 -2 7 -7 -3 9 10 -1 -11
right_child=1 5 3 -5 -6 6 -8 -9 -10 11 -12 -13
leaf_value=0 -2.0488010916718902e-07 0.12429242023605054 0 1.4151273085396454e-07 2.816102248998201e-07 -0.067438961217794913 0.026635474284055386 -7.0956124462544169e-05 0 0 0 0
leaf_weight=106.51560550928116 477.49360460042953 9338.5528818368912 2849.7331528663635 623.98873496055603 730.13553142547607 31812.695864200592 17239.939262032509 32076.766437351704 79.725300073623657 3071.6390292644501 73.361739754676819 25191.417367339134
leaf_count=151 277 6490 2455 346 480 32260 18954 26609 13 3190 59 32390
internal_value=-0.00788791 -0.00106506 -0.0130507 -0.0213421 0.0107706 -0.000444301 -0.00150832 0.000815194 -0.030646 -0.0306728 -0.02463 -0.0307089
internal_weight=123672 95149.3 4681.35 3473.72 1207.63 90468 49052.6 41415.3 28522.7 28442.9 179.877 28263.1
internal_count=123674 87871 3558 2801 757 84313 51214 33099 35803 35790 210 35580
is_linear=0
shrinkage=0.0622158


Tree=58
num_leaves=15
num_cat=0
split_feature=9 13 13 38 27 6 13 49 38 16 0 33 49 27
split_gain=4812.87 481.014 343.458 32.613 30.5174 33.0573 28.4195 25.2444 23.1333 23.1303 20.0418 16.5439 15.1551 12.3849
threshold=1.0000000180025095e-35 1.2069013714790346 1.206917464733124 -0.40512247383594507 -0.048890614882111542 206.63366699218753 0.80916523933410656 1.5000000000000002 -0.70695069432258595 -0.48248122632503504 0.047249998897314079 727.84997558593761 1.5000000000000002 0.00045570253860205417
decision_type=2 2 2 2 2 2 2 2 2 2 2 2 2 2
left_child=1 3 -3 13 6 7 10 -6 -4 -7 -2 -8 -5 -1
right_child=4 2 8 12 5 9 11 -9 -10 -11 -12 -13 -14 -15
leaf_value=3.927640392560236e-08 -0.050639473285615293 0 -3.4052289881328288e-07 1.7056364245063827e-07 -0.00019628095334776018 -0.11074339277925453 0.062723080982744026 0.097138095430146995 1.3462570016792473e-07 -0.47172177183697894 0.46926669258391251 -0.44146734786150521 -0.0061347968464943586 -1.8971551533858998e-08
leaf_weight=301.02114474773407 94.554462432861328 31372.392194807529 147.65388506650925 767.57768660783768 82398.975515782833 1539.9278810024261 2769.7386577129364 1786.7071894407272 476.33484989404678 948.95723021030426 782.62627476453781 146.46723407506943 36.646521270275116 102.38378340005875
leaf_count=225 10 38258 90 504 77945 773 2949 1921 256 356 266 93 10 18
internal_value=-0.00792442 -0.0281829 -0.029638 0.0103319 -0.000488352 -0.000727752 0.00497159 -0.000518369 0.0160035 -0.00779298 0.0147859 0.00200274 0.0175698 -0.00403248
internal_weight=123672 33204 31996.4 1207.63 90468 86674.6 3793.39 84185.7 623.989 2488.89 877.181 2916.21 804.224 403.405
internal_count=123674 39361 38604 757 84313 80995 3318 79866 346 1129 276 3042 514 243
is_linear=0
shrinkage=0.0622158


Tree=59
num_leaves=13
num_cat=0
split_feature=11 41 13 13 5 27 7 13 27 35 25 26
split_gain=4945.47 184.19 153.022 265.469 53.9045 28.5842 28.7944 22.2696 1.38546 0.862942 0.52068 0.418769
threshold=1.0000000180025095e-35 1.0000000180025095e-35 1.2069013714790346 1.206917464733124 1.5492318272590639 -0.11766368523240088 0.31097412109375006 0.71601268649101268 0.00068964922684244822 11.810312271118166 -1.0000000180025095e-35 -2.9946109236789193e-07
decision_type=2 2 2 2 2 2 2 2 2 2 2 2
left_child=8 5 4 -4 -3 7 -7 -2 9 10 -1 -11
right_child=1 2 3 -5 -6 6 -8 -9 -10 11 -12 -13
leaf_value=0 1.1252613628523194 1.2383229365728401e-07 0 1.1730738757599393e-07 -0.50101702400463444 -0.00010280193080637739 -0.067781172956510552 0.11265709635920478 0 0 0 0
leaf_weight=106.51560550928116 193.37451845407486 2118.4771953821182 3244.7578949928284 1032.4154060482979 416.49640017747879 79359.788274824619 7044.9001899957657 1739.0955893993378 79.725300073623657 3071.6390292644501 73.361739754676819 25191.417367339134
leaf_count=151 34 1306 2511 541 258 76536 5083 1602 13 3190 59 32390
internal_value=-0.00792314 -0.00111085 -0.0109672 -0.0181443 0.00113371 -0.000350253 -0.000518014 0.0071292 -0.030646 -0.0306728 -0.02463 -0.0307089
internal_weight=123672 95149.3 6812.15 4277.17 2534.97 88337.2 86404.7 1932.47 28522.7 28442.9 179.877 28263.1
internal_count=123674 87871 4616 3052 1564 83255 81619 1636 35803 35790 210 35580
is_linear=0
shrinkage=0.0622158


end of trees

feature_importances:
price_std_20d=35
macd_signal=34
vol_regime_60_30=33
volume_std_60d=32
volume_zscore_30d=32
return_1d=31
macd_histogram=30
price_std_30d=28
price_lag_1d=24
price_std_14d=24
distance_to_support=24
volume_log_change_7d=22
price_log=21
events_next_30d_major=21
bb_width=20
macd_line=20
macd_missing=19
bb_pct_b=16
return_60d=15
price_zscore_30d=15
return_14d=14
return_30d=14
price_accel_7d=13
distance_to_resistance=13
rsi_missing=13
price_std_7d=12
volume_std_30d=11
events_next_30d_game_update=11
return_3d=10
rsi_14=10
return_7d=9
price_std_60d=8
log_return_7d=7
events_next_30d_case_drop=7
volume_lag_1d=6
volume_lag_7d=6
volume_mean_30d=5
log_return_1d=4
item_type_skin=4
item_volume_vs_market_30d=4
trend_divergence_30_60=2
price_tier=1
autocorr_7d=1
volume_log_change_1d=1
dow_cos=1
item_type_sticker=1

parameters:
[boosting: gbdt]
[objective: quantile]
[metric: quantile]
[tree_learner: serial]
[device_type: cpu]
[data_sample_strategy: bagging]
[data: ]
[valid: ]
[num_iterations: 1000]
[learning_rate: 0.0622158]
[num_leaves: 15]
[num_threads: -1]
[seed: 42]
[deterministic: 0]
[force_col_wise: 0]
[force_row_wise: 0]
[histogram_pool_size: -1]
[max_depth: 4]
[min_data_in_leaf: 20]
[min_sum_hessian_in_leaf: 0.001]
[bagging_fraction: 0.7]
[pos_bagging_fraction: 1]
[neg_bagging_fraction: 1]
[bagging_freq: 5]
[bagging_seed: 400]
[bagging_by_query: 0]
[feature_fraction: 0.6]
[feature_fraction_bynode: 1]
[feature_fraction_seed: 30056]
[extra_trees: 0]
[extra_seed: 12879]
[early_stopping_round: 0]
[early_stopping_min_delta: 0]
[first_metric_only: 0]
[max_delta_step: 0]
[lambda_l1: 0.5]
[lambda_l2: 1.5]
[linear_lambda: 0]
[min_gain_to_split: 0.1]
[drop_rate: 0.1]
[max_drop: 50]
[skip_drop: 0.5]
[xgboost_dart_mode: 0]
[uniform_drop: 0]
[drop_seed: 17869]
[top_rate: 0.2]
[other_rate: 0.1]
[min_data_per_group: 100]
[max_cat_threshold: 32]
[cat_l2: 10]
[cat_smooth: 10]
[max_cat_to_onehot: 4]
[top_k: 20]
[monotone_constraints: ]
[monotone_constraints_method: basic]
[monotone_penalty: 0]
[feature_contri: ]
[forcedsplits_filename: ]
[refit_decay_rate: 0.9]
[cegb_tradeoff: 1]
[cegb_penalty_split: 0]
[cegb_penalty_feature_lazy: ]
[cegb_penalty_feature_coupled: ]
[path_smooth: 0]
[interaction_constraints: ]
[verbosity: -1]
[saved_feature_importance_type: 0]
[use_quantized_grad: 0]
[num_grad_quant_bins: 4]
[quant_train_renew_leaf: 0]
[stochastic_rounding: 1]
[linear_tree: 0]
[max_bin: 63]
[max_bin_by_feature: ]
[min_data_in_bin: 3]
[bin_construct_sample_cnt: 200000]
[data_random_seed: 175]
[is_enable_sparse: 1]
[enable_bundle: 1]
[use_missing: 1]
[zero_as_missing: 0]
[feature_pre_filter: 0]
[pre_partition: 0]
[two_round: 0]
[header: 0]
[label_column: ]
[weight_column: ]
[group_column: ]
[ignore_column: ]
[categorical_feature: ]
[forcedbins_filename: ]
[precise_float_parser: 0]
[parser_config_file: ]
[objective_seed: 16083]
[num_class: 1]
[is_unbalance: 0]
[scale_pos_weight: 1]
[sigmoid: 1]
[boost_from_average: 1]
[reg_sqrt: 0]
[alpha: 0.5]
[fair_c: 1]
[poisson_max_delta_step: 0.7]
[tweedie_variance_power: 1.5]
[lambdarank_truncation_level: 30]
[lambdarank_norm: 1]
[label_gain: ]
[lambdarank_position_bias_regularization: 0]
[eval_at: ]
[multi_error_top_k: 1]
[auc_mu_weights: ]
[num_machines: 1]
[local_listen_port: 12400]
[time_out: 120]
[machine_list_filename: ]
[machines: ]
[gpu_platform_id: -1]
[gpu_device_id: -1]
[gpu_use_dp: 0]
[num_gpu: 1]

end of parameters

pandas_categorical:[]
