tree
version=v4
num_class=1
num_tree_per_iteration=1
label_index=0
max_feature_idx=19
objective=quantile
feature_names=event_decay_major event_density_30d_major event_density_90d_major event_decay_operation event_density_30d_operation event_density_90d_operation event_decay_case_drop event_density_30d_case_drop event_density_90d_case_drop event_decay_update event_density_30d_update event_density_90d_update event_decay_game_update event_density_30d_game_update event_density_90d_game_update event_decay_major_weighted event_decay_operation_weighted event_decay_case_drop_weighted event_decay_update_weighted event_decay_game_update_weighted
feature_infos=[0.031220927834510803:0.98347145318984985] [0:2] [0:3] [1.5229979055675358e-08:0.95349693298339844] [0:1] [0:1] [0:0.93106275796890259] [0:1] [0:3] none none none [0:0.86687791347503662] [0:2] [0:3] [0:0.98347145318984985] [0:0.95349693298339844] [0:0.93106275796890259] none [0:0.26006338000297546]
tree_sizes=1859 1915 1910 1911

Tree=0
num_leaves=16
num_cat=0
split_feature=19 3 3 3 1 16 16 6 15 12 16 3 3 12 12
split_gain=86.3774 142.528 114.463 110.682 175.857 80.7366 119.777 53.0921 50.558 34.9585 21.1745 13.3959 5.81006 2.66839 1.87792
threshold=0.00060172524536028515 7.8760091781759924e-08 0.001503865350969136 0.00034364305611234164 1.0000000180025095e-35 0.0024621372576802973 0.0063815480098128327 1.0000000180025095e-35 0.49803984165191656 0.011137348134070637 0.0036037757527083163 2.4696917932942602e-07 0.0059834124986082324 0.0083694639615714567 0.014820604119449856
decision_type=2 2 2 2 2 2 2 2 2 2 2 2 2 2 2
left_child=2 9 3 7 -5 11 -7 -1 10 13 -4 -3 -10 -2 -11
right_child=1 5 8 4 -6 6 -8 -9 12 14 -12 -13 -14 -15 -16
leaf_value=-14.978096274524109 -16.141173274383235 -15.415492715882442 -14.378009679657357 -16.913019578739849 -15.424681805716482 -17.310897650292624 -15.299081309767633 -15.440040554261328 -15.528335375757447 -15.571188562248501 -14.920205549175014 -15.043705718202634 -15.121091273631727 -16.08017812273431 -15.393622976407011
leaf_weight=55811.134408414364 886.19430977106094 2263.4665093421936 39313.030064344406 5537.5807531476021 10949.980601131916 11060.832539439201 19359.955357670784 41510.30618917942 5033.2569236755371 180.89389503002167 31501.665128052235 30081.334200084209 22890.217250525951 207.60414588451385 306.14089912176132
leaf_count=53752 807 2357 46680 5969 11216 8520 17748 42956 5479 191 27972 26275 26938 201 306
internal_value=-15.1899 -15.1924 -15.1891 -15.1908 -15.1968 -15.1918 -15.1947 -15.1898 -15.1871 -15.2157 -15.186 -15.1891 -15.19 -15.2236 -15.1981
internal_weight=276894 64346.4 212547 113809 16487.6 62765.6 30420.8 97321.4 98738.2 1580.83 70814.7 32344.8 27923.5 1093.8 487.035
internal_count=277367 56405 220962 113893 17185 54900 26268 96708 107069 1505 74652 28632 32417 1008 497
is_linear=0
shrinkage=1


Tree=1
num_leaves=16
num_cat=0
split_feature=19 16 15 16 15 12 16 16 16 12 16 6 12 12 8
split_gain=73.6927 119.854 74.9036 186.37 119.148 78.5338 67.8964 100.156 59.3752 27.5964 16.3099 10.3091 2.47031 1.82944 0.690161
threshold=0.00060172524536028515 2.3222270328915332e-08 1.0000000180025095e-35 1.0000000180025095e-35 0.06305538117885591 1.0000000180025095e-35 0.0024621372576802973 0.0063815480098128327 0.00033321403316222137 0.011137348134070637 1.3343175009339349e-08 0.50766482949256908 0.0083694639615714567 0.014820604119449856 1.5000000000000002
decision_type=2 2 2 2 2 2 2 2 2 2 2 2 2 2 2
left_child=2 9 3 14 5 -4 11 -8 -5 12 -6 -3 -2 -11 -1
right_child=1 6 4 8 10 -7 7 -9 -10 13 -12 -13 -14 -15 -16
leaf_value=1.1320002913679861 -0.87640246705818547 0.1201328443456729 -2.7624457727473062 -0.17858583098304068 -0.071782084792336442 -0.1010556279045681 -1.9540328491637555 -0.10060955012316987 0.26186071257162868 -0.35129342788427459 0.66694254418442411 -0.31883318216064788 -0.82020954680129632 -0.18770782253993759 1.1320002913679861
leaf_weight=33926.888064742088 886.19430977106094 28511.65681219101 3252.9845883250237 53010.973176717758 71863.612457871437 2248.3585315942764 11060.832539439201 19359.955357670784 39193.753487765789 180.89389503002167 1921.9729619026184 3833.1438972353935 207.60414588451385 306.14089912176132 7128.6280495524406
leaf_count=41024 807 25375 3058 47157 80885 2860 8520 17748 34611 191 2373 3257 201 306 8994
internal_value=9.03372e-05 -0.00224386 0.000797179 0.00193733 -0.00111861 -0.0122957 -0.00170383 -0.0043741 -2.69442e-05 -0.023653 -0.000284658 0.000806412 -0.030605 -0.00794379 0.00634971
internal_weight=276894 64346.4 212547 133260 79286.9 5501.34 62765.6 30420.8 92204.7 1580.83 73785.6 32344.8 1093.8 487.035 41055.5
internal_count=277367 56405 220962 131786 89176 5918 54900 26268 81768 1505 83258 28632 1008 497 50018
is_linear=0
shrinkage=0.0787314


Tree=2
num_leaves=16
num_cat=0
split_feature=0 4 15 19 15 19 19 19 19 14 19 14 14 1 19
split_gain=188.198 96.4388 95.3953 87.9645 97.4665 83.4449 75.9855 40.9747 39.8956 35.5545 18.2953 17.3396 13.737 4.59656 1.54126
threshold=0.059310715645551688 1.0000000180025095e-35 0.036201631650328643 1.0000000180025095e-35 0.05249301344156266 5.6753237664963771e-09 0.00080072306445799779 0.00060172524536028515 0.00045218283776193863 1.0000000180025095e-35 1.4067720946475683e-11 2.5000000000000004 2.5000000000000004 1.0000000180025095e-35 0.00060172524536028515
decision_type=2 2 2 2 2 2 2 2 2 2 2 2 2 2 2
left_child=1 2 6 4 9 10 -1 -7 13 -2 -5 -6 -4 -3 -10
right_child=3 8 12 5 11 7 -8 -9 14 -11 -12 -13 -14 -15 -16
leaf_value=-0.47741901560537764 0.33707653647597741 0.29518386305023336 -3.1959256634012916 -0.049354016592744999 -0.0019303084353249433 0.18644441178574964 -0.83617552690935293 -0.22698743886241382 -0.63527763171935636 1.0428763661372067 -0.84062728384428975 -1.0710631470938994 -0.73143959851255791 -1.3464264156966554 -0.65471097505186293
leaf_weight=5691.4505943059921 60147.045422375202 4337.2053554654121 1813.5237861275673 1740.1913524866104 71293.638166904449 34104.790876984596 657.97884106636047 63369.861205041409 221.53980547189713 21857.479781806469 7676.2378351092339 3203.3227881789207 280.24677401781082 180.49877923727036 318.58181023597717
leaf_count=6468 55403 4637 1499 1595 80492 32364 600 55521 201 27489 6731 3533 355 195 284
internal_value=0.00013631 -0.00892935 -0.0140794 0.000601164 0.00179034 -0.00113956 -0.00926317 -0.000455405 -0.00032396 0.00366306 -0.0082171 -0.000270586 -0.0286601 0.00208668 -0.0205432
internal_weight=276894 13501 8443.2 263393 156501 106891 6349.43 97474.7 5057.83 82004.5 9416.43 74497 2093.77 4517.7 540.122
internal_count=277367 14239 8922 263128 166917 96211 7068 87885 5317 82892 8326 84025 1854 4832 485
is_linear=0
shrinkage=0.0787314


Tree=3
num_leaves=16
num_cat=0
split_feature=19 15 16 3 15 19 3 19 3 3 19 19 13 8 19
split_gain=59.0332 103.624 114.59 92.2995 87.1864 66.2355 53.8895 32.6676 29.165 24.9183 24.2471 14.2027 3.65769 0.869937 0.796669
threshold=1.0000000180025095e-35 1.0000000180025095e-35 1.0000000180025095e-35 7.8760091781759924e-08 0.06305538117885591 5.6753237664963771e-09 0.0011852378374896946 0.00045218283776193863 0.02269908040761948 0.0059834124986082324 0.00251083925832063 1.4067720946475683e-11 1.0000000180025095e-35 1.5000000000000002 0.0010655319783836605
decision_type=2 2 2 2 2 2 2 2 2 2 2 2 2 2 2
left_child=1 2 13 10 6 11 -3 -7 -4 -6 14 -5 -12 -1 -2
right_child=3 4 8 5 9 7 -8 -9 -10 -11 12 -13 -14 -15 -16
leaf_value=0.9607692889665479 -0.56102709975924547 -1.94841683625114 -0.079735782499116586 -0.045468307624123815 -0.23777849688023228 0.1668285220935998 0.21692929006862621 -0.19458310507361082 0.47230770175512088 0.19654424665480807 -0.49756878551239392 -0.77444355247638252 -0.1550582996090577 0.9607692889665479 -0.75763701185777743
leaf_weight=33926.888064742088 226.62730687856674 3934.5388707518578 36761.556532979012 1740.1913524866104 42498.529019236565 34267.02215129137 1566.8042491674423 65183.029849648476 9342.2775495052338 31287.056400537491 388.49804091453552 7676.2378351092339 306.14089912176132 7128.6280495524406 659.5670028924942
leaf_count=41024 203 3953 31623 1595 45995 32488 1965 57075 7156 37263 392 6731 306 8994 604
internal_value=0.000179284 0.00111585 0.00298958 -0.00123178 -0.000943436 -0.000957088 -0.0105046 -0.000359088 0.000294771 -0.000229973 -0.0201175 -0.00726823 -0.00901205 0.00601475 -0.028768
internal_weight=276894 166446 87159.4 110447 79286.9 108866 5501.34 99450.1 46103.8 73785.6 1580.83 9416.43 694.639 41055.5 886.194
internal_count=277367 177973 88797 99394 89176 97889 5918 89563 38779 83258 1505 8326 698 50018 807
is_linear=0
shrinkage=0.0787314


end of trees

feature_importances:
event_decay_game_update_weighted=15
event_decay_operation_weighted=10
event_decay_operation=9
event_decay_game_update=7
event_decay_major_weighted=7
event_density_90d_game_update=3
event_density_30d_major=2
event_decay_case_drop=2
event_density_90d_case_drop=2
event_decay_major=1
event_density_30d_operation=1
event_density_30d_game_update=1

parameters:
[boosting: gbdt]
[objective: quantile]
[metric: quantile]
[tree_learner: serial]
[device_type: cpu]
[data_sample_strategy: bagging]
[data: ]
[valid: ]
[num_iterations: 1000]
[learning_rate: 0.0787314]
[num_leaves: 23]
[num_threads: -1]
[seed: 91]
[deterministic: 0]
[force_col_wise: 0]
[force_row_wise: 0]
[histogram_pool_size: -1]
[max_depth: 4]
[min_data_in_leaf: 10]
[min_sum_hessian_in_leaf: 0.001]
[bagging_fraction: 0.7]
[pos_bagging_fraction: 1]
[neg_bagging_fraction: 1]
[bagging_freq: 5]
[bagging_seed: 2784]
[bagging_by_query: 0]
[feature_fraction: 0.7]
[feature_fraction_bynode: 1]
[feature_fraction_seed: 29510]
[extra_trees: 0]
[extra_seed: 8681]
[early_stopping_round: 0]
[early_stopping_min_delta: 0]
[first_metric_only: 0]
[max_delta_step: 0]
[lambda_l1: 0.5]
[lambda_l2: 0.5]
[linear_lambda: 0]
[min_gain_to_split: 0.1]
[drop_rate: 0.1]
[max_drop: 50]
[skip_drop: 0.5]
[xgboost_dart_mode: 0]
[uniform_drop: 0]
[drop_seed: 8477]
[top_rate: 0.2]
[other_rate: 0.1]
[min_data_per_group: 100]
[max_cat_threshold: 32]
[cat_l2: 10]
[cat_smooth: 10]
[max_cat_to_onehot: 4]
[top_k: 20]
[monotone_constraints: ]
[monotone_constraints_method: basic]
[monotone_penalty: 0]
[feature_contri: ]
[forcedsplits_filename: ]
[refit_decay_rate: 0.9]
[cegb_tradeoff: 1]
[cegb_penalty_split: 0]
[cegb_penalty_feature_lazy: ]
[cegb_penalty_feature_coupled: ]
[path_smooth: 0]
[interaction_constraints: ]
[verbosity: -1]
[saved_feature_importance_type: 0]
[use_quantized_grad: 0]
[num_grad_quant_bins: 4]
[quant_train_renew_leaf: 0]
[stochastic_rounding: 1]
[linear_tree: 0]
[max_bin: 63]
[max_bin_by_feature: ]
[min_data_in_bin: 3]
[bin_construct_sample_cnt: 200000]
[data_random_seed: 335]
[is_enable_sparse: 1]
[enable_bundle: 1]
[use_missing: 1]
[zero_as_missing: 0]
[feature_pre_filter: 0]
[pre_partition: 0]
[two_round: 0]
[header: 0]
[label_column: ]
[weight_column: ]
[group_column: ]
[ignore_column: ]
[categorical_feature: ]
[forcedbins_filename: ]
[precise_float_parser: 0]
[parser_config_file: ]
[objective_seed: 29977]
[num_class: 1]
[is_unbalance: 0]
[scale_pos_weight: 1]
[sigmoid: 1]
[boost_from_average: 1]
[reg_sqrt: 0]
[alpha: 0.1]
[fair_c: 1]
[poisson_max_delta_step: 0.7]
[tweedie_variance_power: 1.5]
[lambdarank_truncation_level: 30]
[lambdarank_norm: 1]
[label_gain: ]
[lambdarank_position_bias_regularization: 0]
[eval_at: ]
[multi_error_top_k: 1]
[auc_mu_weights: ]
[num_machines: 1]
[local_listen_port: 12400]
[time_out: 120]
[machine_list_filename: ]
[machines: ]
[gpu_platform_id: -1]
[gpu_device_id: -1]
[gpu_use_dp: 0]
[num_gpu: 1]

end of parameters

pandas_categorical:[]
