tree
version=v4
num_class=1
num_tree_per_iteration=1
label_index=0
max_feature_idx=54
objective=quantile
feature_names=price_lag_1d return_1d return_3d return_7d return_14d return_30d return_60d price_std_7d price_std_14d price_std_20d price_std_30d price_std_60d price_zscore_30d vol_regime_60_30 trend_divergence_30_60 price_accel_7d price_log price_tier log_return_1d log_return_7d autocorr_1d autocorr_7d bb_pct_b bb_width rsi_14 macd_line macd_signal macd_histogram distance_to_support distance_to_resistance volume_missing volume_lag_1d volume_lag_7d volume_mean_30d volume_std_30d volume_std_60d volume_log_change_1d volume_log_change_7d volume_zscore_30d volume_price_conf_7d volume_price_conf_1d rsi_missing macd_missing dow_sin dow_cos events_next_30d_major events_next_30d_operation events_next_30d_case_drop events_next_30d_update events_next_30d_game_update item_type_graffiti item_type_skin item_type_sticker item_type_unknown item_volume_vs_market_30d
feature_infos=[0.029999999329447746:960.7130126953125] [-99.536705017089844:500] [-99.492156982421875:500] [-99.509979248046875:500] [-99.901214599609375:500] [-99.499412536621094:500] [-99.499412536621094:500] [0:167.40560913085938] [0:119.09705352783203] [0:135.57257080078125] [0:112.72939300537109] [0:97.889312744140625] [-4.8795590400695801:5.2946515083312988] [0.70205938816070557:761.94976806640625] [-112984214994944:140802198077440] [-599.50994873046875:534.69384765625] [-3.5065579414367676:6.86767578125] [0:4] [-5.3745660781860352:6.8952875137329102] [-5.3184762001037598:6.9452981948852539] [-49768.35546875:222115.390625] [-49754.98828125:50974.09765625] [-0.51409953832626343:1.5621322393417358] [0.0062784175388514996:17.437114715576172] [0:99.844482421875] [-24.237356185913086:40.936752319335938] [-16.600063323974609:26.537761688232422] [-17.223386764526367:29.474584579467773] [1.9274705665090278e-14:106457.8984375] [0.010915839113295078:106457.8984375] none [1:197735] [1:197735] [1:125869.734375] [0:64217.12890625] [0:67507.5625] [-6.4329400062561035:6.5171170234680176] [-6.0185933113098145:7.2102642059326172] [-4.1069283485412598:5.2931628227233887] [-99.499412536621094:500] [-99.341239929199219:500] [0:1] [0:1] [-0.97492790222167969:0.97492790222167969] [-0.90096884965896606:1] [0:1] [0:1] [0:1] none [0:2] [0:1] [0:1] [0:1] none [0.00099037075415253639:352.26205444335938]
tree_sizes=5735 5809 5867 5897 5734

Tree=0
num_leaves=55
num_cat=0
split_feature=16 2 24 49 22 6 29 18 35 45 3 4 26 8 11 34 6 22 23 6 33 18 13 35 24 18 33 4 11 8 11 6 2 6 6 18 23 11 23 25 54 54 33 8 6 52 36 25 28 18 11 2 18 8
split_gain=4286.98 395.418 189.729 171.332 136.526 118.01 64.556 63.6216 61.4481 47.5316 41.471 34.8953 26.8423 23.6331 21.9703 20.4788 19.3285 18.6756 16.6777 14.73 13.3642 12.0275 10.7738 9.39791 8.90842 8.62117 8.82613 7.87418 7.58057 7.44258 6.68297 6.27807 7.30226 5.8748 5.8629 5.60757 5.21488 3.86482 3.77439 3.71628 3.43065 3.79909 3.23799 3.104 3.05098 2.99279 7.17062 2.95505 2.8776 2.67249 2.49259 2.44659 2.92373 2.37312
threshold=-3.498293280601501 14.263868331909181 24.784466743469242 1.5000000000000002 0.34232465922832495 35.114305496215827 11.112301826477053 0.080076780170202269 48.362033843994148 1.0000000180025095e-35 37.850957870483406 -6.511239528656005 0.0032919101649895315 0.0094544887542724627 1.0000000180025095e-35 232.34822845458987 61.857872009277351 0.22678823024034503 0.32097347080707556 -43.427698135375969 137.67708587646487 -1.0000000180025095e-35 1.0534912347793581 68.087524414062514 38.716285705566413 0.12458407133817674 7.4500000476837167 16.778962135314945 0.003894567373208702 2.6194969415664677 0.0061324695125222215 -6.8698971271514884 -9.2300801277160627 48.891017913818366 -3.9470664262771602 0.12458407133817674 0.19235303997993472 0.0043483225163072356 0.4774621725082398 -0.011385418009012936 0.32221156358718878 0.46522118151187902 673.46667480468761 0.002386079635471106 7.6964211463928232 1.0000000180025095e-35 -0.042553454637527459 -0.002103245933540165 23.568457603454593 0.03620495833456517 0.020459920167922977 -4.1230256557464591 -0.01547507708892226 0.014503693673759701
decision_type=2 2 2 2 2 2 2 2 2 2 2 2 2 2 2 2 2 2 2 2 2 2 2 2 2 2 2 2 2 2 2 2 2 2 2 2 2 2 2 2 2 2 2 2 2 2 2 2 2 2 2 2 2 2
left_child=4 2 6 5 13 7 22 8 -4 15 24 16 33 23 -6 27 20 38 -14 -9 -8 31 51 30 39 26 44 -5 36 -28 40 -16 -33 -7 47 49 42 -34 -13 -3 43 -42 -23 -1 -26 48 -47 -25 -27 -12 -36 -2 -53 -37
right_child=1 10 3 9 14 12 11 19 -10 -11 35 17 18 -15 21 -17 -18 -19 -20 -21 -22 28 -24 34 25 45 29 -29 -30 -31 -32 32 37 -35 50 53 -38 -39 -40 -41 41 -43 -44 -45 -46 46 -48 -49 -50 -51 -52 52 -54 -55
leaf_value=0 0.42136361895030727 -0.70828741300437237 0.11116864648016903 1.1517589645838546 0 -0.55875072720308627 -0.14109867829235651 0.42483669135003316 -0.014002157775288288 -0.2936075789317098 -1.8849437129482423 -0.99065784615762742 -0.0095452704976965608 0 0.18342827128421332 0.034609108037017847 -3.3497059246612402 -2.301888394079378 -0.61460381636531058 -0.31952023227031134 -0.48307444078748102 0 -0.22868980128928718 0 0.36685654256842665 -0.4350253980864926 -0.5368809769270414 0.41381418883369936 0 0.67947257838765485 0.36685654256842665 0 0 -0.83738993811656903 0 -1.5574099272648665 0 0 -0.15684111336142079 -1.9235057497027277 0.55028482697245262 0 0 0.36685654256842665 -0.2719981308239876 -1.0410793853600184 0 0.36685654256842665 -1.2353039872884637 -1.2663281066384444 0.55028482697245262 0.22888873050786568 0.071188208423403357 -4.0804377420957119
leaf_weight=62.605778217315674 170.65745580196381 102.72648966312408 32353.09216606617 1183.5504174828529 24765.442123711109 494.08788758516312 1147.1723585724831 115.08597314357758 17619.629492521286 140.16524404287338 266.32383286952972 102.67196476459503 968.51005846261978 159.35374116897583 70.795167624950409 126.79049497842789 265.62503004074097 689.50164914131165 1661.8890861272812 2623.8387019634247 2013.4435456991196 534.20408123731613 89.778781175613403 32.109106481075287 101.29883116483688 88.772887766361237 1573.8745186328888 86.251324236392975 4988.3505191206932 39.941863298416138 173.45024752616882 69.022826373577118 84.470698475837708 694.76999515295029 107.00916165113449 188.72249269485474 1641.2572786211967 158.23104149103165 150.38431644439697 376.10323321819305 50.69942981004715 34.752234399318695 55.498356819152832 58.689561426639557 76.910927176475525 127.72418522834778 136.13984590768814 85.200693905353546 609.69232946634293 134.86900252103806 26.968491554260254 140.82708758115768 113.7716361284256 1159.7120810747147
leaf_count=50 30 76 30542 1438 32153 484 1029 57 19250 145 144 31 1072 83 42 148 100 166 1322 1877 2423 729 123 35 55 58 1218 88 1767 22 94 23 101 423 133 130 2003 40 51 106 41 38 80 57 43 83 107 108 361 104 33 23 47 326
internal_value=-0.00921665 -0.00129796 -0.000114935 0.000759488 -0.0254366 0.00026452 -0.0105322 0.000943246 0.00139271 0.0188837 -0.0162189 -0.0127139 -0.00907193 -0.00268763 -0.0259889 0.0219758 -0.0100701 -0.0221869 -0.00590007 -0.0072148 -0.00881165 -0.0232757 0.00774991 0.00194065 -0.0124449 -0.0111391 -0.0087309 0.0240815 -0.0238004 -0.0100279 0.00752148 -0.0130506 -0.0164209 -0.0159864 -0.00606324 -0.0231189 -0.0207982 -0.0208986 -0.00869992 -0.0196878 0.000275198 0.00914365 -0.0156513 -0.00509631 0.0023903 -0.0154956 -0.00946871 0.00212442 -0.0175983 -0.0164643 -0.0140103 0.0115188 0.00726118 -0.0250036
internal_weight=101092 67934.3 62951.5 58067.7 33158.1 56530.9 4883.83 52711.6 49972.7 1536.76 4982.81 4368.8 3819.26 790.838 32367.3 1396.59 3426.24 942.558 2630.4 2738.92 3160.62 7601.83 515.035 631.485 3233.19 2754.36 1792.03 1269.8 7219.31 1613.82 380.197 382.52 311.725 1188.86 251.287 1749.63 2230.96 242.702 253.056 478.83 206.747 85.4517 589.702 121.295 178.21 962.329 263.864 117.31 698.465 401.193 133.978 425.256 254.599 1348.43
internal_count=101312 63702 60869 56846 37610 55027 4023 51726 49792 1819 2833 3800 3301 672 36938 1674 3552 248 2394 1934 3452 4785 223 589 2129 1947 1338 1526 4579 1240 280 206 164 907 309 704 2812 141 82 182 186 79 809 107 98 609 190 143 419 248 166 100 70 456
is_linear=0
shrinkage=0.0550285


Tree=1
num_leaves=55
num_cat=0
split_feature=0 2 49 24 6 12 29 28 42 3 41 4 42 11 13 26 12 6 6 11 37 49 13 8 1 2 13 11 10 28 10 54 22 11 10 11 10 1 8 29 6 31 1 12 43 54 3 2 28 15 21 50 31 6
split_gain=4420.75 328.679 184.987 148.236 104.267 81.0344 56.0378 50.8901 53.6847 45.6576 39.7537 31.7008 26.7847 23.0154 20.5387 20.0789 18.5782 15.9603 17.6309 13.6558 12.9304 10.8016 10.23 9.80467 9.73894 9.75634 9.35525 9.28404 9.0451 8.65563 7.60019 7.10296 6.9485 6.8943 6.53315 6.45311 5.80092 4.70488 4.39568 4.18269 4.17432 3.60042 3.54973 3.23767 3.21105 2.8011 2.73259 2.46558 2.10016 1.92112 1.71945 1.69131 1.1776 0.998197
threshold=0.03024999983608723 14.263868331909181 1.5000000000000002 24.784466743469242 35.114305496215827 -0.62143209576606739 11.112301826477053 20.831138610839847 1.0000000180025095e-35 37.850957870483406 1.0000000180025095e-35 -5.5891327857971183 1.0000000180025095e-35 1.0000000180025095e-35 1.2829236388206484 0.0032919101649895315 -1.1317120194435117 -43.427698135375969 -1.7848293781280515 0.01159889902919531 0.019820485264062885 1.0000000180025095e-35 1.0534912347793581 0.15865857154130938 1.5669332146644595 5.8836364746093759 1.428617596626282 0.01159889902919531 3.6921201944351201 61.77666091918946 0.038158027455210693 0.15048947930336001 0.34232465922832495 0.0083731366321444529 0.0064798982348293075 0.003894567373208702 0.0015109275700524452 -6.7848651409149161 0.0019159896764904263 311.01898193359381 -9.1601052284240705 416.50000000000006 20.574491500854496 -0.32215704023838038 -1.0000000180025095e-35 1.9181568026542666 13.211703300476076 -6.8166015148162833 9.0917210578918475 1.8197842836380007 -18.074670791625973 1.0000000180025095e-35 134.50000000000003 -1.0000000180025095e-35
decision_type=2 2 2 2 2 2 2 2 2 2 2 2 2 2 2 2 2 2 2 2 2 2 2 2 2 2 2 2 2 2 2 2 2 2 2 2 2 2 2 2 2 2 2 2 2 2 2 2 2 2 2 2 2 2
left_child=5 2 3 6 7 19 22 10 -9 12 -5 14 21 -7 -8 30 -13 -4 45 26 -17 27 38 44 32 34 47 46 -29 31 -6 -23 -15 52 36 43 -26 -14 -2 -21 -28 -41 -35 -34 -20 -19 -3 -1 -25 -31 -39 53 -11 -49
right_child=1 9 17 4 15 13 11 8 -10 33 -12 16 37 24 -16 20 -18 18 23 39 -22 29 -24 48 25 -27 40 28 -30 49 -32 -33 35 42 -36 -37 -38 50 -40 41 -42 -43 -44 -45 -46 -47 -48 51 -50 -51 -52 -53 -54 -55
leaf_value=0.36685654256842665 -0.11135019382985427 0.029543745549309833 -0.21265186836200337 0.072833687472964093 -0.6716825063794214 0 -0.23011281475135484 -0.081620836231875812 -1.3613889933788723 -0.93832704910828357 0 -0.65097896707598191 -0.95516024579669467 0 -0.58484470869448069 -0.5041027221398543 -2.1503520153782136 1.0857070679298255 0.20112647141042322 0 -0.059494325674021541 0.13536580098908874 -0.25730680817711238 -0.66290777263706724 -0.17674071828004051 -0.98379036641627582 0.36685654256842665 -0.86613862225676375 -0.25708735691266221 -1.4081515785062715 -0.7913096403960741 -0.28921881754018725 0 -1.5378419355203143 -0.22698833229912804 0 0.77862143904997239 -1.173221691964337 0.13527354844137876 0 0 0.34469853435464448 -3.5495986335725096 0 0.70205425256485565 0.22651562371757314 -0.64427440350113219 0 0.020491130429254555 -0.83552301083687397 -1.9494132287738115 0.18342827128421332 0.37539789540560697 0
leaf_weight=47.747619569301605 118.62774378061295 181.89465516805649 63.728188812732697 43311.566863954067 785.80132883787155 24765.442123711109 1877.0748565196991 6989.4332163929939 878.88817340135574 43.662640869617462 2322.6063516139984 218.04167819023132 79.363509893417358 64.608851313591003 1501.3440421819687 1564.5775479078293 730.62687331438065 1014.014323592186 168.35535663366318 205.65291351079941 1065.8215966820717 384.52378284931183 84.922674953937531 32.69432544708252 55.317966878414154 320.63310140371323 90.171127319335938 1249.1949257254601 142.92310804128647 63.17434948682785 401.35704761743546 224.67410784959793 284.68907779455185 435.84721702337265 108.56026440858841 4301.0712575912476 88.433650016784668 105.62287575006485 313.56573069095612 54.503384351730347 32.278750061988831 48.875463306903839 1098.3620843291283 1892.9208931922913 228.12639594078064 28.352931797504425 210.08054757118225 80.720601797103882 46.657332539558411 53.753367900848389 474.06275606155396 24.982069909572601 32.235632300376892 100.24846965074539
leaf_count=46 18 202 55 45408 757 32153 1945 5795 336 44 360 69 16 40 1573 1400 170 1229 204 138 994 234 116 31 60 187 79 874 60 27 149 211 352 259 36 1592 74 45 83 40 41 41 326 2386 260 36 239 111 55 35 141 36 39 105
internal_value=-0.00889682 -0.000962051 7.9864e-05 -0.000391425 0.000387979 -0.0255888 -0.00963477 0.00101679 -0.00306507 -0.014879 0.00172306 -0.0116906 -0.0109714 -0.0259925 -0.00913124 -0.00839391 -0.0206698 0.0186579 0.0198105 -0.00663628 -0.00564003 -0.00830032 0.00734449 0.0105779 -0.0231065 -0.0155886 0.000123614 -0.0106217 -0.0127509 -0.00243848 -0.0143932 2.36517e-05 -0.0237455 -0.0224907 -0.00680862 -0.0239287 0.000163181 -0.0209503 0.0108937 -0.0151932 0.0128337 -0.00463874 -0.0233129 -0.0211273 0.0141941 0.0239055 -0.0027665 -0.00560519 -0.00607223 -0.0160909 -0.0227607 -0.00840761 -0.0043538 -0.0103998
internal_weight=101092 68525.6 63746.2 62164.3 57320.1 32566.9 4844.2 53502.5 7868.32 4779.38 45634.2 4327.09 3169.27 31881.7 3378.42 3817.56 948.669 1581.93 1518.2 685.18 2630.4 2510.22 517.116 475.833 7116.24 572.945 376.149 1784.09 1392.12 726.126 1187.16 609.198 6543.29 1610.11 252.312 6478.68 143.752 659.049 432.193 309.032 122.45 103.379 1534.21 2177.61 396.482 1042.37 391.975 253.699 79.3517 116.928 579.686 205.951 75.8983 180.969
internal_count=101312 63795 61043 59173 55199 37517 3974 51899 6131 2752 45768 3757 2084 36880 3518 3300 239 1870 1815 637 2394 1882 217 550 4727 357 418 1375 934 507 906 445 4370 668 170 4330 134 202 101 219 120 81 585 2738 464 1265 441 298 86 62 186 252 83 216
is_linear=0
shrinkage=0.0550285


Tree=2
num_leaves=55
num_cat=0
split_feature=16 2 22 24 28 29 46 14 23 47 54 23 13 54 33 4 12 25 16 13 32 4 12 22 51 9 27 26 13 13 13 0 23 22 33 5 12 0 33 27 51 27 13 26 14 32 13 14 26 10 25 22 12 10
split_gain=4370.48 342.27 157.964 146.56 108.506 62.1249 39.2042 35.6472 34.897 28.6923 31.7796 28.3119 29.975 27.5229 65.135 28.3619 24.2452 18.6738 25.7736 19.1916 15.9797 15.7905 14.4457 14.0393 13.2636 13.2351 11.3847 11.2418 11.2011 10.9374 10.3022 10.0209 8.76881 8.62258 9.39716 6.12228 5.84993 5.77322 5.62681 5.54404 6.31265 4.84326 4.69418 4.2074 4.13966 4.05684 3.66741 3.62915 3.61734 3.49589 3.24412 3.11791 2.95615 2.71089
threshold=-3.498293280601501 18.615480422973636 0.34232465922832495 24.784466743469242 23.568457603454593 11.112301826477053 1.0000000180025095e-35 0.59383875131607067 0.64672100543975841 1.0000000180025095e-35 0.2327227517962456 0.7443651854991914 0.70747444033622753 0.1363085359334946 93.772224426269545 -19.401261329650875 -0.39232787489891047 -0.022691817022860047 1.1074068546295168 2.7161190509796147 79.500000000000014 -1.0000000180025095e-35 -1.1317120194435117 0.32998028397560125 1.0000000180025095e-35 0.01098737306892872 -0.013252648524940012 -0.0037443607579916711 0.75039613246917736 0.82899016141891491 1.0534912347793581 0.03024999983608723 3.2658587694168095 0.81396007537841808 60.549999237060554 -19.402853012084957 1.572823762893677 0.03024999983608723 60.549999237060554 -4.6635750550194637e-05 1.0000000180025095e-35 0.00016575311019551012 4.3391880989074716 -2.9884361651966167e-08 0.49504783749580389 120.50000000000001 0.99998059868812572 0.45892055332660681 0.00052410579519346367 0.0070869801566004762 -4.9620350182522082e-05 0.29278792440891271 -0.85909268260002125 0.029938749969005588
decision_type=2 2 2 2 2 2 2 2 2 2 2 2 2 2 2 2 2 2 2 2 2 2 2 2 2 2 2 2 2 2 2 2 2 2 2 2 2 2 2 2 2 2 2 2 2 2 2 2 2 2 2 2 2 2
left_child=2 3 25 5 6 30 13 21 33 23 -11 17 -13 14 -5 -15 31 18 -6 -19 32 26 -23 -8 36 39 -7 -22 -14 53 52 50 -9 34 42 -26 46 -27 -33 44 51 -42 -3 -31 47 49 -10 -1 -47 -35 -4 -41 -2 -18
right_child=1 8 16 4 11 7 9 20 24 10 -12 12 28 15 -16 -17 29 19 -20 -21 27 22 -24 -25 35 37 -28 -29 -30 43 -32 38 -34 45 -36 -37 -38 -39 -40 40 41 -43 -44 -45 -46 48 -48 -49 -50 -51 -52 -53 -54 -55
leaf_value=0.50990970916225686 0.42623874925959804 0.016949980070457289 0 0.15280247317121187 -1.3790113205479331 -0.83595301357144614 -0.14219373297150642 0.082256959440025992 -1.4213015534651521 -0.010125369250192731 -0.34716542667180394 0.49570998676358252 -0.12035161913358877 -0.3039839248848335 0.87885483403784759 0.071986926542003074 0 -0.15834706523594586 -0.0073411138807421986 0.1431646115417281 -0.38741093898882606 -0.61515658224997061 -2.0455247949185273 0.090283882869439461 -1.2265194954442842 0 -0.35734447424484139 0.13935161203147756 -0.83319161490060756 0 -0.20194614527434554 0.52994684119045299 0.017374148782024278 -0.45041888453426399 -0.79703571446133181 -2.5807388966637839 -2.2367832982350011 -0.0040079273108825737 -0.0040079273108825737 0.50990970916225686 0.3426610563524462 0 0.084100269196429434 0 0.18342827128421332 -0.57155599058423234 -0.64807004285114433 0 0.21067462949715751 -1.0038157342975167 0 0 0.18172111637227703 0
leaf_weight=53.755706250667572 276.10433840751648 206.0990537405014 509.01598531007767 10489.842678487301 272.25866228342056 674.73937386274338 1859.5940754413605 252.83886367082596 81.615235328674316 1040.9460764527321 1025.5322178602219 82.773916184902191 528.41280448436737 1213.3874595165253 916.29514157772064 29337.482687830925 872.95134109258652 5372.7361259460449 142.72038096189499 955.78046751022339 798.41795116662979 207.76868063211441 751.43875819444656 3692.4811986684799 105.61366266012192 126.22341161966324 1422.5336064696312 230.96758311986923 2404.6727407574654 5682.3860985040665 89.778781175613403 57.127353966236115 67.600107848644257 134.6359167098999 129.70568645000458 1893.2697377800941 268.54427415132523 77.256106734275818 65.853590667247772 42.918195068836212 142.3833419084549 45.884714245796204 39.305393755435944 23668.521636068821 98.464248836040497 114.26657748222351 189.11120188236237 147.84129619598389 87.856492936611176 428.02743530273438 230.62242424488068 56.111425280570984 149.15184110403061 1280.7936636209488
leaf_count=53 65 176 484 8464 77 525 2299 314 51 993 1084 17 178 877 777 31956 938 5596 124 376 991 63 173 3888 54 85 1450 287 1063 5233 123 26 11 149 95 505 163 33 49 36 80 37 10 29784 119 133 79 180 109 372 95 49 35 329
internal_value=-0.00901403 -0.00101863 -0.0253911 -8.22891e-05 0.000672919 -0.00920821 0.00171864 -0.0113329 -0.0173423 -0.00190466 -0.00743935 -0.00462748 -0.00907362 0.00237921 0.00469033 0.00151263 -0.025985 -0.00262169 -0.0139569 -0.00185893 -0.00377088 -0.0146342 -0.0206444 0.0001365 -0.0209689 -0.000946526 -0.0118244 -0.00716258 -0.0100239 -0.0262407 0.00874269 -0.0164966 0.00677069 -0.00915934 -0.0019642 -0.0231101 -0.0128003 -0.0131108 -0.000971736 0.00309564 0.00861769 0.0145832 0.00402454 -0.0265401 -0.00183703 -0.0125375 -0.00641887 -0.00662919 -0.00496526 -0.0150488 -0.0189245 -0.0016557 0.0124143 -0.0220995
internal_weight=101092 67934.3 33158.1 64256.3 59334.9 4921.34 49575.6 4406.3 3678.05 7618.55 2066.48 9759.36 3015.86 41957 11406.1 30550.9 32367.3 6743.5 414.979 6328.52 1349.82 3056.48 959.207 5552.08 2538.15 790.838 2097.27 1029.39 2933.09 31504.7 515.035 862.619 320.439 1139.9 375.11 1998.88 539.271 203.48 122.981 587.359 287.298 188.268 245.404 29350.9 300.061 764.786 270.726 201.597 202.123 562.663 739.638 99.0296 425.256 2153.75
internal_count=101312 63702 37610 61806 57769 4037 50338 3814 1896 8264 2077 7431 1258 42074 9241 32833 36938 6173 201 5972 1603 2211 236 6187 852 672 1975 1278 1241 36284 223 654 325 1044 281 559 293 118 75 554 202 117 186 35017 352 763 130 233 242 521 579 85 100 1267
is_linear=0
shrinkage=0.0550285


Tree=3
num_leaves=55
num_cat=0
split_feature=16 28 24 22 18 18 8 45 28 9 47 34 11 33 12 0 6 54 34 14 32 42 5 13 11 8 13 11 11 12 13 0 31 34 16 6 54 27 8 36 34 33 3 11 0 43 22 26 12 6 28 26 22 11
split_gain=4402.72 317.78 153.195 151.874 81.3359 78.9602 52.028 48.7576 43.9352 37.0435 36.1378 28.8003 27.7513 25.297 24.0065 22.3399 21.8368 21.6374 21.0737 17.7723 15.952 15.5287 17.5576 13.3446 13.1927 12.8044 12.0485 11.9335 11.6331 11.4398 10.9374 9.6328 8.41716 8.10185 8.08869 6.93644 6.77566 6.26781 6.14066 6.05022 6.00925 10.941 5.96544 5.87719 5.79133 5.92414 5.67304 5.53411 5.29902 4.95249 4.79297 4.2074 4.19426 4.07819
threshold=-3.498293280601501 41.897970199584968 29.035779953002933 0.34232465922832495 0.18709755688905719 0.080076780170202269 0.038775276392698295 1.0000000180025095e-35 15.626327514648439 1.269359886646271 1.0000000180025095e-35 9.9267430305480975 0.0061324695125222215 275.27618408203131 -0.39232787489891047 1.1974999904632571 -1.0528625249862669 1.2122225165367129 12.7749080657959 0.56721144914627086 438.50000000000006 1.0000000180025095e-35 31.273855209350589 1.1715661287307741 0.017541010864079002 0.0094544887542724627 1.0000075697898867 0.014892591163516046 0.32126080989837652 0.17850630730390551 0.82899016141891491 0.03024999983608723 32.500000000000007 63.000858306884773 -1.4938820600509641 -3.9470664262771602 1.6767897605895998 -0.00028297341486904765 0.13609506934881213 -0.39833377301692957 10.862912654876711 218.05000305175784 37.850957870483406 0.0061324695125222215 0.1722500026226044 0.6078576147556306 0.37884327769279486 -0.056707743555307381 0.70371076464653026 1.04231333732605 61.77666091918946 -2.9884361651966167e-08 0.46970856189727789 0.0076118309516459712
decision_type=2 2 2 2 2 2 2 2 2 2 2 2 2 2 2 2 2 2 2 2 2 2 2 2 2 2 2 2 2 2 2 2 2 2 2 2 2 2 2 2 2 2 2 2 2 2 2 2 2 2 2 2 2 2
left_child=3 2 6 25 20 7 12 8 10 11 -4 -9 44 19 31 -11 32 -10 49 34 21 22 29 36 -18 33 -26 48 -20 -3 -16 53 37 43 -8 -35 -22 -7 -15 -34 -23 -42 -24 -1 45 -2 -33 -21 -6 -14 -29 -32 -38 -5
right_child=1 4 5 14 27 16 13 9 17 15 -12 -13 18 38 30 -17 24 -19 28 47 23 40 42 -25 26 -27 -28 50 -30 -31 51 46 39 35 -36 -37 52 -39 -40 -41 41 -43 -44 -45 -46 -47 -48 -49 -50 -51 -52 -53 -54 -55
leaf_value=0.13028288688321019 0.31450763151512229 0.1036288243682829 0.16934157069237613 0 0.16302073525021674 0.59230290729542456 -0.064626875864575398 0.20032987283292444 0.027288098034067117 0.91535718380972653 -0.0071987411556655063 -0.073257114704106674 0.48386941232226183 -0.88251633945960584 0 0.12494588181412618 -0.24669060666540629 -0.4304947497931097 -0.26390399526224201 -0.26297400829887574 -0.8769832190260437 -0.68051341195584192 -0.59006747023002071 0.7492169428279557 -0.64222760372615373 0 -0.37137956503302549 -0.93636086359761239 0.26586732766603688 -0.45825851640248477 0 -0.0037873771522038552 -0.51537339466898346 0.17333449183166438 -0.67886031319431861 0 0.51211676253627059 -0.1043853920971495 -1.7557563602270212 -0.12570248226700015 -1.7069849862303594 -1.895327460512811 -1.2435006689297483 0.33983453876613623 0.44320802887584781 -0.2115989759625396 0.51711472908066147 0.13154180541560284 -1.4186649581975499 -0.04520447050301564 -3.4534869101570278 0 -0.58497387881193719 0
leaf_weight=204.45508146286011 346.11497223377228 478.20080029964447 22084.280921876431 306.40387451648712 55.863305985927582 209.96512341499329 193.19073480367661 1757.4728649258614 7182.6830282211304 189.36978149414062 4995.1026957631111 13247.284401416779 137.25069731473923 521.68221420049667 2153.7450047135353 765.74131065607071 806.54741704463959 979.36332786083221 2887.4295346736908 320.40366744995117 137.84958136081696 130.4940220117569 1380.5374367833138 163.47178143262863 903.1118745803833 159.35374116897583 626.52718418836594 222.49770843982697 115.87613105773926 1167.7153259515762 5682.3860985040665 73.314154982566833 122.39189201593399 121.78832226991653 1252.423986852169 132.47009241580963 59.913642048835754 233.10317051410675 567.11851912736893 447.12904781103134 332.80950099229813 177.91842192411423 476.89984977245331 172.7712088227272 63.129384100437164 65.45887953042984 49.666789650917053 299.21022599935532 254.25784850120544 53.711823463439941 1385.2613003849983 23668.521636068821 137.54184931516647 433.23453503847122
leaf_count=184 184 283 22106 369 39 125 49 1757 6574 21 5121 14429 88 411 1267 470 833 1044 3111 416 103 32 1092 90 355 83 487 95 25 823 5233 46 86 148 990 165 23 168 245 431 88 45 316 92 10 58 29 366 180 34 361 29784 138 210
internal_value=-0.00896641 -0.000941582 0.000287326 -0.0254038 -0.0124517 0.00126142 -0.0074835 0.00179859 0.00294194 -0.000719207 0.00400915 -0.00139474 -0.00298752 -0.012676 -0.0259861 0.00976863 -0.00691693 -0.000585302 -0.0048556 -0.00899101 -0.0084724 -0.00959291 -0.0080891 0.000618827 -0.00984193 -0.00142863 -0.0128767 -0.0220192 -0.00600866 -0.00384728 -0.0262407 -0.0165408 -5.6933e-05 0.00194065 -0.0123385 -0.00539541 -0.0054322 0.00551307 -0.0195501 -0.00458519 -0.0176123 -0.0204025 -0.0117846 0.00717749 0.00933521 0.00655357 -0.00127965 -0.000996359 -0.0113834 0.0126423 -0.023994 -0.0265401 0.000587876 -0.0189245
internal_weight=101092 67934.3 61373.1 33158.1 6561.23 54550.1 6823 51201.3 35241.4 15959.9 27079.4 15004.8 3668.97 3154.03 32367.3 955.111 3348.78 8162.05 3194.27 2065.23 4643.35 4144.58 3503.35 498.777 2336.19 790.838 1529.64 1917.88 3003.31 1645.92 31504.7 862.619 1012.59 631.485 1445.61 254.258 335.305 443.068 1088.8 569.521 641.222 510.728 1857.44 377.226 474.703 411.574 122.981 619.614 310.121 190.963 1607.76 29350.9 197.455 739.638
internal_count=101312 63702 59994 37610 3708 54007 5987 51522 34845 16677 27227 16186 3510 2477 36938 491 2485 7618 3258 1821 3033 2679 2514 354 1675 672 842 675 3136 1106 36284 654 810 589 1039 313 264 293 656 517 165 133 1408 276 252 242 75 782 219 122 456 35017 161 579
is_linear=0
shrinkage=0.0550285


Tree=4
num_leaves=55
num_cat=0
split_feature=16 1 49 22 24 6 1 23 35 14 13 7 12 49 26 34 23 35 7 31 6 6 13 1 32 8 43 6 26 6 35 26 12 33 54 26 12 33 37 25 35 54 32 24 33 33 10 25 33 54 26 6 10 13
split_gain=4412.23 289.181 172.156 151.874 121.343 99.5224 57.0718 48.1148 48.1031 39.5458 30.1927 24.9922 24.0065 20.1949 17.9214 17.5838 15.4275 14.5423 13.3019 13.2851 12.7159 14.8796 10.9374 9.6328 8.67829 8.27174 8.01835 7.4966 7.42573 6.7844 6.65904 5.20006 4.67747 4.37012 6.33116 4.2074 3.70639 3.41903 3.39324 3.24412 4.85718 3.20148 3.08447 3.06986 2.87162 5.21518 2.71089 15.6639 7.07215 2.57829 2.52504 2.34711 3.23499 2.29577
threshold=-3.498293280601501 20.574491500854496 1.5000000000000002 0.34232465922832495 24.784466743469242 35.114305496215827 7.096734046936036 0.20985038578510287 48.362033843994148 0.76209980249404918 1.0000075697898867 0.0287621608003974 -0.39232787489891047 1.0000000180025095e-35 0.0032919101649895315 232.34822845458987 0.32097347080707556 68.087524414062514 0.012590623926371338 4.5000000000000009 -43.427698135375969 -1.7848293781280515 0.82899016141891491 -1.0000000180025095e-35 79.500000000000014 0.0016846101498231294 -1.0000000180025095e-35 61.857872009277351 -0.0011232950491830704 -3.9470664262771602 42.528936386108406 -0.0023431461304426189 0.38041923940181738 113.87777709960939 0.08259087055921556 -2.9884361651966167e-08 -0.62143209576606739 235.68333435058597 1.2532265186309817 -4.9620350182522082e-05 39.083984375000007 0.46522118151187902 31.500000000000004 54.033878326416023 386.48333740234381 766.30950927734386 0.029938749969005588 -0.0012045900220982728 597.16668701171886 1.9181568026542666 -0.0011232950491830704 -12.597952842712401 0.40267576277256018 1.4606907963752749
decision_type=2 2 2 2 2 2 2 2 2 2 2 2 2 2 2 2 2 2 2 2 2 2 2 2 2 2 2 2 2 2 2 2 2 2 2 2 2 2 2 2 2 2 2 2 2 2 2 2 2 2 2 2 2 2
left_child=3 2 4 17 7 6 8 10 -6 18 25 19 23 -8 27 20 -16 28 -9 43 -4 -22 46 30 -11 -2 -23 -7 -1 31 -5 -19 42 34 -30 -24 -21 -12 49 40 53 -35 -13 -3 -31 -46 47 -14 -49 -38 -42 -48 -53 -25
right_child=1 11 15 12 5 14 13 9 -10 24 37 32 22 -15 16 -17 -18 29 -20 36 21 26 35 39 -26 -27 -28 -29 33 44 -32 -33 -34 41 -36 -37 38 -39 -40 -41 50 -43 -44 -45 45 -47 51 48 -50 -51 -52 52 -54 -55
leaf_value=0.29036225698660834 -0.32567562006711892 -0.11634841283740764 -0.53606353090088632 0.47233259102974928 0.087964576630823063 -0.50200936490038783 -0.33940267741769947 -0.3787648460048969 -0.024505618914647004 0.25123705202580354 -0.06569856807757582 -0.71892109125195158 0.18342827128421332 0.019860907116741884 0.0042116116903299231 -0.015713621954212761 -0.5169095763397451 0 -1.1285554069376917 -0.88504723491779069 1.0156965052976543 0.033953480635907272 0 0 -0.19927783104619659 0.29720075375614086 0.67189785685237369 -1.0626238069790823 0.69091012162937016 0 -0.0035789635341158632 0.30684931122108744 -3.286328491929313 0.35567934567094417 -0.0040242912100002439 0 -1.1936265058787807 -0.38493377311572163 -0.9978505161732798 0 0 -0.011767787470476337 -1.599139959143943 -0.8188319241716816 0.11855115882990522 0 0 0 0 -0.49573916853623173 0 0 0 0.36685654256842665
leaf_weight=157.57678592205048 83.941268980503082 71.395833909511566 50.895524919033051 61.296805143356323 32586.360164165497 903.93268340826035 3065.3932789564133 1013.693471968174 17837.547743439674 225.74103438854218 238.27801185846329 129.53682255744934 64.618251442909241 1050.3203266859055 1009.0491332411766 143.70904093980789 2005.6091980338097 48.463839650154114 2001.2164573669434 53.281014621257782 997.96556890010834 188.97750377655029 5682.3860985040665 48.640253067016602 642.60049259662628 397.22985869646072 226.87903946638107 491.05716162919998 61.77869713306427 120.94880533218384 61.684139490127563 97.705920696258545 1255.1228840351105 51.345377326011658 111.04824858903885 23668.521636068821 560.79809308052063 318.7472630739212 85.317663967609406 230.62242424488068 235.86092668771744 48.124466776847839 178.98382794857025 52.273698151111603 46.6016646027565 47.244640111923218 139.7686573266983 762.2410980463028 46.091991603374481 68.453123033046722 180.96017688512802 1014.4586149454117 126.56639134883881 43.554628670215607
leaf_count=98 13 39 42 32 30580 825 2339 902 19327 217 320 43 16 808 1117 168 1586 39 1132 18 1217 221 5233 62 796 174 257 273 52 112 43 126 359 40 63 29784 318 440 71 95 154 41 38 34 51 50 26 856 66 28 225 243 60 43
internal_value=-0.00894867 -0.000915188 -0.000218138 -0.0254038 -0.000667685 2.35453e-05 0.000668379 -0.00896795 0.00117878 -0.0117839 0.00146 -0.019453 -0.0259861 -0.00555687 -0.00792531 0.0175543 -0.00547293 -0.00142863 -0.014767 -0.0118297 0.0193571 0.0203493 -0.0262407 -0.0165408 -0.00129485 0.0116319 0.0110634 -0.0131385 0.00523971 -0.00966655 -0.00127965 0 -0.0237188 0 -0.00555023 -0.0265401 -0.0145572 -0.00713457 -0.0156005 -0.0189245 -0.0157888 0.00885536 -0.0164448 0.00420285 -0.0158725 -0.00672707 -0.0220995 -0.0190015 -0.0211157 -0.0170569 -0.0183767 -0.0241086 -0.0251209 -0.00283647
internal_weight=101092 67934.3 65479.1 33158.1 63870.7 58949.3 54539.6 4921.45 50423.9 3883.25 1038.2 2455.16 32367.3 4115.71 4409.65 1608.43 3014.66 790.838 3014.91 891.519 1464.72 1413.82 31504.7 862.619 868.342 481.171 415.857 1394.99 429.874 360.965 122.981 146.17 1563.64 272.297 172.827 29350.9 767.85 557.025 714.569 739.638 509.016 99.4698 308.521 123.67 214.795 93.8463 2153.75 872.951 808.333 629.251 416.821 1280.79 1141.03 92.1949
internal_count=101312 63702 62754 37610 60849 56855 53054 3994 49907 3047 947 948 36938 3147 3801 1905 2703 672 2034 508 1737 1695 36284 654 1013 187 478 1098 294 378 75 165 440 196 115 35017 435 760 417 579 484 81 81 73 213 101 1267 938 922 346 379 329 303 105
is_linear=0
shrinkage=0.0550285


end of trees

feature_importances:
return_60d=21
vol_regime_60_30=17
price_std_60d=16
price_zscore_30d=13
volume_mean_30d=13
macd_signal=12
bb_pct_b=11
item_volume_vs_market_30d=11
price_std_14d=10
price_std_30d=8
log_return_1d=8
bb_width=8
distance_to_support=8
return_3d=7
rsi_14=7
price_lag_1d=6
return_1d=6
price_log=6
macd_line=6
volume_std_30d=6
volume_std_60d=6
return_14d=5
trend_divergence_30_60=5
volume_lag_7d=5
events_next_30d_game_update=5
return_7d=4
macd_histogram=4
distance_to_resistance=4
volume_lag_1d=4
macd_missing=3
dow_sin=3
return_30d=2
price_std_7d=2
price_std_20d=2
volume_log_change_1d=2
volume_log_change_7d=2
events_next_30d_major=2
events_next_30d_case_drop=2
item_type_skin=2
price_accel_7d=1
autocorr_7d=1
rsi_missing=1
events_next_30d_operation=1
item_type_graffiti=1
item_type_sticker=1

parameters:
[boosting: gbdt]
[objective: quantile]
[metric: quantile]
[tree_learner: serial]
[device_type: cpu]
[data_sample_strategy: bagging]
[data: ]
[valid: ]
[num_iterations: 1000]
[learning_rate: 0.0550285]
[num_leaves: 55]
[num_threads: -1]
[seed: 91]
[deterministic: 0]
[force_col_wise: 0]
[force_row_wise: 0]
[histogram_pool_size: -1]
[max_depth: 7]
[min_data_in_leaf: 30]
[min_sum_hessian_in_leaf: 0.001]
[bagging_fraction: 0.7]
[pos_bagging_fraction: 1]
[neg_bagging_fraction: 1]
[bagging_freq: 5]
[bagging_seed: 2784]
[bagging_by_query: 0]
[feature_fraction: 0.7]
[feature_fraction_bynode: 1]
[feature_fraction_seed: 29510]
[extra_trees: 0]
[extra_seed: 8681]
[early_stopping_round: 0]
[early_stopping_min_delta: 0]
[first_metric_only: 0]
[max_delta_step: 0]
[lambda_l1: 2]
[lambda_l2: 1]
[linear_lambda: 0]
[min_gain_to_split: 0.1]
[drop_rate: 0.1]
[max_drop: 50]
[skip_drop: 0.5]
[xgboost_dart_mode: 0]
[uniform_drop: 0]
[drop_seed: 8477]
[top_rate: 0.2]
[other_rate: 0.1]
[min_data_per_group: 100]
[max_cat_threshold: 32]
[cat_l2: 10]
[cat_smooth: 10]
[max_cat_to_onehot: 4]
[top_k: 20]
[monotone_constraints: ]
[monotone_constraints_method: basic]
[monotone_penalty: 0]
[feature_contri: ]
[forcedsplits_filename: ]
[refit_decay_rate: 0.9]
[cegb_tradeoff: 1]
[cegb_penalty_split: 0]
[cegb_penalty_feature_lazy: ]
[cegb_penalty_feature_coupled: ]
[path_smooth: 0]
[interaction_constraints: ]
[verbosity: -1]
[saved_feature_importance_type: 0]
[use_quantized_grad: 0]
[num_grad_quant_bins: 4]
[quant_train_renew_leaf: 0]
[stochastic_rounding: 1]
[linear_tree: 0]
[max_bin: 63]
[max_bin_by_feature: ]
[min_data_in_bin: 3]
[bin_construct_sample_cnt: 200000]
[data_random_seed: 335]
[is_enable_sparse: 1]
[enable_bundle: 1]
[use_missing: 1]
[zero_as_missing: 0]
[feature_pre_filter: 0]
[pre_partition: 0]
[two_round: 0]
[header: 0]
[label_column: ]
[weight_column: ]
[group_column: ]
[ignore_column: ]
[categorical_feature: ]
[forcedbins_filename: ]
[precise_float_parser: 0]
[parser_config_file: ]
[objective_seed: 29977]
[num_class: 1]
[is_unbalance: 0]
[scale_pos_weight: 1]
[sigmoid: 1]
[boost_from_average: 1]
[reg_sqrt: 0]
[alpha: 0.5]
[fair_c: 1]
[poisson_max_delta_step: 0.7]
[tweedie_variance_power: 1.5]
[lambdarank_truncation_level: 30]
[lambdarank_norm: 1]
[label_gain: ]
[lambdarank_position_bias_regularization: 0]
[eval_at: ]
[multi_error_top_k: 1]
[auc_mu_weights: ]
[num_machines: 1]
[local_listen_port: 12400]
[time_out: 120]
[machine_list_filename: ]
[machines: ]
[gpu_platform_id: -1]
[gpu_device_id: -1]
[gpu_use_dp: 0]
[num_gpu: 1]

end of parameters

pandas_categorical:[]
