tree
version=v4
num_class=1
num_tree_per_iteration=1
label_index=0
max_feature_idx=55
objective=quantile
feature_names=price_lag_1d return_1d return_3d return_7d return_14d return_30d return_60d price_std_7d price_std_14d price_max_14d price_std_20d price_std_30d price_std_60d price_max_60d price_zscore_30d vol_regime_60_30 trend_divergence_30_60 price_accel_7d price_log price_tier log_return_1d log_return_7d autocorr_1d autocorr_7d bb_lower bb_pct_b bb_width rsi_14 macd_line macd_signal macd_histogram volume_missing volume_lag_1d volume_lag_7d volume_std_30d volume_std_60d volume_log_change_1d volume_log_change_7d volume_zscore_30d volume_price_conf_7d volume_price_conf_1d rsi_missing macd_missing market_return_1d market_return_7d market_return_14d market_return_30d market_volatility_30d market_volume_mean_30d market_regime_crash market_regime_bear market_regime_range market_regime_bull market_regime_mania market_regime_duration_days market_return_30d_percentile
feature_infos=[0.029999999329447746:1063.197998046875] [-99.939308166503906:500] [-99.979118347167969:500] [-99.964942932128906:500] [-99.956832885742188:500] [-99.987953186035156:500] [-99.987953186035156:500] [0:348.81967163085938] [0:308.44210815429688] [0.029999999329447746:1241.4320068359375] [0:308.44210815429688] [0:308.44210815429688] [0:308.44210815429688] [0.029999999329447746:1241.4320068359375] [-4.96368408203125:5.2946515083312988] [0.70131605863571167:12714.2763671875] [-305185108787200:1784251284455424] [-599.9649658203125:599.04315185546875] [-3.5065579414367676:7.0257081985473633] [0:4] [-7.4071354866027832:6.3817596435546875] [-7.9560341835021973:6.3817596435546875] [-49969.65625:250000] [-49982.47265625:250000] [-100.32864379882812:503.13418579101562] [-0.54432862997055054:1.5621323585510254] [0.0052860737778246403:17.794893264770508] [0:99.986900329589844] [-46.650047302246094:40.569301605224609] [-44.387897491455078:30.516359329223633] [-12.661114692687988:31.298982620239258] none [1:436437] [1:436437] [0:112122.078125] [0:112122.078125] [-6.6437897682189941:8.7018451690673828] [-7.8009819984436035:7.2534704208374023] [-4.7446150779724121:5.2937369346618652] [-99.964942932128906:500] [-99.892494201660156:500] [0:1] [0:1] [-6.2696447372436523:11.567429542541504] [-10.341885566711426:18.729671478271484] [-15.97234058380127:29.384040832519531] [-19.656915664672852:44.672813415527344] [0.044484592974185944:1.3409422636032104] [351.5101318359375:2391.521484375] [0:1] [0:1] [0:1] [0:1] [0:1] [1:35] [0.0036496350076049566:1]
tree_sizes=4895 5123 5148 5088 5156 5174 5154 5157 5159 5169 5138 5207 5178 5166 5174 5142

Tree=0
num_leaves=55
num_cat=0
split_feature=26 1 7 1 25 1 7 26 25 26 5 37 22 22 1 1 25 37 33 24 33 48 1 0 3 1 37 38 24 37 22 23 11 22 0 3 48 45 37 4 46 9 1 26 12 38 36 33 0 38 44 22 47 23
split_gain=1371.13 431.205 354.919 141.957 68.6839 59.9401 53.9599 45.3861 57.2697 42.7463 35.5307 26.3452 19.6628 22.1504 18.6044 16.8393 16.1796 16.1564 15.2337 12.2738 11.5879 11.5509 10.642 9.77575 9.22738 9.0238 8.97103 8.77358 8.60789 8.39144 8.19483 7.87647 7.85991 7.6666 7.34617 6.35064 6.20658 5.7116 5.58445 5.16011 4.71906 4.59699 4.58816 4.56971 4.54438 4.54101 4.37249 3.79865 3.79383 3.78822 3.6659 4.822 4.22903 3.63035
threshold=0.22305540740489962 -5.34403371810913 1.0000000180025095e-35 -4.3727307319641104 0.41539864242076879 -9.0872225761413556 1.0000000180025095e-35 0.46099971234798437 0.42191350460052496 0.12547311186790469 -1.4078677296638487 0.20771046727895739 -15.075653553009031 8.9115753173828143 -7.6896440982818595 33.343101501464851 0.26935419440269476 0.25140218436717993 30.500000000000004 0.26362155377864843 51.500000000000007 914.20870971679699 -1.7877457737922666 0.03024999983608723 -0.77506598830223072 -3.6264486312866206 -1.4450328946113584 2.3586157560348515 0.36628912389278417 -1.4450328946113584 -930.51425170898426 -46.34095382690429 1.0000000180025095e-35 81.095695495605483 0.32325001060962683 -5.7188560962676993 1306.0158691406252 -3.5343968868255611 0.73583698272705089 15.972508430480959 -1.2054493427276609 0.16350000351667407 -6.6663868427276602 0.61664772033691417 0.040290953591465957 0.12697137147188189 -0.29297827184200281 42.500000000000007 0.15725000202655795 1.3296002149581911 -1.2914614677429197 12.760028362274172 0.41074097156524664 -88.444572448730455
decision_type=2 2 2 2 2 2 2 2 2 2 2 2 2 2 2 2 2 2 2 2 2 2 2 2 2 2 2 2 2 2 2 2 2 2 2 2 2 2 2 2 2 2 2 2 2 2 2 2 2 2 2 2 2 2
left_child=2 4 32 14 5 10 -3 11 12 28 18 21 43 -14 16 23 26 19 35 22 33 25 -11 -10 42 -8 -4 37 -5 -20 -26 41 -1 44 -23 -2 48 -13 -29 -17 -19 -12 47 -9 -7 -21 -33 53 -22 -42 52 -52 -16 -6
right_child=1 6 3 9 24 20 7 8 15 17 31 27 13 -15 50 39 -18 40 29 45 36 34 -24 -25 30 -27 -28 38 -30 -31 -32 46 -34 -35 -36 -37 -38 -39 -40 -41 49 -43 -44 -45 -46 -47 -48 -49 -50 -51 51 -53 -54 -55
leaf_value=6.2697467136595746 8.3435511772192559 6.2697467136595746 6.9839974245290293 6.4627645927030288 7.6019491070302276 6.9589266514257524 6.7287917607086412 6.926108482048619 6.6143366825426639 6.5630147701858634 7.5832360545657957 6.5417914233412775 6.8174143645847369 7.1216850232984426 6.5102988817365919 7.8287646255922407 6.6137232511789197 6.4883852653971417 7.7773811674171309 6.4497400953635813 6.8516614926411732 6.5617721015492227 6.4944155716817766 6.7396421377229361 6.8834541633958661 6.5864109985986588 6.7261850526901119 6.6738615886280819 6.4162245210551383 7.1536392147476429 6.8905342788561397 7.6200718477065861 6.2697467136595746 7.6481065891919311 6.4989066363036656 7.8923213543489661 6.6461358846319589 6.6555754560963942 7.0261636063110391 6.231879662700095 6.5348159129090293 7.8420309693238908 6.6949333172029553 7.7515380011244801 6.7990001672968159 6.4913622016387968 7.2416670461570103 6.8962739238356168 6.721710089230756 6.6030945269548091 6.5770159366314127 6.7268471531665543 6.5947608784404332 7.4021869837743353
leaf_weight=86543 1238 3986 68 11577 418 643 1123 671 1675 3188 356 1548 6443 1932 870 388 899 2180 175 16773 914 9003 12434 14197 840 12715 1155 471 22066 1721 4003 379 6683 168 9847 453 567 9920 711 1951 5464 516 425 1576 834 7543 1151 961 866 2873 4123 515 189 356
leaf_count=86543 1238 3986 68 11577 418 643 1123 671 1675 3188 356 1548 6443 1932 870 388 899 2180 175 16773 914 9003 12434 14197 840 12715 1155 471 22066 1721 4003 379 6683 168 9847 453 567 9920 711 1951 5464 516 425 1576 834 7543 1151 961 866 2873 4123 515 189 356
internal_value=6.49353 6.49689 6.4918 6.49332 6.50187 6.50371 6.49581 6.49602 6.49709 6.49291 6.5059 6.49534 6.4991 6.49833 6.49776 6.49591 6.50053 6.49354 6.50809 6.49323 6.50042 6.49482 6.49398 6.49632 6.49924 6.49558 6.50313 6.49668 6.49196 6.50588 6.49838 6.50261 6.49031 6.50267 6.49426 6.51053 6.49882 6.49638 6.49953 6.4932 6.49475 6.5053 6.50114 6.50199 6.50181 6.49274 6.50105 6.50195 6.49983 6.49512 6.49673 6.49715 6.49484 6.50385
internal_weight=280284 95141 185143 91917 16984 9981 78157 74171 28833 84098 5989 45338 10622 8375 7819 18211 2122 50455 3587 39938 3992 32688 15622 15872 7003 13838 1223 12650 33643 1896 4843 2402 93226 1645 18850 1691 2347 11468 1182 2339 10517 872 2160 2247 1477 24316 1530 1735 1780 8337 5697 4638 1059 774
internal_count=280284 95141 185143 91917 16984 9981 78157 74171 28833 84098 5989 45338 10622 8375 7819 18211 2122 50455 3587 39938 3992 32688 15622 15872 7003 13838 1223 12650 33643 1896 4843 2402 93226 1645 18850 1691 2347 11468 1182 2339 10517 872 2160 2247 1477 24316 1530 1735 1780 8337 5697 4638 1059 774
is_linear=0
shrinkage=1


Tree=1
num_leaves=55
num_cat=0
split_feature=26 1 7 1 2 2 7 26 33 37 2 1 4 26 32 37 4 6 1 1 2 22 18 4 45 29 24 38 11 24 48 24 33 1 9 28 39 26 37 37 24 27 6 27 17 28 37 5 2 39 45 1 38 1
split_gain=1250.98 362.367 354.037 132.772 93.7403 56.162 41.9023 41.16 39.6942 26.7893 23.7224 20.0482 18.7655 16.9061 16.3361 14.9147 13.744 13.6544 15.3801 12.3544 12.0524 9.60003 9.3434 9.17848 8.68266 9.91147 8.32149 8.2237 7.85991 7.71001 7.12972 7.0252 7.72728 6.74387 6.46985 5.87599 5.69398 5.36102 5.36078 5.1911 5.05343 4.89603 4.8672 4.72481 4.63266 4.49141 4.4778 4.45283 4.3884 4.31238 4.13526 4.07731 3.5905 3.556
threshold=0.22305540740489962 -6.6663868427276602 1.0000000180025095e-35 -4.3727307319641104 -8.3885383605957013 -10.589309215545653 1.0000000180025095e-35 0.12547311186790469 39.500000000000007 0.20771046727895739 -7.5882830619812003 -3.6264486312866206 -5.9698791503906241 0.46099971234798437 18.500000000000004 0.25140218436717993 -1.0000000180025095e-35 -1.0000000180025095e-35 -11.226280212402342 -9.0872225761413556 -3.1742272377014156 49.234102249145515 -3.498293280601501 -3.505528330802917 -4.4628438949584952 0.0033785180421546106 0.36628912389278417 2.3586157560348515 1.0000000180025095e-35 0.26362155377864843 896.16674804687511 0.17562521994113925 495.50000000000006 -11.226280212402342 0.10524999722838403 0.00036215868021827197 -14.450610637664793 0.11625958234071733 -1.4450328946113584 -0.38681310415267939 0.19282032549381259 28.505514144897464 26.316365242004398 25.930253028869632 1.0000000180025095e-35 0.0057885805144906053 -1.145099341869354 -3.7033165693283077 -3.7653752565383907 4.8220691680908212 -2.8675495386123653 -7.6896440982818595 1.3296002149581911 5.634718894958497
decision_type=2 2 2 2 2 2 2 2 2 2 2 2 2 2 2 2 2 2 2 2 2 2 2 2 2 2 2 2 2 2 2 2 2 2 2 2 2 2 2 2 2 2 2 2 2 2 2 2 2 2 2 2 2 2
left_child=2 5 28 10 14 8 -6 26 16 11 19 40 31 -13 23 20 33 18 46 38 30 24 -14 -3 -16 -26 -5 36 -1 -22 -9 32 44 39 -24 53 -11 -12 -4 -2 -8 -21 -29 -35 -7 -18 -10 -40 51 -28 -20 -39 -17 -23
right_child=1 4 3 7 6 12 9 15 17 27 37 13 22 -15 21 52 45 -19 50 41 29 35 34 -25 25 -27 49 42 -30 -31 -32 -33 -34 43 -36 -37 -38 48 47 -41 -42 -43 -44 -45 -46 -47 -48 -49 -50 -51 -52 -53 -54 -55
leaf_value=-0.21604918249648017 2.3647205369982944 1.0806752176676404 0.57936619211358142 -0.029682505946372912 -0.21604918249648017 0.99501346427572102 0.24021961892873475 0.068996603571409867 1.242309842267131 0.31471663374737024 0.023320087814615979 0.040962567190425278 0.33702207431544856 0.19581620072832334 0.094438779728298741 0.028822492012297422 1.4602232545584424 0.47075469317787899 0.13941552508467264 -0.011293765842967566 0.0053941031397872182 0.80123571585630848 0.54978860220302872 0.63867413670261353 0.40897492561504367 0.22979673742148887 -0.078378361279150183 0.30893363748435515 -0.21604918249648017 -0.040707946616003222 0.0049723701754585559 0.33033177739558722 0.10872871476554667 0.030219492998290041 0.41664595813257038 0.25902573027761933 0.16651923468661317 0.16572419721462983 0.32554636891826461 1.6482180395473487 0.11630917293291097 0.17247851979375906 0.88444352895963818 0.92295358241296976 0.82472744847282575 0.76085408633791207 0.76307037015404733 0.16034470520227628 0.091861535718182757 0.013113211206061372 0.44251027105687291 0.095310363402871898 0.088125620492239654 3.9794130029142853
leaf_weight=86543 357 967 38 11577 3986 880 2385 2906 85 1737 1038 27836 605 15119 1072 6989 439 1712 160 133 12316 237 1334 1123 4235 2591 21076 1217 6683 19708 5008 1067 128 39 3541 210 15781 504 282 769 2248 1103 605 377 1125 286 489 124 3146 990 358 1451 3528 41
leaf_count=86543 357 967 38 11577 3986 880 2385 2906 85 1737 1038 27836 605 15119 1072 6989 439 1712 160 133 12316 237 1334 1123 4235 2591 21076 1217 6683 19708 5008 1067 128 39 3541 210 15781 504 282 769 2248 1103 605 377 1125 286 489 124 3146 990 358 1451 3528 41
internal_value=-5.45136e-05 0.00315677 -0.00170492 -0.000186958 0.002282 0.00833135 0.00183172 -0.000586671 0.011223 0.00203637 0.00410732 0.00159533 0.00663696 0.00136172 0.00532623 3.51712e-05 0.014636 0.00844706 0.011501 0.00774866 -0.000268156 0.00463617 0.00539424 0.00807504 0.00433715 0.00479206 -0.00152026 0.00311968 -0.00320117 -0.000566409 0.000934289 0.008752 0.00992593 0.0165216 0.00589746 0.00938638 0.00288591 0.00310412 0.012746 0.0179908 0.00375301 0.00591681 0.00534559 0.0124284 0.0104528 0.0105608 0.0154376 0.0113791 0.00356544 -0.00191385 0.00705115 0.00487112 0.00119024 0.0127461
internal_weight=280284 95141 185143 91917 81390 13751 70914 84098 5071 66928 7819 47588 8680 42955 10476 50455 2267 2804 1092 1680 39938 8386 5480 2090 7898 6826 33643 19340 93226 32024 7914 3200 2133 1542 4875 488 17518 6139 444 1126 4633 1236 1822 416 2005 725 574 406 5101 22066 518 1955 10517 278
internal_count=280284 95141 185143 91917 81390 13751 70914 84098 5071 66928 7819 47588 8680 42955 10476 50455 2267 2804 1092 1680 39938 8386 5480 2090 7898 6826 33643 19340 93226 32024 7914 3200 2133 1542 4875 488 17518 6139 444 1126 4633 1236 1822 416 2005 725 574 406 5101 22066 518 1955 10517 278
is_linear=0
shrinkage=0.034459


Tree=2
num_leaves=55
num_cat=0
split_feature=26 7 20 20 2 25 7 26 20 37 2 44 18 42 32 38 27 37 20 3 48 24 44 3 22 33 14 44 20 14 24 22 32 38 39 12 24 4 33 18 29 2 2 3 26 44 25 37 48 39 48 6 27 37
split_gain=1157.29 350.697 311.266 119.302 81.9983 57.0291 39.5027 38.7058 36.7614 23.9281 21.7861 19.7538 14.963 14.5103 14.1892 13.712 12.4438 12.2949 11.5746 11.1865 11.1005 10.9942 9.25675 9.14035 8.97083 8.65322 9.55511 8.53825 8.46468 8.26848 8.21081 8.11571 7.94758 7.75685 7.73415 7.37959 6.37302 6.05502 5.90796 5.81368 5.73984 5.55001 5.37812 5.03888 4.76237 4.39543 4.37508 5.45047 4.05213 4.03793 4.00458 3.70454 3.5361 3.50606
threshold=0.22305540740489962 1.0000000180025095e-35 -0.068989872932434068 -0.044712161645293229 -8.3885383605957013 0.38665211200714117 1.0000000180025095e-35 0.12547311186790469 -0.15983255952596662 0.40063250064849859 -7.5882830619812003 2.6326118707656865 -3.498293280601501 1.0000000180025095e-35 18.500000000000004 0.22146294265985492 36.497564315795906 -1.4450328946113584 -0.033571559935808175 -10.325829982757567 1742.508728027344 0.26362155377864843 -1.2914614677429197 -24.357473373413082 49.234102249145515 39.500000000000007 -0.26040655374526972 1.6361131668090823 -0.018039190210402008 -0.45855101943016047 0.36628912389278417 49.234102249145515 333.50000000000006 2.3586157560348515 6.9431416988372812 1.0000000180025095e-35 0.05830690264701844 -1.8514008522033689 60.500000000000007 -1.1449183821678159 0.0052216064650565394 -6.8891987800598136 -12.175039291381834 -14.230729579925535 0.11625958234071733 6.6103975772857675 0.42927677929401403 -2.0612913370132442 1128.6112060546877 4.8220691680908212 1355.6685791015627 -7.3889667987823477 33.786556243896491 0.98119461536407482
decision_type=2 2 2 2 2 2 2 2 2 2 2 2 2 2 2 2 2 2 2 2 2 2 2 2 2 2 2 2 2 2 2 2 2 2 2 2 2 2 2 2 2 2 2 2 2 2 2 2 2 2 2 2 2 2
left_child=1 35 5 10 14 8 -6 30 13 11 17 20 -7 19 29 21 -10 -3 -13 32 -8 28 48 50 40 26 39 31 -9 36 -5 -25 -2 43 45 -1 -4 -29 -26 -14 -18 -23 -21 -11 -12 -17 47 -46 -19 -32 53 -31 -35 -16
right_child=2 3 4 7 6 12 9 15 16 33 44 18 25 -15 23 34 24 22 -20 42 -22 41 -24 27 38 -27 -28 37 -30 51 49 -33 -34 52 -36 -37 -38 -39 -40 -41 -42 -43 -44 -45 46 -47 -48 -49 -50 -51 -52 -53 -54 -55
leaf_value=-0.2086043443891123 1.8924531508787363 0.55527692833724918 1.3326203731192403 -0.028659676566329634 -0.2086043443891123 0.29190639469542168 0.07562104342956312 0.066897222201858564 0.33875536548728502 0.3284939140225715 0.022516500981177034 0.21186593463531939 3.0259987754037696 1.448657415344303 0.92020012002271068 0.012964908221819074 0.41461417384154897 0.14056041274443248 0.12327372465970145 1.4284109671921696 -0.084790342233357588 0.059331377985252613 0.23278640784539248 0.16267110097960064 1.1695537813446437 0.36046478237367868 0.51848626882508331 0.48373424436161183 -0.0040258707488945895 1.7181614679836863 -0.075677521571721196 1.1491639240824192 0.70733103502744266 0.10282921123728886 0.12149601816268776 -0.2086043443891123 0.45689043162236564 0.2923879817051932 0.4921892044475274 0.83817747909210472 0.29345364175985156 -0.043926358898431016 0.67462294205705275 0.18433626214173379 0.33771759442050636 0.087125774765803285 0.05812307723381642 0.10693752687823888 -0.077040842198523446 0.012661343101915971 0.46256725942270349 0.65813653630875824 0.5617295639264076 0.30874274814636621
leaf_weight=80073 1335 65 403 11577 3986 670 32585 2775 1523 1192 1038 2032 481 388 833 14710 1783 357 18033 318 2091 961 1102 4337 388 3398 1850 1111 10367 266 21076 221 112 170 2673 13153 484 1548 267 252 451 18217 535 9355 75 752 1670 3356 156 990 240 937 1470 96
leaf_count=80073 1335 65 403 11577 3986 670 32585 2775 1523 1192 1038 2032 481 388 833 14710 1783 357 18033 318 2091 961 1102 4337 388 3398 1850 1111 10367 266 21076 221 112 170 2673 13153 484 1548 267 252 451 18217 535 9355 75 752 1670 3356 156 990 240 937 1470 96
internal_value=-0.000124591 -0.00171199 0.00296408 -0.000201203 0.00215329 0.00776004 0.00173211 -0.000580115 0.00991406 0.00193082 0.00386937 0.00162211 0.00545428 0.0131121 0.00500062 2.28781e-05 0.00795532 0.00735918 0.00248405 0.014167 0.0011223 -0.000401939 0.00672761 0.00435678 0.00930154 0.00600181 0.00753057 0.0038875 0.000363912 0.00756417 -0.00148543 0.00296443 0.0160706 0.00331443 0.000781863 -0.00320117 0.0101398 0.00545514 0.0129484 0.0109245 0.00821157 -0.000928538 0.0108824 0.00296403 0.00290769 0.000483134 0.00334256 0.00405536 0.0027956 -0.00187637 0.00721872 0.00562964 0.00554368 0.00826645
internal_weight=280284 185143 95141 91917 81390 13751 70914 84098 7100 66928 7819 54741 6651 2688 10476 50455 4412 1680 20065 2300 34676 32320 1615 8386 2889 5981 2583 7217 13142 2090 33643 4558 1447 12187 18135 93226 887 2659 655 733 2234 19178 853 10547 6139 15462 5101 3431 513 22066 1169 1203 1640 929
internal_count=280284 185143 95141 91917 81390 13751 70914 84098 7100 66928 7819 54741 6651 2688 10476 50455 4412 1680 20065 2300 34676 32320 1615 8386 2889 5981 2583 7217 13142 2090 33643 4558 1447 12187 18135 93226 887 2659 655 733 2234 19178 853 10547 6139 15462 5101 3431 513 22066 1169 1203 1640 929
is_linear=0
shrinkage=0.034459


Tree=3
num_leaves=55
num_cat=0
split_feature=7 1 2 24 2 39 6 46 32 33 46 14 1 4 39 32 11 14 48 4 3 27 37 24 33 3 47 30 1 33 12 48 44 0 6 54 4 0 24 22 8 9 0 33 37 2 5 37 39 48 33 37 15 43
split_gain=1090.44 483.241 139.675 75.8084 74.5788 40.2097 32.1344 29.4583 25.6284 23.0035 22.8307 22.7082 24.7776 19.5151 19.2089 18.5972 15.6526 13.6683 13.1453 11.228 10.6861 10.3967 9.52662 9.51184 8.73853 7.77218 8.76448 7.7106 9.04985 7.24297 6.91947 6.53573 6.35619 5.97912 5.81923 5.41212 5.40375 4.7772 4.98787 4.72661 4.37669 4.62167 3.83028 3.8163 4.70477 3.8156 3.81544 3.55867 3.38466 3.34753 3.14812 2.97774 2.69583 2.68611
threshold=1.0000000180025095e-35 -5.34403371810913 -7.5882830619812003 0.26362155377864843 -14.64872360229492 9.3598976135253924 -2.010237336158752 19.164007186889652 85.500000000000014 112.50000000000001 13.369415760040285 -0.2784609049558639 -9.0872225761413556 -7.654911756515502 11.541702747344972 39.500000000000007 1.0000000180025095e-35 -0.35747806727886194 1098.754333496094 -5.9698791503906241 -5.7188560962676993 22.889347076416019 -0.57470801472663868 0.05830690264701844 21.500000000000004 -24.357473373413082 0.48028323054313665 0.00012215317110531035 -9.0872225761413556 72.500000000000014 0.0052159440238028773 1355.6685791015627 -1.2914614677429197 0.38125000894069677 38.139961242675788 14.500000000000002 -1.0000000180025095e-35 0.03024999983608723 0.091769527643919005 188.94480895996097 0.0016208202578127386 0.10524999722838403 0.03024999983608723 753.50000000000011 -2.0612913370132442 -8.3885383605957013 39.218513488769538 0.48005537688732153 -24.986846923828121 936.50585937500011 199.50000000000003 0.53079441189765941 0.74371629953384411 2.775724053382874
decision_type=2 2 2 2 2 2 2 2 2 2 2 2 2 2 2 2 2 2 2 2 2 2 2 2 2 2 2 2 2 2 2 2 2 2 2 2 2 2 2 2 2 2 2 2 2 2 2 2 2 2 2 2 2 2
left_child=16 4 15 7 6 8 21 9 19 13 -10 12 20 -4 -11 17 -1 23 25 -5 22 49 -6 30 36 26 -17 28 -23 33 -3 -31 48 -14 51 42 47 -19 -39 -27 -13 52 -9 44 -26 -22 -37 -8 -20 -2 -43 -7 -42 -25
right_child=1 2 3 5 11 34 24 35 10 14 -12 40 29 -15 -16 18 -18 37 32 -21 45 27 -24 53 43 39 -28 -29 -30 31 -32 -33 -34 -35 -36 46 -38 38 -40 -41 41 50 -44 -45 -46 -47 -48 -49 -50 -51 -52 -53 -54 -55
leaf_value=-0.20141604793492016 0.58283777398525616 0.32128897894180791 0.23073591538744848 0.058210748850084447 0.9049684912189514 0.071408617290023638 2.0271622540320173 0.025821818082428585 -0.050099900529784649 0.014680151992086398 0.077306972024349913 -0.025845012351491083 0.32093616269818576 0.10401039547797501 0.24080945887761115 0.54240878202300991 -0.20141604793492016 0.37947594786441258 0.33777313659886149 -0.0031402453733207921 0.65613238967637943 1.5121590863659788 0.57300678806586491 0.31458856347972936 1.7032725790064078 0.18690919670672293 1.2293823957602095 1.1791889093976389 0.74852459372528568 0.13576098121787486 1.7306730996694839 -0.00023990266684683714 0.14586926511852064 0.13937331924515231 0.3607822240103053 0.073223184220955001 1.3428241145852486 0.87336857384082722 0.22297614600425056 2.4873879430462797 0.16961448453513553 0.24150650933559298 0.39307809271599842 0.22309788897859006 0.57086511539156692 0.49656688444626584 0.4006808454106735 0.64957867654326917 -0.041139144412731629 0.1368312132010491 0.074816434053391431 0.23119249387058249 0.38186268735400825 0.5211685197537661
leaf_weight=86543 110 179 5729 7421 498 2464 204 86 42054 31322 3084 274 1441 23789 1973 471 10669 458 79 25379 381 839 2067 1282 68 5191 109 479 276 2714 659 508 1925 1307 1143 681 269 763 895 19 275 4395 953 203 1448 1672 355 112 1304 94 911 821 1782 157
leaf_count=86543 110 179 5729 7421 498 2464 204 86 42054 31322 3084 274 1441 23789 1973 471 10669 458 79 25379 381 839 2067 1282 68 5191 109 479 276 2714 659 508 1925 1307 1143 681 269 763 895 19 275 4395 953 203 1448 1672 355 112 1304 94 911 821 1782 157
internal_value=-0.000186062 0.00138003 0.000719958 0.000412229 0.00613048 -0.000281389 0.0103369 0.0012932 -0.000463262 0.001159 -0.000996082 0.00518133 0.00621948 0.00185982 0.00053661 0.00407598 -0.0031357 0.00592641 0.00317815 0.000268939 0.00812573 0.0138142 0.00963536 0.00779487 0.0076034 0.00417126 0.00800682 0.0147688 0.0164113 0.00473804 0.0107689 0.00360093 0.00142876 0.00605696 0.00291139 0.0053365 0.0113197 0.00389678 0.0047607 0.0037362 0.00373689 0.00389652 0.00712705 0.00631281 0.00691451 0.00621906 0.00350239 0.014501 -0.000331146 0.00615219 0.00334006 0.002155 0.00531285 0.00603272
internal_weight=280284 183072 160745 147254 22327 82366 4102 64888 77938 62813 45138 18225 10588 29518 33295 13491 97212 4393 9098 32800 4618 1798 2565 2277 2304 5790 580 1594 1115 5970 838 3222 3308 2748 4428 2075 585 2116 1658 5210 7637 7363 1039 1719 1516 2053 1036 316 1383 204 5306 3285 2057 1439
internal_count=280284 183072 160745 147254 22327 82366 4102 64888 77938 62813 45138 18225 10588 29518 33295 13491 97212 4393 9098 32800 4618 1798 2565 2277 2304 5790 580 1594 1115 5970 838 3222 3308 2748 4428 2075 585 2116 1658 5210 7637 7363 1039 1719 1516 2053 1036 316 1383 204 5306 3285 2057 1439
is_linear=0
shrinkage=0.034459


Tree=4
num_leaves=55
num_cat=0
split_feature=7 20 26 2 2 26 6 20 25 38 38 25 12 44 20 22 37 18 25 20 45 55 30 3 33 9 24 28 44 26 2 20 9 28 44 20 46 33 38 18 38 39 16 28 37 8 22 20 0 35 3 23 2 33
split_gain=1043.78 419.598 226.905 68.3042 51.6003 40.3299 28.4603 22.355 27.8269 20.9966 15.7264 14.2125 13.8119 12.4994 12.0415 12.0229 11.8283 11.1695 10.5865 10.3645 9.13286 8.68878 8.21889 8.08893 7.19959 6.72643 6.66608 6.58133 6.72021 6.47865 6.44219 6.37672 6.19661 6.01346 7.34992 5.93928 5.7004 5.29965 5.10691 4.65808 4.40554 4.21139 4.17005 3.78488 3.48178 3.37163 3.33999 3.20909 3.08374 4.07674 3.65641 2.87563 2.82504 2.73446
threshold=1.0000000180025095e-35 -0.049587229266762727 0.23800963163375857 -14.64872360229492 -10.589309215545653 0.12068347632884981 -4.6353085041046134 -0.11907952651381491 0.39746129512786871 -0.14788386970758435 0.22146294265985492 0.4060997366905213 1.0000000180025095e-35 2.6326118707656865 -0.018039190210402008 33.977012634277351 0.53079441189765941 -3.498293280601501 0.4060997366905213 -0.11907952651381491 -4.4628438949584952 0.94788563251495372 0.00036093476228415971 6.035276174545289 36.500000000000007 0.33325000107288366 0.091769527643919005 -0.0001192327654280234 1.3523027896881106 0.61664772033691417 -3.1742272377014156 -0.28435990214347834 0.27425000071525579 0.0070847822353243836 2.6326118707656865 -0.021825650706887242 -5.7720372676849356 60.500000000000007 2.3586157560348515 -3.498293280601501 1.9695937037467959 3.9207305908203129 -0.20603509247303006 0.0018167204689234497 -1.4450328946113584 1.0000000180025095e-35 81.095695495605483 -0.026078404858708378 0.076249998062849059 14.31011486053467 3.7367691993713383 -46.34095382690429 5.023043394088746 753.50000000000011
decision_type=2 2 2 2 2 2 2 2 2 2 2 2 2 2 2 2 2 2 2 2 2 2 2 2 2 2 2 2 2 2 2 2 2 2 2 2 2 2 2 2 2 2 2 2 2 2 2 2 2 2 2 2 2 2
left_child=12 3 5 6 11 25 19 8 27 13 14 20 -1 26 32 33 21 -10 -15 22 -4 -11 31 35 42 -3 -6 28 -5 -22 -16 -2 -7 34 -9 -12 -29 46 -18 -13 -25 47 -8 -41 -26 -14 -21 -27 50 -50 -17 -19 -43 -46
right_child=1 2 4 7 9 10 24 15 17 16 23 39 45 18 30 48 38 51 -20 37 29 -23 -24 40 44 41 -28 36 -30 -31 -32 -33 -34 -35 -36 -37 -38 -39 -40 43 -42 52 -44 -45 53 -47 -48 -49 49 -51 -52 -53 -54 -55
leaf_value=-0.19447545296587526 3.4197931203329581 -0.026144904472697333 0.15258100064601407 0.67278656884317745 0.13972336739690633 0.068541901760219265 1.7254114702187588 0.13350259705806794 0.080800355655107972 0.10497774319742152 0.050478914685325726 0.047608881059276388 -0.19447545296587526 0.23975043118368655 0.016817222333024788 0.64634656783643352 0.2611430914305749 0.92381458622788171 0.096100213491174993 0.59390535669421929 0.35141362363918455 0.2645454205168743 1.3306480039757098 0.066618856338490962 1.1211702174362348 -0.015525045646999846 0.016435677757277448 5.368579614231245 1.1432288669652397 1.2725664180877361 -0.041375951357913596 0.82727777513663936 -0.00081535676192985422 0.098335104054738692 0.21055854905514015 0.0043877566877010615 0.41082075132363177 0.35725234941148171 0.54119994068015953 0.91911148482926219 0.2266429506055781 -0.041177646115952322 1.0563608520608023 0.25586447224478071 0.44137728202181614 -0.19447545296587526 1.84304085136542 -0.078209693526319138 0.54619710210786643 0.26331795301605615 0.19503120342742364 0.40576426923661119 0.11623257012449827 0.18145985457753894
leaf_weight=80073 257 8708 571 903 7827 3313 242 7838 649 19050 2849 483 12554 2113 4651 344 5650 890 9189 259 1749 2374 273 3931 129 1854 13262 51 627 1330 25511 559 4826 2882 3003 13782 1095 336 1398 832 751 1055 677 1474 1243 4585 84 19190 261 647 67 1499 339 195
leaf_count=80073 257 8708 571 903 7827 3313 242 7838 649 19050 2849 483 12554 2113 4651 344 5650 890 9189 259 1749 2374 273 3931 129 1854 13262 51 627 1330 25511 559 4826 2882 3003 13782 1095 336 1398 832 751 1055 677 1474 1243 4585 84 19190 261 647 67 1499 339 195
internal_value=-0.00024987 0.00128234 0.000625857 0.00542973 0.0021421 -0.000498125 0.00941528 0.0046108 0.00645526 0.0018308 2.63571e-05 0.00507842 -0.0031357 0.0012286 -0.000390546 0.00390747 0.00251462 0.00417499 0.00215479 0.0127824 0.00650294 0.00210791 0.0149249 0.000777162 0.00700264 -0.00150307 0.000730517 0.00902859 0.010556 0.00725093 -0.000708533 0.0167192 0.000783582 0.00359981 0.00397572 0.000418306 0.00695188 0.00927859 0.00374556 0.00320012 0.00204414 -0.00181947 0.00947997 0.00384471 0.00552267 -0.00224144 0.0123912 -0.00194097 0.00707715 0.00584552 0.00969368 0.00526401 0 0.00498566
internal_weight=280284 183072 158062 25010 67302 90760 4254 20756 5714 60863 59614 6439 97212 32391 38301 15042 28472 3038 11302 1768 3650 21424 1089 21313 2486 31146 21089 2676 1530 3079 30162 816 8139 13723 10841 16631 1146 679 7048 2789 4682 22438 919 2306 1567 17139 343 21044 1319 908 411 2389 1394 1438
internal_count=280284 183072 158062 25010 67302 90760 4254 20756 5714 60863 59614 6439 97212 32391 38301 15042 28472 3038 11302 1768 3650 21424 1089 21313 2486 31146 21089 2676 1530 3079 30162 816 8139 13723 10841 16631 1146 679 7048 2789 4682 22438 919 2306 1567 17139 343 21044 1319 908 411 2389 1394 1438
is_linear=0
shrinkage=0.034459


Tree=5
num_leaves=55
num_cat=0
split_feature=8 1 26 2 2 26 5 1 38 1 30 13 38 9 26 15 22 2 18 2 32 9 37 14 46 22 38 48 27 22 37 33 33 48 46 0 2 29 27 3 9 48 45 35 18 13 37 33 1 45 26 16 27 38
split_gain=980.918 376.197 190.681 62.3167 43.6841 37.5951 25.7412 21.2109 17.4518 15.4949 20.5094 12.842 12.79 11.3435 11.1775 16.6478 10.1677 9.19352 8.98825 8.82815 8.79498 8.23238 7.7891 6.90728 6.67071 6.06769 5.96849 5.92955 5.87099 5.86307 5.80525 5.63626 5.61628 5.48536 5.38596 5.36343 5.198 5.16591 4.72023 4.69014 4.46928 4.43267 3.94299 3.87367 3.65262 3.62153 3.34804 3.31179 3.16644 3.14761 2.92389 2.85886 2.79861 2.73887
threshold=0.00080221181269735109 -4.8377854824066153 0.23800963163375857 -12.175039291381834 -7.5882830619812003 0.15317402780056003 -1.4078677296638487 -14.77135133743286 0.96058043837547313 -11.226280212402342 -8.0031324614537866e-05 0.03024999983608723 0.22146294265985492 0.33325000107288366 0.33840100467205053 0.76812380552291881 25.003085136413578 2.6405845880508427 -3.498293280601501 -5.8076162338256827 36.500000000000007 0.095249999314546599 -1.4450328946113584 -0.3881868422031402 -1.2054493427276609 81.095695495605483 0.22146294265985492 1098.754333496094 47.916978836059577 -7.423344373703002 -0.51722854375839222 60.500000000000007 36.500000000000007 914.20870971679699 11.891403675079347 0.1212499998509884 -19.224610328674313 -8.0376157711725668e-05 35.245676040649421 -16.266501426696774 0.03024999983608723 1742.508728027344 -1.5366100668907163 8.3062753677368182 -1.0519675612449644 0.13350000232458117 0.25140218436717993 265.50000000000006 -1.6207741498947141 -1.5366100668907163 0.094018731266260161 0.48835420608520513 49.999910354614265 3.072026371955872
decision_type=2 2 2 2 2 2 2 2 2 2 2 2 2 2 2 2 2 2 2 2 2 2 2 2 2 2 2 2 2 2 2 2 2 2 2 2 2 2 2 2 2 2 2 2 2 2 2 2 2 2 2 2 2 2
left_child=11 3 5 6 20 13 7 22 14 10 39 -1 19 34 33 -16 30 29 -12 42 23 -20 -2 36 -21 45 50 28 -22 -10 -11 -32 52 -6 48 47 -4 -36 -14 44 -13 -28 -7 -24 -5 -9 -40 -34 -3 -29 -15 -41 -8 -19
right_child=1 2 4 9 8 12 32 25 17 16 18 40 38 26 15 -17 -18 53 21 24 27 -23 43 -25 -26 -27 41 49 -30 -31 31 -33 35 -35 37 -37 -38 -39 46 51 -42 -43 -44 -45 -46 -47 -48 -49 -50 -51 -52 -53 -54 -55
leaf_value=-0.18777402393727172 2.5844337242574591 0.01398442591751454 1.573564738200975 2.1972676832180285 0.064857346498182575 -0.0089481908577231997 1.5335236563543497 0.49031098408910306 0.28070573741631205 0.23889048965151705 0.16834495859352588 -0.18777402393727172 -0.016824179410907476 -0.090361335315525468 -0.0045535003556313423 0.14913807005142787 0.36619662233341266 0.2516627017163765 0.64304906013601337 -0.055249394069815543 0.35137567937217529 0.48922126331859417 3.1472188956914526 0.5837797708262521 -0.0017871001450996222 0.82490755832529183 -0.038706466520165836 0.028002896779668152 0.22265219290079657 0.053112940972026249 0.16734555060921555 0.080132111561065797 0.84752999001731644 0.0046725036331807133 0.19586928691523045 0.29379939403703953 0.3945644179004611 0.013506676985975441 0.028103756446484225 0.48998416455857469 -0.1122151134198157 0.12306135942438208 0.097489031413969501 1.0569517062145204 0.70670388378810889 0.34745728977157536 0.089094334641565298 0.27861456425461112 -0.031479419125486789 0.23272391861722858 -0.052982478787581166 0.51217551159275509 0.66510938296367828 0.84158117903590512
leaf_weight=80082 119 3371 493 426 8247 820 400 419 920 1895 737 12696 1921 7926 5372 27521 1400 3759 741 6211 2037 2160 276 1783 17306 338 12175 1090 1931 3251 4368 6267 398 10482 185 1107 1051 528 6740 628 3191 292 1771 747 102 1144 5486 207 11510 1199 13655 477 412 576
leaf_count=80082 119 3371 493 426 8247 820 400 419 920 1895 737 12696 1921 7926 5372 27521 1400 3759 741 6211 2037 2160 276 1783 17306 338 12175 1090 1931 3251 4368 6267 398 10482 185 1107 1051 528 6740 628 3191 292 1771 747 102 1144 5486 207 11510 1199 13655 477 412 576
internal_value=-0.000318549 0.00115188 0.000538463 0.00510325 0.00189108 -0.000510074 0.00831954 0.0104679 0.00154572 0.00416857 0.00577084 -0.0031439 0.000271778 -0.00114477 0.00130619 0.00168943 0.00355943 0.00299506 0.00431045 -0.000179231 0.00405383 0.00517597 0.0142238 0.00550122 -0.000390774 0.00818718 -0.00149762 0.00327795 0.00409097 0.00182454 0.00324213 0.00292072 0.00571269 0.000631226 -0.000372101 0.00454223 0.00721743 0.0025434 0.0011065 0.00899856 -0.00224196 -0.000891877 0.00172694 0.0131476 0.0118033 0.00722008 0.00135671 0.00719317 -0.000514269 0.00185236 -0.00184589 0.00761774 0.00812944 0.00411267
internal_weight=280346 184377 159609 24768 69712 89897 5567 3043 60128 19201 5271 95969 40255 49642 51622 32893 13930 8506 3638 26108 9584 2901 1142 3327 23517 1901 34048 6257 3968 4171 12530 10635 2524 18729 15594 1712 1544 713 14147 1633 15887 12467 2591 1023 528 1563 12226 605 14881 2289 21581 1105 812 4335
internal_count=280346 184377 159609 24768 69712 89897 5567 3043 60128 19201 5271 95969 40255 49642 51622 32893 13930 8506 3638 26108 9584 2901 1142 3327 23517 1901 34048 6257 3968 4171 12530 10635 2524 18729 15594 1712 1544 713 14147 1633 15887 12467 2591 1023 528 1563 12226 605 14881 2289 21581 1105 812 4335
is_linear=0
shrinkage=0.034459


Tree=6
num_leaves=55
num_cat=0
split_feature=7 1 26 2 2 26 5 1 38 11 46 26 28 48 2 33 18 23 0 27 22 1 18 14 38 45 22 26 33 45 18 54 2 1 2 33 27 43 28 36 36 48 45 22 7 29 38 2 28 33 46 15 12 42
split_gain=956.796 321.165 185.747 51.919 35.477 35.329 22.5399 16.9202 16.7929 15.6884 15.612 14.8077 13.4246 11.5553 13.7158 10.6388 9.49153 9.12049 8.34605 7.89627 7.82945 7.78483 7.39478 7.31605 6.8762 6.59039 6.49942 5.64812 5.42652 5.17032 5.12519 4.74988 4.49457 4.43185 4.23852 3.93161 3.86811 3.76139 3.60769 3.60486 3.35051 3.65608 3.31074 3.1843 3.07832 3.04203 2.98674 2.96235 2.95025 2.94665 2.88044 2.83371 2.66764 2.55187
threshold=1.0000000180025095e-35 -4.8377854824066153 0.23800963163375857 -12.175039291381834 -7.5882830619812003 0.13030979782342914 -1.4078677296638487 -14.77135133743286 -0.07808391377329825 1.0000000180025095e-35 11.891403675079347 0.18857584893703463 0.004699971992522479 903.67120361328136 -2.8981865644454952 174.50000000000003 -1.1449183821678159 -160.65590667724607 0.40625000000000006 49.999910354614265 8.9115753173828143 2.1730111837387089 -2.4389817714691158 -0.19611010700464246 0.86565318703651439 2.346037864685059 49.234102249145515 0.56962847709655773 30.500000000000004 -4.4628438949584952 -2.2803375720977779 27.500000000000004 -1.2248545885086057 -2.5741299390792842 -19.224610328674313 265.50000000000006 54.255943298339851 3.2742437124252324 -0.0056264984887093297 -1.0774241685867307 -0.29297827184200281 856.19918823242199 -3.933623075485229 188.94480895996097 0.032278273254632957 0.011698090005666019 0.77922353148460399 -9.2934045791625959 -0.0001192327654280234 60.500000000000007 11.891403675079347 0.76812380552291881 0.0021638725884258751 1.0000000180025095e-35
decision_type=2 2 2 2 2 2 2 2 2 2 2 2 2 2 2 2 2 2 2 2 2 2 2 2 2 2 2 2 2 2 2 2 2 2 2 2 2 2 2 2 2 2 2 2 2 2 2 2 2 2 2 2 2 2
left_child=9 3 5 6 21 18 7 40 16 -1 13 32 15 14 -7 22 19 36 45 -6 -19 26 -13 34 -15 37 29 -18 -9 -4 35 -27 47 -20 -23 51 -10 -12 44 -30 41 -2 -17 -40 -32 50 -35 -5 -28 52 -3 -8 -11 -25
right_child=1 2 4 11 8 10 30 28 17 49 25 12 -14 24 -16 42 27 20 33 -21 -22 23 -24 53 -26 31 48 -29 39 -31 38 -33 -34 46 -36 -37 -38 -39 43 -41 -42 -43 -44 -45 -46 -47 -48 -49 -50 -51 -52 -53 -54 -55
leaf_value=-0.18130351943071202 1.6034587464824452 -0.030162378082705565 0.041814873731651291 0.11856662487807816 0.1591532802482496 0.073614707363442819 0.59580053531850696 0.7182787877100445 0.38274662243518293 -0.18130351943071202 0.30344576089975595 0.61630869388431764 0.19029065693035671 -0.033128140450474609 0.0024540655094340089 0.012083011814368969 0.0021303317913466614 0.099780116984181266 -0.0042957522058939676 0.072649296400981514 0.23348652848198861 1.5891091320515105 0.28565279606686161 0.28050813309988487 0.025000513749872437 0.087587668422509174 1.2078084207081632 0.12729796002072585 0.65905625290819758 0.25657474529039198 0.010100923070397729 -0.13651255828327188 0.01939265243507195 -0.076113837479401231 0.44086709555137682 0.27698306472703921 0.17600417541095387 0.0060344401712529444 0.26819389287381257 0.30611717344506228 1.2530283236483968 1.797675002236705 0.18617152797479419 1.1319149988313841 2.1113025725488734 0.18567446328786866 -0.03728271490170381 0.065906753807729868 0.44590590786664747 -0.18130351943071202 0.077718244838778594 1.0017235334487575 -0.13431996418844677 3.097123659135038
leaf_weight=86678 190 12960 914 355 7778 4890 116 576 2349 3100 67 3341 4385 23424 17929 428 11328 17725 2016 10067 3762 571 4812 1082 4532 2648 101 3528 74 5764 30 266 1267 17126 968 204 1331 30 1270 1251 717 235 1907 187 98 34 4162 2828 154 5443 619 619 2077 33
leaf_count=86678 190 12960 914 355 7778 4890 116 576 2349 3100 67 3341 4385 23424 17929 428 11328 17725 2016 10067 3762 571 4812 1082 4532 2648 101 3528 74 5764 30 266 1267 17126 968 204 1331 30 1270 1251 717 235 1907 187 98 34 4162 2828 154 5443 619 619 2077 33
internal_value=-0.000368698 0.00109885 0.000525995 0.0047374 0.00189546 -0.000492093 0.00767591 0.00968678 0.00157274 -0.00312996 7.07277e-05 0.00388867 0.00441267 -7.15981e-05 0.000502992 0.00508622 0.00105573 0.00224309 -0.001313 0.00159203 0.00196815 0.00383944 0.00567851 0.00544595 -0.000541839 0.00248146 0.00321879 0.000409137 0.00764366 0.00300375 0.00523504 0.00217038 0.00212901 -0.00170986 0.00700592 0.00729871 0.00383814 0.0113574 0.0039869 0.00635386 0.013048 0.015733 0.00300189 0.00345772 0.00966989 -0.000631015 -0.00185624 0.00282144 0.00868205 -0.00187203 -0.000659492 0.0084977 -0.00126909 0.00325755
internal_weight=280346 183048 158158 24890 67455 90703 5567 3043 57868 97298 53786 19323 14873 50775 22819 10488 32701 25167 36917 17845 21487 9587 8153 2654 27956 3011 6933 14856 1901 6678 2524 2914 4450 23304 1539 939 3680 97 1585 1325 1142 425 2335 1457 128 13613 21288 3183 255 10620 13579 735 5177 1115
internal_count=280346 183048 158158 24890 67455 90703 5567 3043 57868 97298 53786 19323 14873 50775 22819 10488 32701 25167 36917 17845 21487 9587 8153 2654 27956 3011 6933 14856 1901 6678 2524 2914 4450 23304 1539 939 3680 97 1585 1325 1142 425 2335 1457 128 13613 21288 3183 255 10620 13579 735 5177 1115
is_linear=0
shrinkage=0.034459


Tree=7
num_leaves=55
num_cat=0
split_feature=7 26 1 1 26 25 2 1 2 11 38 44 37 32 13 9 25 44 2 46 28 28 34 22 38 27 18 18 33 1 48 26 38 22 33 27 48 48 40 44 44 37 44 26 48 33 34 12 38 44 47 3 1 13
split_gain=922.861 291.291 108.363 82.7222 44.8614 29.5831 25.0297 21.9293 17.0493 15.6884 15.4956 13.0167 12.9476 12.257 12.194 11.2336 10.8175 10.4305 9.72059 8.90858 7.75356 6.79896 6.09324 6.08656 6.07141 5.98646 5.96111 6.93613 5.86114 5.8165 5.53593 5.29714 5.11982 5.00826 4.73589 4.43267 4.34917 4.29955 4.21615 4.06523 3.99498 3.96909 3.40191 3.26119 2.99961 2.94665 2.88846 2.66764 2.48362 2.4582 2.40356 2.252 2.24549 2.23275
threshold=1.0000000180025095e-35 0.28652788698673254 -5.34403371810913 -3.9798456430435176 0.15317402780056003 0.37527485191822058 -8.3885383605957013 -14.77135133743286 -8.3885383605957013 1.0000000180025095e-35 0.77922353148460399 -1.2914614677429197 0.58787071704864513 27.500000000000004 0.11924999952316286 0.33325000107288366 1.2159317135810854 2.6326118707656865 -4.9016678333282462 13.369415760040285 0.0018167204689234497 -0.0078697870485484583 9.362864017486574 81.095695495605483 0.041156368330121047 28.505514144897464 -3.498293280601501 -2.8430203199386592 163.50000000000003 -9.0872225761413556 1128.6112060546877 0.094018731266260161 0.77922353148460399 12.760028362274172 420.50000000000006 30.490538597106937 896.16674804687511 814.88610839843761 -1.0000000180025095e-35 6.2019619941711435 -1.2914614677429197 -2.0612913370132442 2.6326118707656865 0.11625958234071733 896.16674804687511 60.500000000000007 872.41268920898449 0.0021638725884258751 1.6984837055206301 3.5156370401382451 0.41074097156524664 -35.290222167968743 33.343101501464851 0.11924999952316286
decision_type=2 2 2 2 2 2 2 2 2 2 2 2 2 2 2 2 2 2 2 2 2 2 2 2 2 2 2 2 2 2 2 2 2 2 2 2 2 2 2 2 2 2 2 2 2 2 2 2 2 2 2 2 2 2
left_child=9 3 5 8 15 7 20 13 11 -1 18 36 16 38 28 39 17 -8 25 -20 22 37 -4 -16 53 -6 -23 -28 -9 41 -24 -17 -33 40 -15 -12 -2 -7 -3 48 44 -13 -22 -42 -10 47 -37 -11 -5 -44 -38 -39 -18 -14
right_child=1 2 6 4 10 21 12 14 33 45 35 29 24 34 23 31 52 -19 19 -21 42 26 30 -25 -26 -27 27 -29 -30 -31 -32 32 -34 -35 -36 46 50 51 -40 -41 43 -43 49 -45 -46 -47 -48 -49 -50 -51 -52 -53 -54 -55
leaf_value=-0.17505598201880965 0.13985030054849143 1.1645663900473671 1.108798050235825 -0.026731929237020093 -0.069267047885396921 0.26417137631294191 0.086544105714844541 0.74536989887699745 0.095309164627326234 -0.17505598201880965 -0.034614592095178309 0.54282335858727848 0.26905144243416684 0.86772515336167189 0.24826142328541914 -0.0761946535502801 0.081189954764732633 0.14521085675071993 -0.013308297219650524 0.083035328036033793 0.15742101862482927 0.13471518534670854 0.41383051162952983 0.60893673307855489 0.3452766473426862 0.06748175182221193 0.53016993147400271 0.3123231405786307 0.25876984710791118 0.16795223469891341 0.16789379941586438 -0.048825791063122403 -0.0028413327819779375 0.15091918119597911 0.32730399932553517 0.071697834372559999 -0.045018416883610496 14.786309629407201 1.9292012374193424 0.055507215108338469 0.0050997096662275141 0.28201892560495739 0.51680955765672509 0.081129252423262743 -0.020157786807534689 -0.17505598201880965 0.16631415721492596 -0.12969143296043933 0.043590215809044992 0.34021957589660062 0.19778132041189034 1.7183147478240182 -0.96390738717275792 0.025043820604829688
leaf_weight=86678 211 574 924 14141 676 233 24742 857 473 3100 918 46 520 1034 2814 12330 429 14673 34507 1632 1845 608 2985 459 4737 4746 1386 4625 343 1103 1306 16812 4084 886 138 8795 476 91 539 986 1099 514 284 6680 1148 5443 255 2077 1011 669 101 683 896 1024
leaf_count=86678 211 574 924 14141 676 233 24742 857 473 3100 918 46 520 1034 2814 12330 429 14673 34507 1632 1845 608 2985 459 4737 4746 1386 4625 343 1103 1306 16812 4084 886 138 8795 476 91 539 986 1099 514 284 6680 1148 5443 255 2077 1011 669 101 683 896 1024
internal_value=-0.00041811 0.00102318 0.00278188 -5.09474e-05 -0.0003816 0.00544637 0.00208476 0.00711306 0.00256535 -0.00312996 0.000329075 0.0051562 0.00177996 0.00988096 0.00568951 -0.00112413 0.00155375 0.00165712 3.55675e-05 -0.000167719 0.00386857 0.00396412 0.00466082 0.00457524 0.0032413 0.00139666 0.00355053 0.00387979 0.00869365 0.00688973 0.00409381 -0.00148676 -0.00114869 0.0019442 0.00733833 0.00154925 0.00144998 0.00664224 0.0125185 -0.000375358 0.00170444 0.00982788 0.00237852 0.00202901 0.000125343 -0.00187203 0.00178177 -0.00126909 -0.00051667 0.00407078 -4.17332e-05 0.00789667 -0.00149426 0.00132929
internal_weight=280346 183048 69418 113630 100893 14384 55034 6758 12737 97298 51529 2451 47021 2285 4473 49364 40740 39415 41561 36139 8013 7626 5215 3273 6281 5422 6619 6011 1200 1663 4291 33226 20896 10286 1172 9968 788 1007 1113 16138 9400 560 2798 7779 1621 10620 9050 5177 15152 953 577 774 1325 1544
internal_count=280346 183048 69418 113630 100893 14384 55034 6758 12737 97298 51529 2451 47021 2285 4473 49364 40740 39415 41561 36139 8013 7626 5215 3273 6281 5422 6619 6011 1200 1663 4291 33226 20896 10286 1172 9968 788 1007 1113 16138 9400 560 2798 7779 1621 10620 9050 5177 15152 953 577 774 1325 1544
is_linear=0
shrinkage=0.034459


Tree=8
num_leaves=55
num_cat=0
split_feature=7 1 24 1 4 3 33 22 33 3 3 11 27 32 36 22 38 24 3 36 12 45 25 14 22 5 32 23 33 3 25 22 0 48 34 18 45 24 6 5 30 8 23 48 24 35 14 33 35 25 33 48 40 54
split_gain=893.244 247.91 76.6599 37.4462 36.3546 32.9435 28.9068 28.9471 17.5464 21.8911 17.2222 16.0194 15.7754 13.3408 12.6495 11.7777 11.6265 11.6162 9.52903 9.14818 8.91369 8.35187 7.81996 7.49761 7.31704 7.21458 7.19447 6.35202 6.25218 6.00201 5.91291 5.88949 5.76244 5.70549 5.66691 5.48804 5.01104 4.92081 4.10818 3.9519 3.95066 3.93752 3.91802 3.8468 3.4787 3.47761 3.21623 3.12409 3.04241 2.92995 2.77872 2.7204 2.69248 2.60048
threshold=1.0000000180025095e-35 -4.8377854824066153 0.28040681779384619 -9.0872225761413556 -10.509678840637205 -12.651831626892088 57.500000000000007 8.9115753173828143 112.50000000000001 8.5803699493408221 8.5803699493408221 1.0000000180025095e-35 49.999910354614265 30.500000000000004 -0.42335702478885645 33.977012634277351 -0.040177611634135239 0.091769527643919005 -12.651831626892088 -0.26821230351924891 0.0015121914329938593 -2.6334040164947505 0.54420390725135814 -0.88443705439567555 8.9115753173828143 63.346828460693366 21.500000000000004 91.583511352539077 174.50000000000003 -19.1816873550415 0.45550310611724859 -104.34057617187499 2.0515000820159917 976.08261108398449 194.67066955566409 -1.2404642701148985 -3.933623075485229 0.074936363846063628 -5.5462651252746573 63.346828460693366 -8.0031324614537866e-05 0.001329090853687376 -23.189750671386715 873.09552001953136 0.047106862068176276 260.64514160156256 -2.3761329650878902 60.500000000000007 6.8468527793884286 0.33789253234863287 30.500000000000004 914.20870971679699 2.1555678844451909 15.500000000000002
decision_type=2 2 2 2 2 2 2 2 2 2 2 2 2 2 2 2 2 2 2 2 2 2 2 2 2 2 2 2 2 2 2 2 2 2 2 2 2 2 2 2 2 2 2 2 2 2 2 2 2 2 2 2 2 2
left_child=11 3 5 4 14 13 16 10 12 24 18 -1 17 30 29 28 22 -7 -8 23 -14 52 -4 45 -10 -12 33 32 35 -2 48 40 -18 -16 -11 41 -28 -33 46 43 -21 -5 -25 -9 -30 -6 -17 -13 -3 -31 -37 -23 -15 -48
right_child=1 2 6 15 19 8 7 39 9 34 25 47 20 21 26 38 27 -19 -20 31 -22 51 -24 42 -26 -27 36 -29 44 49 -32 37 -34 -35 -36 50 -38 -39 -40 -41 -42 -43 -44 -45 -46 -47 53 -49 -50 -51 -52 -53 -54 -55
leaf_value=-0.16902372847914363 1.6389757630825188 3.0261762608186391 0.031276307343537924 -0.090698690688497299 0.60773673212606605 0.33482063708121207 0.080941695097837579 0.18810100183798073 -0.0028381093431536753 0.09443955215218286 0.025207768403521565 -0.16902372847914363 -0.13295435562583319 -0.0013209737682596558 0.70856730626961528 0.14790947650720027 0.089708244998341929 0.073560084915278726 -0.046277256574667934 0.77984627988523292 0.10589314902332743 0.32905388970013139 -0.041720463193507328 0.78095602316316715 0.073130357794294443 0.39467225697130143 0.17015913596799026 0.2789186433507776 0.1322574155245177 0.6753021780966274 0.29757241714928062 0.78119729412191774 0.015827754939279234 2.3700877456557392 0.24861299923030275 0.15376370162995756 0.50044462027621861 0.1884750010962104 0.32639578766206045 0.39309078659140601 0.20759867250318398 0.19568323117266589 0.38580115705472906 0.051745560391254546 0.024944567580764607 -0.082035475130388821 0.52835152255728057 -0.16902372847914363 0.76489864813204445 1.2708655738590435 0.057666292004675337 0.22990362185537855 0.48723385974637956 -0.041969724484115942
leaf_weight=86678 379 311 7379 148 362 5095 1812 1376 26661 4928 4774 5177 1803 1311 631 86 5891 6685 46342 572 18463 1605 6547 842 2203 285 385 715 963 405 282 1087 5438 418 2197 1382 1380 1277 1002 300 2170 3968 1091 2771 2657 25 490 5443 1176 170 2967 1664 144 33
leaf_count=86678 379 311 7379 148 362 5095 1812 1376 26661 4928 4774 5177 1803 1311 631 86 5891 6685 46342 572 18463 1605 6547 842 2203 285 385 715 963 405 282 1087 5438 418 2197 1382 1380 1277 1002 300 2170 3968 1091 2771 2657 25 490 5443 1176 170 2967 1664 144 33
internal_value=-0.000458795 0.000959171 0.000455839 0.00415596 0.00563779 0.00125955 -0.000259996 -0.000690245 0.00103499 0.000511379 -0.000913895 -0.00312677 0.00162193 0.00360668 0.00840401 0.00294198 0.000693929 0.00262662 -0.00111517 0.00422862 0.00103613 0.00263712 1.33602e-05 0.00604257 8.78628e-05 0.000994952 0.00720517 0.00147792 0.00256746 0.0118929 0.00617342 0.00339664 0.00127465 0.00952053 0.00222199 0.00308324 0.00580495 0.00467127 0.00572678 0.00197783 0.00228387 0.0039958 0.00512609 0.00168889 0.00135133 0.0105064 0.00802725 -0.00185581 0.00704696 0.00948221 0.00221092 0.00360502 0.000437837 0.00905535
internal_weight=280346 183048 158158 24890 11194 74528 83630 57660 68035 35989 53213 97298 32046 6493 3768 13696 25970 11780 48154 7426 20266 4724 13926 2320 28864 5059 2814 12044 12085 954 1769 5106 11329 1049 7125 8465 1765 2364 1611 4447 2742 4116 1933 4147 3620 387 609 10620 1487 575 4349 3269 1455 523
internal_count=280346 183048 158158 24890 11194 74528 83630 57660 68035 35989 53213 97298 32046 6493 3768 13696 25970 11780 48154 7426 20266 4724 13926 2320 28864 5059 2814 12044 12085 954 1769 5106 11329 1049 7125 8465 1765 2364 1611 4447 2742 4116 1933 4147 3620 387 609 10620 1487 575 4349 3269 1455 523
is_linear=0
shrinkage=0.034459


Tree=9
num_leaves=55
num_cat=0
split_feature=7 26 20 20 26 4 14 33 48 11 22 46 9 48 36 48 37 20 5 21 44 22 5 27 0 54 48 55 37 21 14 23 15 14 26 24 48 48 46 13 46 29 14 44 5 26 37 33 7 12 34 5 55 22
split_gain=862.578 247.608 81.0214 64.0893 36.9434 24.0423 18.0552 30.336 19.9082 16.0933 13.4499 11.5794 10.5117 10.2313 10.0388 9.3456 9.20911 8.5594 9.21981 8.11635 7.95733 8.46827 7.47856 7.10623 6.46182 6.06335 7.50974 6.03792 5.70292 5.56568 5.47294 5.31523 5.52114 5.23413 5.16723 4.96272 4.45053 4.16992 4.09888 3.97603 3.87478 6.76148 3.79059 3.62403 3.58879 3.55655 3.28373 3.16018 2.9842 2.44866 2.4479 2.42363 2.18023 2.13199
threshold=1.0000000180025095e-35 0.27566015720367437 -0.095269631594419465 -0.040612075477838509 0.15317402780056003 -10.509678840637205 -0.19611010700464246 36.500000000000007 1271.209899902344 1.0000000180025095e-35 25.003085136413578 13.369415760040285 0.33325000107288366 903.67120361328136 -1.9202228784561155 1050.3900146484377 0.43536967039108282 0.28775534033775335 63.346828460693366 -0.2129665985703468 -1.2914614677429197 12.760028362274172 -29.876131057739254 30.490538597106937 0.50075000524520885 23.500000000000004 1742.508728027344 0.75637164711952221 0.27757602930068975 -0.023088431917130944 -0.53686672449111927 -26.755659103393551 0.8303925395011903 -0.3881868422031402 0.094018731266260161 0.042486127465963371 896.16674804687511 1496.9229736328127 7.7080709934234628 0.1475000008940697 11.891403675079347 -3.3855270885396742e-05 -0.2784609049558639 1.5176025629043581 14.635298252105715 0.49089157581329351 0.3037057518959046 60.500000000000007 0.0064738483633846053 0.0021638725884258751 7.2122581005096444 10.322738170623781 0.64724746346473705 7.4961321353912362
decision_type=2 2 2 2 2 2 2 2 2 2 2 2 2 2 2 2 2 2 2 2 2 2 2 2 2 2 2 2 2 2 2 2 2 2 2 2 2 2 2 2 2 2 2 2 2 2 2 2 2 2 2 2 2 2
left_child=9 3 5 14 12 19 7 15 10 -1 -9 13 40 29 -2 30 17 18 -8 23 36 33 42 52 -17 26 -13 -10 -15 -6 -4 39 -33 -22 -14 38 -16 48 -21 -24 53 -42 45 -25 -19 -7 -36 49 -18 -11 -37 -39 -3 -5
right_child=1 2 6 4 11 22 16 8 27 47 -12 25 34 28 20 24 37 44 -20 35 21 -23 31 43 -26 -27 -28 -29 -30 -31 -32 32 -34 -35 46 50 -38 51 -40 -41 41 -43 -44 -45 -46 -47 -48 -49 -50 -51 -52 -53 -54 -55
leaf_value=-0.16319934034543046 0.26597991264478249 0.3774164949318114 0.30774728278484015 -0.024906726470190044 0.054318580686068936 0.34617356676321825 0.075814505700198709 0.12813230309629836 -0.0097545258737819999 -0.16319934034543046 0.38289715397023466 0.075540443787646752 -0.072185137222955401 -0.026206479118220282 0.086116601682529687 1.3585349120507424 0.36726412694088018 0.81618100829536577 0.26120228014808966 0.93137959242311974 0.090877004723902491 0.18150535945215135 0.58753652424037617 1.1938287571750945 0.3619528108415524 -0.052576083171865351 0.25955449669037584 0.31092914884935835 0.043566550199122957 0.015324797565953372 0.3798909566919581 0.11530102366849262 0.45648329407060156 0.0360091985786542 -0.044430012295941707 0.78161111484860279 -0.01659955054527967 0.021119944957896295 6.6174405180984914 0.54833443741347321 0.20985442853015679 0.0030911515066137942 1.2004728891337177 2.2416165329294984 -0.58346471935764721 9.4113395846241836 -0.00073992003077371445 -0.16319934034543046 0.17601461138623994 -0.11939800814190205 0.26712686308344707 0.66555406031408904 0.84260531554756135 0.04023405243607403
leaf_weight=86678 238 249 3381 14435 6357 67 23127 13941 5103 3100 1388 1266 12330 21545 685 1417 1512 307 2427 782 4688 1127 816 595 753 454 663 521 4333 14343 3294 914 2250 3644 18131 183 1786 92 137 1551 208 588 113 326 1524 191 2765 5443 4249 2077 803 402 140 907
leaf_count=86678 238 249 3381 14435 6357 67 23127 13941 5103 3100 1388 1266 12330 21545 685 1417 1512 307 2427 782 4688 1127 816 595 753 454 663 521 4333 14343 3294 914 2250 3644 18131 183 1786 92 137 1551 208 588 113 326 1524 191 2765 5443 4249 2077 803 402 140 907
internal_value=-0.000504643 0.000888766 0.00245277 -0.000137938 -0.000430186 0.00549235 0.00201532 0.00263447 0.001917 -0.00312642 0.00256048 0.000239921 -0.00109551 0.000119254 0.00222062 0.00432977 0.00146579 0.00119095 0.00135463 0.00790221 0.00207661 0.00253197 0.00417267 0.0100407 0.00631722 0.00258298 0.00342983 0.000156826 -0.000336615 0.00069081 0.00367766 0.00384269 0.00289172 0.00214536 -0.00144631 0.00640908 0.000319219 0.00266319 0.0082814 0.00509754 -0.000371088 0.00196291 0.00897601 0.0117318 -0.00107402 0.0113355 -0.00111241 -0.00185257 0.00239156 -0.00122916 0.00462246 0.00575013 0.00592871 -0.00049455
internal_weight=280346 183048 72555 110493 98325 9117 63438 29798 20953 97298 15329 48961 49364 46578 12168 8845 33640 27385 25554 3215 11930 9459 5902 1310 2170 2383 1929 5624 25878 20700 6675 5531 3164 8332 33226 1905 2471 6255 919 2367 16138 796 371 921 1831 258 20896 10620 5761 5177 986 494 389 15342
internal_count=280346 183048 72555 110493 98325 9117 63438 29798 20953 97298 15329 48961 49364 46578 12168 8845 33640 27385 25554 3215 11930 9459 5902 1310 2170 2383 1929 5624 25878 20700 6675 5531 3164 8332 33226 1905 2471 6255 919 2367 16138 796 371 921 1831 258 20896 10620 5761 5177 986 494 389 15342
is_linear=0
shrinkage=0.034459


Tree=10
num_leaves=55
num_cat=0
split_feature=9 26 1 1 26 14 1 4 38 15 26 1 25 25 24 12 3 37 12 0 35 48 33 48 24 47 12 27 48 0 38 0 25 18 34 22 24 44 26 26 45 35 45 48 33 22 27 46 54 39 44 35 32 22
split_gain=821.057 212.132 81.9898 61.7532 30.4967 18.0636 19.2604 16.0035 13.9962 13.7191 18.5163 12.337 10.7943 10.1551 9.65985 9.34243 9.18495 8.5027 8.24656 6.89283 6.76569 6.66154 6.58534 6.54521 6.58957 6.42628 6.29617 5.73642 5.6194 5.60581 5.58944 5.25965 5.23834 4.96044 4.75838 4.75811 6.14353 4.74001 4.53091 4.37934 4.13195 4.03634 4.02775 3.80645 3.78356 3.32614 3.03122 3.02431 3.01805 3.0008 2.80263 2.6431 2.43849 2.42045
threshold=0.03024999983608723 0.26543918251991278 -5.34403371810913 -2.5741299390792842 0.13030979782342914 -0.42200689017772669 -24.750423431396481 -29.452609062194821 0.041156368330121047 0.76812380552291881 0.56962847709655773 -7.6896440982818595 0.4060997366905213 0.22409059852361682 0.1094057857990265 0.01331681525334716 10.345728397369387 -2.0612913370132442 0.25185585021972662 0.03024999983608723 8.3062753677368182 888.63427734375011 21.500000000000004 896.16674804687511 0.24773248285055163 0.7324340045452119 1.0000000180025095e-35 48.387155532836921 814.88610839843761 0.40625000000000006 -0.14788386970758435 0.38125000894069677 0.22409059852361682 -0.48045842349529261 8.3717508316040057 -930.51425170898426 0.042486127465963371 -0.87974137067794789 0.43609882891178137 0.13030979782342914 5.4740836620330819 9.5821456909179705 -2.0410927534103389 608.64315795898449 42.500000000000007 6.2793035507202157 42.843217849731452 19.164007186889652 4.5000000000000009 5.2948431968688974 1.8488891720771792 2706.890747070313 126.50000000000001 -104.34057617187499
decision_type=2 2 2 2 2 2 2 2 2 2 2 2 2 2 2 2 2 2 2 2 2 2 2 2 2 2 2 2 2 2 2 2 2 2 2 2 2 2 2 2 2 2 2 2 2 2 2 2 2 2 2 2 2 2
left_child=26 3 5 11 29 6 13 18 31 19 14 17 -12 30 -11 38 44 27 21 52 33 28 -17 39 40 -15 -1 -2 -4 -5 -3 42 37 43 -23 -22 -37 -19 -8 -13 -25 -21 -6 -7 -10 46 -20 -33 -47 -31 -26 -18 -9 -34
right_child=1 2 7 4 8 20 15 9 16 10 12 23 -14 25 -16 22 51 32 45 41 35 34 -24 24 50 -27 -28 -29 -30 49 -32 47 53 -35 -36 36 -38 -39 -40 -41 -42 -43 -44 -45 -46 48 -48 -49 -50 -51 -52 -53 -54 -55
leaf_value=-0.1575756547842932 0.55585091796979924 2.2425655997377456 0.43034565853718232 -0.037674589029498939 -0.058655179168046363 0.13855810731464541 0.31681935958625701 -0.15275229738602877 0.052371070176938053 0.13904790903616657 0.51565510247336888 0.011075607074644344 0.24287097700395793 1.618601461780534 0.048429839268446566 0.55606136993352362 0.11491796852760763 0.069530757678267274 0.50181003393572243 0.50885259351128354 0.24126308247199571 2.6309412354043058 0.25889804392713361 0.035003656098402787 -0.021436944488883405 3.5394314642874969 -0.1575756547842932 0.045169355560512298 0.51743221536484973 -0.064527325211913955 1.1966099441234257 -0.043271937958670292 -0.003846241252604 0.25123711169751012 0.065581055982204928 0.4964415887188714 0.16730946876258854 0.18262857813596886 0.74035883185244755 0.089335770426746328 0.095163244536665109 0.035957299444623642 0.0054767640893924659 2.524475369455192 0.0033516864303367588 0.69105151078702154 12.690436748893172 0.084218842707944719 1.1871907073273447 0.010444816451099573 0.030183915142262537 0.30716200976048041 -0.16388925023626727 0.084207291517272465
leaf_weight=80018 77 219 647 13384 3094 86 951 1739 3784 11773 3736 1841 10603 675 25519 1044 2530 485 711 672 1140 61 3370 3580 3822 50 12717 42 345 20439 147 15207 540 364 1410 2109 3424 885 850 5115 763 3882 12908 660 17011 179 197 295 123 872 1789 74 1153 924
leaf_count=80018 77 219 647 13384 3094 86 951 1739 3784 11773 3736 1841 10603 675 25519 1044 2530 485 711 672 1140 61 3370 3580 3822 50 12717 42 345 20439 147 15207 540 364 1410 2109 3424 885 850 5115 763 3882 12908 660 17011 179 197 295 123 872 1789 74 1153 924
internal_value=-0.000555519 0.000757247 0.00213248 -0.000220395 -0.00060604 0.00441436 0.00565152 0.00158317 -9.99811e-05 0.00144496 0.0016444 0.00151738 0.00269881 0.00990538 0.00123798 0.00489777 0.000537648 0.00357772 0.00379574 5.73769e-05 0.00324802 0.00262498 0.00402425 0.00115536 0.000583604 0.00742814 -0.00320731 0.0126637 0.00481662 -0.00140583 0.014685 -0.000574664 0.00317971 0.00576901 0.00112132 0.0028227 0.00324228 0.00472523 0.0070161 0.00196838 0.00159206 0.000897219 -0.000133935 0.00739923 0.000294117 0.00614628 0.00501153 -0.00102735 0.00941652 -0.00175448 -0.000190962 0.00246835 -0.00125306 0.00170766
internal_weight=280035 187300 77839 109461 89598 15089 7306 62750 54903 59077 51631 19863 14339 1091 37292 6215 23399 2953 3673 7446 7783 2463 4414 16910 9954 725 92735 119 992 34695 366 31504 2834 1110 1471 6673 5533 1370 1801 6956 4343 4554 16002 746 20795 1210 908 15502 302 21311 5611 2604 2892 1464
internal_count=280035 187300 77839 109461 89598 15089 7306 62750 54903 59077 51631 19863 14339 1091 37292 6215 23399 2953 3673 7446 7783 2463 4414 16910 9954 725 92735 119 992 34695 366 31504 2834 1110 1471 6673 5533 1370 1801 6956 4343 4554 16002 746 20795 1210 908 15502 302 21311 5611 2604 2892 1464
is_linear=0
shrinkage=0.034459


Tree=11
num_leaves=55
num_cat=0
split_feature=9 26 20 20 26 33 4 26 15 38 25 27 20 38 36 25 21 20 48 20 28 0 20 12 24 48 36 22 6 37 0 24 14 22 35 0 44 22 45 14 22 37 33 21 21 22 36 44 32 48 44 32 38 33
split_gain=798.584 188.904 77.1912 50.9932 23.0979 17.8023 17.7692 15.5847 22.8646 12.5282 11.1565 11.0551 10.9062 10.2725 9.36941 9.59347 8.95141 8.49369 8.20577 7.21606 6.92584 6.70623 6.5084 6.29617 6.22221 6.39123 5.85424 5.71816 5.82353 5.12314 5.07449 5.05125 4.91056 4.81322 4.52154 4.23189 4.2197 4.08473 4.04381 3.94329 3.93901 3.82241 3.70037 3.53072 3.25644 2.89765 2.85012 2.83962 2.75242 2.65757 2.55304 2.49126 2.48421 3.41679
threshold=0.03024999983608723 0.23800963163375857 -0.054921273142099374 -0.026078404858708378 0.11625958234071733 21.500000000000004 -8.3026957511901838 0.46099971234798437 0.76812380552291881 0.041156368330121047 0.43725931644439703 28.505514144897464 0.030628019943833355 0.32210367918014532 -0.46994878351688379 0.33789253234863287 0.09844823926687242 -0.080013852566480623 1663.3090820312502 -0.28435990214347834 -0.026494122110307213 0.32325001060962683 -0.11907952651381491 1.0000000180025095e-35 0.24773248285055163 786.37042236328136 0.51097288727760326 81.095695495605483 -21.90028095245361 -2.0612913370132442 0.38125000894069677 0.042486127465963371 -0.9324890375137328 7.4961321353912362 9.5821456909179705 0.40625000000000006 0.23040226846933368 33.977012634277351 -2.0410927534103389 -0.2784609049558639 -20.623112678527828 0.25140218436717993 119.50000000000001 0.13660492002964023 -0.064222969114780412 188.94480895996097 -0.52525284886360157 -0.87974137067794789 64.500000000000014 1113.267761230469 3.6196180582046513 152.50000000000003 2.3586157560348515 213.50000000000003
decision_type=2 2 2 2 2 2 2 2 2 2 2 2 2 2 2 2 2 2 2 2 2 2 2 2 2 2 2 2 2 2 2 2 2 2 2 2 2 2 2 2 2 2 2 2 2 2 2 2 2 2 2 2 2 2
left_child=23 3 5 17 35 6 19 11 20 30 12 49 -10 21 15 22 41 29 -12 26 34 -13 -7 -1 33 46 -3 31 -29 39 38 -16 -8 50 -9 52 -35 -21 -6 -2 44 -11 -27 -15 -31 -34 -26 -42 -22 -4 -19 -32 -5 -54
right_child=1 2 7 4 9 14 32 8 10 16 18 13 -14 43 27 -17 -18 24 -20 37 48 -23 -24 -25 25 42 -28 28 -30 40 51 -33 45 36 -36 -37 -38 -39 -40 -41 47 -43 -44 -45 -46 -47 -48 -49 -50 -51 -52 -53 53 -55
leaf_value=-0.15214575578640799 0.37079032785163252 5.0366759232290272 0.0038012057356995839 -0.047282759921887206 -0.060604596967620071 0.74296333030191897 0.89895241574260865 1.6934330187714908 0.27670697577445963 -0.0094407844812338312 0.1456518413047983 0.076141797554960505 0.58729323205758421 0.097057400836757013 0.42685425590618808 0.39773308705588845 0.11100639623511571 0.035867463283581147 0.48022858436034588 0.47187985001469968 0.080847996273071737 0.010017155749570404 0.29746214892440603 -0.15214575578640799 0.1467366511746736 0.021221612970768314 1.5911624441258709 1.1169815316777669 0.4316314689111066 0.15169832165371416 -0.031150230328474131 0.12969334744208424 0.39342469411205594 0.069820590294163626 0.19429872664909886 -0.064757534115564605 0.12666398399955869 0.83877161701128644 -0.001144746970604538 -0.036163380219526198 0.057745472326667172 0.028784674424523295 -0.031726009496625907 0.23517999028436073 0.030490405078797876 2.1422841828320847 0.050010379547879638 0.17478699120150737 -0.099405335980010542 -0.06265201387655546 0.092269498565594091 -0.06173593324074296 -0.071916489263942174 0.2414293528421558
leaf_weight=80018 68 394 2609 9435 2872 384 211 277 8085 13538 12051 13443 2802 8769 2646 1260 2096 4195 1161 988 2424 11677 457 12717 223 3909 117 197 936 437 9799 5852 2126 491 806 17215 592 403 12910 28 251 8095 2750 1764 1126 146 2041 514 2932 2371 1007 6133 146 141
leaf_count=80018 68 394 2609 9435 2872 384 211 277 8085 13538 12051 13443 2802 8769 2646 1260 2096 4195 1161 988 2424 11677 457 12717 223 3909 117 197 936 437 9799 5852 2126 491 806 17215 592 403 12910 28 251 8095 2750 1764 1126 146 2041 514 2932 2371 1007 6133 146 141
internal_value=-0.000592066 0.000702606 0.00187405 -0.000319463 -0.000679719 0.00402848 0.00591208 0.00138563 0.00197486 -0.000276759 0.00246232 0.00094191 0.00328291 0.00115466 0.00332108 0.00542459 0.000321065 0.00136171 0.00178332 0.00843458 0.000145005 0.00077365 0.00830372 -0.00320731 0.00105627 0.000466068 0.0120405 0.00285811 0.00518708 0.00326259 -0.000725145 0.00254297 0.00396334 0.0018885 0.00266072 -0.00150779 0.00399584 0.00707746 -0.000284266 0.0111548 0.0029177 0.000111019 -6.67457e-05 0.00205988 0.00188819 0.00346864 0.00204776 0.00497091 -0.000357649 -0.000574202 0.00144247 -0.00115966 -0.000925712 0.00218958
internal_weight=280035 187300 87288 100012 82380 16117 4385 71171 30538 55443 24099 40633 10887 35653 11732 2101 23729 17632 13212 1902 6439 25120 841 92735 15208 8923 511 9631 1133 2424 31714 8498 2483 6285 1083 26937 1083 1391 15782 96 2328 21633 6659 10533 1563 2272 2264 765 5356 4980 5202 15932 9722 287
internal_count=280035 187300 87288 100012 82380 16117 4385 71171 30538 55443 24099 40633 10887 35653 11732 2101 23729 17632 13212 1902 6439 25120 841 92735 15208 8923 511 9631 1133 2424 31714 8498 2483 6285 1083 26937 1083 1391 15782 96 2328 21633 6659 10533 1563 2272 2264 765 5356 4980 5202 15932 9722 287
is_linear=0
shrinkage=0.034459


Tree=12
num_leaves=55
num_cat=0
split_feature=7 26 1 1 26 5 13 25 33 37 36 45 32 15 46 22 48 44 22 21 24 54 18 24 48 7 46 25 25 24 25 32 18 32 48 21 34 37 26 48 17 1 26 55 44 14 48 1 36 43 45 9 44 14
split_gain=780.767 176.78 58.6675 44.7535 34.0588 17.3366 15.3737 15.3598 17.8219 14.6063 12.7285 12.2271 11.0743 10.3366 9.43829 8.98654 8.26729 8.05191 10.7911 7.98447 7.24988 6.87111 6.47758 12.4406 6.3566 6.97893 6.04659 5.75267 5.43514 5.14587 6.61215 6.42721 5.61902 4.76303 5.10751 4.7235 4.57666 4.55346 4.40631 4.27916 4.13084 4.06504 3.9799 3.67622 3.646 3.57933 3.37317 3.2638 2.95319 2.90771 2.61239 4.02136 2.52149 2.40817
threshold=1.0000000180025095e-35 0.32314191758632665 -3.3014287948608394 -5.34403371810913 0.13030979782342914 -6.831932306289672 0.03024999983608723 0.43725931644439703 24.500000000000004 0.1312731206417084 -1.0774241685867307 -3.933623075485229 33.500000000000007 0.99999991059303295 19.164007186889652 -15.075653553009031 903.67120361328136 -1.2914614677429197 12.760028362274172 0.090206611901521697 0.34174661338329321 23.500000000000004 -3.498293280601501 0.042486127465963371 936.50585937500011 0.19316912442445758 -1.2054493427276609 0.42191350460052496 0.44391885399818426 0.05830690264701844 0.35082514584064489 213.50000000000003 -3.498293280601501 7277.0000000000009 1355.6685791015627 -0.082952875643968568 32.342462539672859 0.36507783830165869 0.073522549122571959 1150.2442016601565 -44.309671401977532 -14.77135133743286 0.14448693394660952 0.96169623732566845 4.5742771625518808 -0.78959318995475758 1128.6112060546877 33.343101501464851 -1.9202228784561155 -1.0799397826194761 -0.77252116799354542 0.73625001311302196 6.2019619941711435 -0.70435416698455799
decision_type=2 2 2 2 2 2 2 2 2 2 2 2 2 2 2 2 2 2 2 2 2 2 2 2 2 2 2 2 2 2 2 2 2 2 2 2 2 2 2 2 2 2 2 2 2 2 2 2 2 2 2 2 2 2
left_child=6 2 10 5 20 12 -1 8 22 14 35 46 27 40 16 -13 -6 39 42 26 52 -16 53 -24 45 -26 -11 41 -8 30 31 -7 -32 37 -35 50 -21 -15 -22 49 43 -3 -19 -9 -20 -14 -10 -42 -31 -12 -2 -52 -4 -5
right_child=1 3 4 7 9 29 28 13 11 19 17 15 24 33 21 -17 -18 18 44 36 38 -23 23 -25 25 -27 -28 -29 -30 48 32 -33 -34 34 -36 -37 -38 -39 -40 -41 47 -43 -44 -45 -46 -47 -48 -49 -50 -51 51 -53 -54 -55
leaf_value=-0.14690296566119476 0.18700017003731645 1.7899939884685596 -0.029234010786232171 0.51436636003969449 0.0092695918427507483 1.0108184592849805 -0.14690296566119476 0.12944450049085868 0.089270556579077426 -0.02630556488267452 -0.037143872802657942 0.41570895004571695 0.49669932786708715 0.12342232402911216 0.13321240695220909 0.13655440575616962 -0.031812868262515039 0.01776575051926994 0.13690426131214767 0.051319152120488973 -0.08552326711029834 -0.066386836104982166 1.7730227732118575 0.28969583649659131 0.10489678978526258 0.92000592759571698 0.038936297940480022 0.74902340704856318 -0.14690296566119476 0.90600204180956168 0.1419085687832651 0.19021332011532979 0.54643720938635587 -0.0035518700131452253 0.54287345186915159 0.12649186675491497 0.20002893283938067 0.31956542885092409 -0.045815635091082725 -0.086094597910755785 0.041070143043247652 0.6250680042862089 0.073754618811356074 0.34079943537511864 0.33848766996552065 0.38501413418837882 -0.034483866779546776 -0.34503105038752263 0.16774730131743196 0.055431130235614454 0.61353794332758416 0.072697936524344503 0.048978682116794861 0.52230849176535699
leaf_weight=80018 61 930 10861 175 18974 720 3431 1007 1361 4420 628 2002 838 9732 901 9950 26743 3419 1469 1600 5760 264 1191 2250 1137 213 14735 409 13720 97 673 223 2516 110 216 512 1905 2742 17885 1124 11190 878 8748 235 222 444 2478 1394 4006 1908 108 39 648 815
leaf_count=80018 61 930 10861 175 18974 720 3431 1007 1361 4420 628 2002 838 9732 901 9950 26743 3419 1469 1600 5760 264 1191 2250 1137 213 14735 409 13720 97 673 223 2516 110 216 512 1905 2742 17885 1124 11190 878 8748 235 222 444 2478 1394 4006 1908 108 39 648 815
internal_value=-0.000624182 0.000702004 -4.58023e-05 0.00223647 -0.000360267 0.00402026 -0.00312032 0.00173748 0.00245505 8.11631e-05 0.00175743 0.00190908 0.00566335 0.00119112 -0.000265483 0.00245275 -0.000344229 0.00157002 0.00194983 0.000799851 -0.00123447 0.00279277 0.00439212 0.00510478 0.0041199 0.0024231 0.00052077 0.00747751 -0.002178 0.00304801 0.00391697 0.00648661 0.00314452 0.00189779 0.00604876 0.00626093 0.00231463 0.00178607 -0.00158043 0.000122361 0.000534317 0.00832807 0.00158673 0.00243403 0.00453954 0.00587656 0.000207292 0.000343905 0.00216376 0.000915465 0.0107499 0.0133412 -0.000520628 0.00187768
internal_weight=280035 182866 122934 59932 104696 13084 97169 46848 20222 69542 18238 15791 4849 26626 46882 11952 45717 17518 13858 22660 35154 1165 4431 3441 2632 1350 19155 2217 17151 8235 4132 943 3189 12800 326 720 3505 12474 23645 3660 13826 1808 12167 1242 1691 1282 3839 12584 4103 2536 208 147 11509 990
internal_count=280035 182866 122934 59932 104696 13084 97169 46848 20222 69542 18238 15791 4849 26626 46882 11952 45717 17518 13858 22660 35154 1165 4431 3441 2632 1350 19155 2217 17151 8235 4132 943 3189 12800 326 720 3505 12474 23645 3660 13826 1808 12167 1242 1691 1282 3839 12584 4103 2536 208 147 11509 990
is_linear=0
shrinkage=0.034459


Tree=13
num_leaves=55
num_cat=0
split_feature=7 26 2 1 26 1 6 11 38 2 39 22 44 37 26 3 3 33 24 44 22 36 2 6 2 53 1 4 45 14 28 4 33 33 0 33 47 37 46 10 26 14 38 48 36 33 18 35 12 45 45 44 16 3
split_gain=760.959 159.558 57.8114 47.0402 23.9905 21.2417 19.8006 16.6859 12.2716 11.9503 11.824 8.84336 8.59413 7.83505 7.68198 8.40683 7.56661 6.92924 6.1344 5.6598 6.39788 5.58811 5.52335 8.07851 5.51428 5.46922 5.32429 5.72534 5.22739 4.63446 4.42696 4.23418 4.08802 4.0808 3.94641 3.93728 3.88552 3.57742 3.55902 3.51459 3.51299 3.19028 3.06495 3.00164 2.86818 2.84674 2.48003 2.44899 2.39247 2.36483 2.31999 2.20052 2.11378 2.0733
threshold=1.0000000180025095e-35 0.26543918251991278 -12.175039291381834 -2.5741299390792842 0.13030979782342914 -3.6264486312866206 -2.9203487634658809 1.0000000180025095e-35 0.041156368330121047 -7.5882830619812003 5.2948431968688974 25.003085136413578 -1.2914614677429197 -0.82527485489845265 0.56962847709655773 55.747831344604499 10.345728397369387 30.500000000000004 0.34174661338329321 -1.0589397549629209 8.9115753173828143 -0.46994878351688379 43.350503921508796 69.482906341552749 -4.1126365661621085 1.0000000180025095e-35 -11.226280212402342 -14.787030696868895 -5.0932459831237784 -0.2784609049558639 0.0030290294671431188 -7.0139703750610343 199.50000000000003 42.500000000000007 0.03024999983608723 18.500000000000004 0.48028323054313665 -2.0612913370132442 13.369415760040285 0.019646463915705684 0.073522549122571959 -0.051152735948562615 2.3586157560348515 1113.267761230469 -1.0774241685867307 90.500000000000014 -1.1931980252265928 2706.890747070313 0.0021638725884258751 -1.228174567222595 14.508174419403078 1.8488891720771792 -0.20603509247303006 3.7367691993713383
decision_type=2 2 2 2 2 2 2 2 2 2 2 2 2 2 2 2 2 2 2 2 2 2 2 2 2 2 2 2 2 2 2 2 2 2 2 2 2 2 2 2 2 2 2 2 2 2 2 2 2 2 2 2 2 2
left_child=7 3 6 9 18 11 13 -1 24 12 14 21 43 29 28 -16 33 31 50 -11 37 -4 23 -12 51 -19 27 -14 -7 49 34 -15 -23 -10 -8 41 -36 -21 -26 -22 -20 -13 -42 -2 -32 48 -37 -18 -9 -3 -5 -6 -24 -52
right_child=1 2 5 4 8 10 30 45 16 19 22 35 26 17 15 -17 47 25 40 20 39 32 52 -25 38 -27 -28 -29 -30 -31 44 -33 -34 -35 36 46 -38 -39 -40 -41 42 -43 -44 -45 -46 -47 -48 -49 -50 -51 53 -53 -54 -55
leaf_value=-0.14184083682459234 0.065895886693149636 0.78593873294478545 0.34323899059761964 -0.027145735639725745 0.0040569497373937448 -0.037265388537570769 0.42720611379092044 -0.14184083682459234 0.05308297170552017 -0.015799277813671596 0.15256775538029932 1.149016924716477 0.38303717181596347 1.2238954074425341 0.20572877044601257 -0.31370726349457528 0.10502683974766142 0.28246608576977489 -0.0825072265977497 0.19387767502142544 0.12417737848996409 0.20405695533062851 2.2736396027395216 0.43095132750127518 -0.034403881929372673 0.65894178922483848 0.1094534463367378 0.20150221920368025 0.048724068570620907 0.40235538332014537 1.3131081155648305 0.8466958843880884 0.039246357378964064 0.0026016032880426584 0.42252577382429979 0.45192717873299026 1.0501047629131839 0.029332472129222124 0.048544933432736137 0.036922796343715258 -0.048927376569587178 0.15444579497153271 0.047589584097396123 -0.088043860534717661 0.17994347876426184 -0.14184083682459234 0.16360246651770863 0.28457587289068798 -0.14184083682459234 1.6524942377482763 0.036473928187071604 0.054377021926013652 -0.04735924867791115 0.17348843758825008
leaf_weight=86546 704 101 2384 10714 3007 3044 566 3377 3662 3057 7042 364 81 875 12563 947 2530 1678 5599 192 781 7858 59 1074 25830 252 1997 214 25231 78 167 529 2299 16889 2485 924 475 11976 999 455 16642 82 356 406 2438 4752 467 74 2494 291 49 1225 1124 30
leaf_count=86546 704 101 2384 10714 3007 3044 566 3377 3662 3057 7042 364 81 875 12563 947 2530 1678 5599 192 781 7858 59 1074 25830 252 1997 214 25231 78 167 529 2299 16889 2485 924 475 11976 999 455 16642 82 356 406 2438 4752 467 74 2494 291 49 1225 1124 30
internal_value=-0.000656053 0.000653199 0.00186847 -0.000199085 -0.000542647 0.00149589 0.00431951 -0.00312032 -9.44473e-05 0.00131442 0.00116534 0.00266776 0.00317756 0.00628141 0.000916602 0.00159402 0.000505217 0.00566843 -0.00126934 0.000927097 0.00123286 0.00233509 0.00227911 0.00259981 -0.00054259 0.00428284 0.00438514 0.00878937 0.000591661 0.0105352 0.0030958 0.00754419 0.00197534 0.000281513 0.00390216 0.00491762 0.00441066 0.00098883 -0.000725528 0.00360468 -0.00159303 0.00781687 -0.00134155 0.000651339 0.00199005 -0.00182382 0.00395833 0.0022567 -0.00130336 0.0120826 -0.000588364 0.000608913 4.94758e-05 0.00521192
internal_weight=280035 182866 75397 107469 87606 65462 9935 97169 54216 19863 51084 14378 3402 3804 41785 13510 23155 3334 33390 16461 13404 12541 9299 8116 31061 1930 2292 295 28275 470 6131 1404 10157 20551 3526 1837 2960 12168 26829 1236 22597 446 16998 1110 2605 10623 1391 2604 5871 392 10793 4232 1183 79
internal_count=280035 182866 75397 107469 87606 65462 9935 97169 54216 19863 51084 14378 3402 3804 41785 13510 23155 3334 33390 16461 13404 12541 9299 8116 31061 1930 2292 295 28275 470 6131 1404 10157 20551 3526 1837 2960 12168 26829 1236 22597 446 16998 1110 2605 10623 1391 2604 5871 392 10793 4232 1183 79
is_linear=0
shrinkage=0.034459


Tree=14
num_leaves=55
num_cat=0
split_feature=7 26 20 20 26 25 0 13 3 27 38 20 17 15 26 22 20 5 37 38 25 26 25 43 37 12 45 24 33 25 47 32 32 35 22 33 39 45 43 7 27 22 22 32 3 46 0 33 43 15 43 36 38 45
split_gain=741.33 144.302 53.8029 34.547 23.0182 17.2698 16.1061 15.3737 14.7125 13.6 11.9836 9.60865 9.49321 8.51017 8.19799 8.08369 6.54406 6.53188 6.00432 5.81241 5.74066 7.02894 5.43514 5.25247 5.13251 6.05685 4.86474 4.52891 4.55658 4.38614 4.30567 4.23953 4.10785 3.96883 3.96155 3.78747 3.40418 3.37124 3.30871 3.00095 3.8384 2.95701 2.74338 2.61576 2.57813 2.4074 2.15132 2.10044 2.08847 2.08463 1.84365 1.83874 1.80304 1.74756
threshold=1.0000000180025095e-35 0.21259722113609317 -0.095269631594419465 -0.026078404858708378 0.46099971234798437 0.43725931644439703 0.38125000894069677 0.03024999983608723 -19.1816873550415 28.505514144897464 0.37678772211074835 -0.033571559935808175 28.43475437164307 0.99999991059303295 0.10007883608341218 -17.689188957214352 -0.080013852566480623 -9.9352269172668439 0.25140218436717993 -0.07808391377329825 0.37527485191822058 0.61664772033691417 0.44391885399818426 3.2742437124252324 -0.82527485489845265 0.29860232770442968 14.508174419403078 0.24773248285055163 68.500000000000014 1.2159317135810854 0.91880869865417492 48.500000000000007 7277.0000000000009 8.3062753677368182 -20.623112678527828 36.500000000000007 5.8276152610778817 -0.5808555781841277 -1.0799397826194761 0.0037662340328097348 66.670455932617202 -930.51425170898426 7.4961321353912362 39.500000000000007 -6.2204122543334952 9.4895057678222674 4.3494999408721933 119.50000000000001 1.6734244823455813 1.5622669458389284 5.7475194931030282 -0.3518249243497848 1.9695937037467959 11.463256359100344
decision_type=2 2 2 2 2 2 2 2 2 2 2 2 2 2 2 2 2 2 2 2 2 2 2 2 2 2 2 2 2 2 2 2 2 2 2 2 2 2 2 2 2 2 2 2 2 2 2 2 2 2 2 2 2 2
left_child=7 3 8 16 9 12 18 -1 17 47 11 -11 15 29 -8 -6 34 24 26 -16 21 37 -9 -14 49 -26 30 42 46 -7 -5 -23 -15 45 44 -12 -21 -10 -36 52 -41 -35 50 -19 -2 -22 -29 -4 -44 -3 -18 -45 -20 -30
right_child=1 2 4 6 5 13 14 22 20 10 35 -13 23 32 19 -17 27 43 39 36 33 31 -24 -25 25 -27 -28 28 53 -31 -32 -33 -34 41 38 -37 -38 -39 -40 40 -42 -43 48 51 -46 -47 -48 -49 -50 -51 -52 -53 -54 -55
leaf_value=-0.13695314386981858 0.15069770624517831 2.0898488787226897 0.015854294339451104 -0.019285292973237382 0.59901178260388988 0.073761838781734437 -0.064885525348999717 -0.13695314386981858 0.12536844656070215 0.096493748230753962 0.16303416624993625 0.023025230415795718 0.55858841361606393 0.2288851685117651 -0.047281372095305856 0.21647099124852462 0.041354136064962903 1.3706504666889521 -0.011080323888536144 -0.023269489535790888 0.58900116319361973 1.578488947606409 -0.13695314386981858 0.56825901255905897 0.54974806197385151 2.7302279659126389 0.19714138741198833 0.071916000517403406 -0.016214255836032671 -0.42175431257346419 0.083895167815308577 0.55222736400114747 0.50654884129171962 0.11789134133254416 -0.00099889254166711386 0.079916501996544848 0.049112315623911114 0.27024667658562851 0.15905639176993583 0.058300501112019849 0.20586096166364173 0.25028503683391112 0.067185565359360502 0.64767828828778873 0.025343759639107465 3.0210341928432483 -0.00052090082275202561 -0.049114609527604575 0.1136874967837623 0.35295424052621566 0.11790512825088215 0.23819254371016182 0.058294002126932733 0.20648399338042878
leaf_weight=80018 340 156 1966 23125 2481 9641 12534 3431 854 5970 3060 28705 1638 6994 15116 9658 4428 537 2941 12141 642 565 13720 213 629 287 183 2156 4605 811 280 393 211 1061 116 10418 1827 1377 483 2740 217 2808 639 163 912 93 1057 4150 234 32 43 446 744 46
leaf_count=80018 340 156 1966 23125 2481 9641 12534 3431 854 5970 3060 28705 1638 6994 15116 9658 4428 537 2941 12141 642 565 13720 213 629 287 183 2156 4605 811 280 393 211 1061 116 10418 1827 1377 483 2740 217 2808 639 163 912 93 1057 4150 234 32 43 446 744 46
internal_value=-0.000688046 0.000604205 0.00152548 -0.000412638 0.00124589 0.00198525 -0.000727463 -0.00312032 0.00391352 0.000814075 0.00100878 0.000668291 0.00289149 0.00126513 -0.00116726 0.00253503 0.00108708 0.00638356 -0.000120826 -0.000847584 0.00319522 0.00433276 -0.002178 0.00520792 0.00831382 0.00715484 -0.000379519 0.000814451 0.000283032 0.00063228 -0.000424739 0.00683431 0.00217819 0.00239903 0.00301237 0.00188209 -0.000337462 0.00324057 0.00534689 0.000792613 0.00161111 0.00194199 0.00158982 0.00448838 0.00186458 0.00475216 0.00128337 -0.000713179 0.00337887 0.0137107 0.00123211 0.00283016 0.000126205 -0.000400739
internal_weight=280035 182866 95959 86907 85916 31647 71848 97169 10043 54269 48153 34675 13990 17657 41618 12139 15059 2250 30230 29084 7793 3189 17151 1851 1104 916 23588 13208 7864 10452 23405 958 7205 4604 1851 13478 13968 2231 599 6642 2957 3869 5344 1146 1252 735 3213 6116 873 188 4471 609 3685 4651
internal_count=280035 182866 95959 86907 85916 31647 71848 97169 10043 54269 48153 34675 13990 17657 41618 12139 15059 2250 30230 29084 7793 3189 17151 1851 1104 916 23588 13208 7864 10452 23405 958 7205 4604 1851 13478 13968 2231 599 6642 2957 3869 5344 1146 1252 735 3213 6116 873 188 4471 609 3685 4651
is_linear=0
shrinkage=0.034459


Tree=15
num_leaves=55
num_cat=0
split_feature=8 2 26 1 1 26 15 18 26 46 5 3 44 24 12 33 25 2 26 37 28 36 10 47 54 47 27 14 1 1 28 18 22 1 18 25 36 37 43 48 30 44 24 24 12 43 34 8 48 44 37 27 45 14
split_gain=721.566 127.227 79.0736 28.9626 18.8839 14.5469 10.3839 10.3215 8.74711 8.34684 8.11893 7.75042 8.53727 7.25176 6.3209 5.86451 6.82034 5.67838 5.29649 4.53053 4.38824 4.32533 4.30542 4.86676 7.91208 4.27642 4.14321 5.16827 3.84031 3.76802 4.04767 3.6867 3.65492 3.31508 3.15635 3.1524 3.13369 3.06863 2.82926 2.57788 2.26512 2.31324 2.2361 2.22743 2.15269 2.11137 2.02327 1.94453 1.8038 1.79036 1.76484 1.68055 1.55525 1.48025
threshold=1.0000000180025095e-35 -8.3885383605957013 0.15791293233633044 -3.6264486312866206 -11.226280212402342 0.27566015720367437 0.76812380552291881 -0.90078672766685475 0.52691149711608898 -1.2054493427276609 -2.5472300052642818 -24.357473373413082 1.8488891720771792 0.083992246538400664 1.0000000180025095e-35 213.50000000000003 0.38665211200714117 -29.693388938903805 0.073522549122571959 0.1312731206417084 -0.00058777164667844761 1.3873993158340456 0.10120349749922754 0.48028323054313665 6.5000000000000009 0.91880869865417492 28.505514144897464 -0.19611010700464246 12.822097778320314 -1.3028349876403806 0.010495396796613933 -3.498293280601501 19.525568008422855 -2.5741299390792842 -1.0044393539428709 0.38665211200714117 -1.0774241685867307 0.3037057518959046 -1.7520700693130491 786.37042236328136 0.0001888753104140051 4.3616249561309823 0.042486127465963371 0.1094057857990265 0.018341659568250183 -0.70739746093749989 7.2122581005096444 0.013440165668725969 808.25851440429699 10.436084747314455 -1.145099341869354 28.505514144897464 4.525620937347413 -0.49698673188686365
decision_type=2 2 2 2 2 2 2 2 2 2 2 2 2 2 2 2 2 2 2 2 2 2 2 2 2 2 2 2 2 2 2 2 2 2 2 2 2 2 2 2 2 2 2 2 2 2 2 2 2 2 2 2 2 2
left_child=14 4 7 13 10 9 31 25 -8 51 17 22 26 15 -1 16 -4 21 -9 -11 38 35 44 34 -25 29 28 -28 -13 52 -31 -7 36 39 -24 -2 -15 -35 -14 -20 45 -42 -27 46 53 -19 -12 -22 -17 -48 -45 -5 -3 -6
right_child=1 2 3 5 11 6 8 18 -10 19 43 12 20 32 -16 48 -18 40 33 -21 47 -23 23 24 -26 42 27 -29 -30 30 -32 -33 -34 37 -36 -37 -38 -39 -40 -41 41 -43 -44 50 -46 -47 49 -49 -50 -51 -52 -53 -54 -55
leaf_value=-0.13223387591136437 2.4580554440841595 0.003640254632650549 0.51183088839054702 -0.082221370068244204 0.72776631070835296 -0.14014729315930158 0.04449574907558225 -0.072787176335939299 0.20325082569137123 0.00058972664744593427 1.7916260477072052 -0.010422000331347939 0.41507881977395999 0.23139134294057062 -0.13223387591136437 0.20250766992752112 0.32167630473187736 0.27456454647658052 0.031345821090564475 0.040798058414195461 0.26232906840305997 -0.15947821292195571 2.904716156565307 0.43437950984312618 1.0030511185468076 0.17986677011881008 0.13702605917456945 0.047902538730416805 1.8812559491946097 -0.029002649089286067 0.25025244115201961 0.018581788783972444 0.22869250757331688 -0.045794035633049263 0.29752698676857731 3.652389710698063 0.059209003696276408 -0.0064872869874077069 0.33765827227254258 -0.016203484693978414 0.23775095121119771 1.4600784407557179 0.075927962460686088 0.71173248873439021 0.23087639739900145 0.46698201860459748 0.48211516611884653 0.14365910717442684 0.028922348790945088 6.7989463443979545 0.1207666519482197 -0.027543879783896649 0.036036064015827179 0.14128014015511839
leaf_weight=80356 362 5469 1874 1327 289 2294 26952 5658 14980 22080 169 1510 40 479 12599 469 3427 171 946 11293 1031 39 257 52 77 73 5609 2169 17 17169 53 4284 957 20398 393 77 9591 2943 1761 2638 373 76 208 51 688 916 949 1836 1649 18 529 9484 1294 71
leaf_count=80356 362 5469 1874 1327 289 2294 26952 5658 14980 22080 169 1510 40 479 12599 469 3427 171 946 11293 1031 39 257 52 77 73 5609 2169 17 17169 53 4284 957 20398 393 77 9591 2943 1761 2638 373 76 208 51 688 916 949 1836 1649 18 529 9484 1294 71
internal_value=-0.000729466 0.000500952 0.000194684 0.000729541 0.00313344 0.00048089 0.000892889 -0.000850353 0.00109278 2.77629e-05 0.00534756 0.00260825 0.0023271 0.00197709 -0.00321195 0.00281477 0.00343095 0.00685076 -0.00125139 0.000298085 0.00353668 0.0102298 0.00473717 0.0067195 0.0130149 -0.000310412 0.00171628 0.00203857 5.18681e-05 -0.000361313 -0.000632639 -0.00037607 0.00141017 -0.00104749 0.0053991 0.011207 0.00121125 -0.0011974 0.00489348 -6.15176e-05 0.00577082 0.00353013 0.00389802 0.00356029 0.00322581 0.00666059 0.00446724 0.00267093 0.00125542 0.00378408 0.00171998 -0.00080347 0.000324517 0.00544089
internal_weight=280474 187519 167989 111140 19530 92694 48510 56849 41932 44184 3730 15800 13973 18446 92955 7419 5301 2014 32583 33373 4668 478 1827 779 129 24266 9305 7778 1527 23985 17222 6578 11027 26925 650 439 10070 23341 1801 3584 1536 449 281 1716 1048 1087 1136 2867 2118 967 580 10811 6763 360
internal_count=280474 187519 167989 111140 19530 92694 48510 56849 41932 44184 3730 15800 13973 18446 92955 7419 5301 2014 32583 33373 4668 478 1827 779 129 24266 9305 7778 1527 23985 17222 6578 11027 26925 650 439 10070 23341 1801 3584 1536 449 281 1716 1048 1087 1136 2867 2118 967 580 10811 6763 360
is_linear=0
shrinkage=0.034459


end of trees

feature_importances:
bb_width=54
return_1d=50
volume_lag_7d=47
autocorr_1d=43
market_volume_mean_30d=42
volume_log_change_7d=40
return_3d=36
volume_zscore_30d=33
bb_lower=31
market_return_7d=31
bb_pct_b=28
log_return_1d=25
return_7d=23
market_return_14d=23
price_zscore_30d=21
rsi_14=21
price_lag_1d=20
price_log=20
price_std_7d=19
volume_lag_1d=18
market_return_30d=18
price_std_60d=16
volume_log_change_1d=16
return_14d=14
return_30d=14
macd_line=14
price_max_14d=13
volume_price_conf_7d=11
return_60d=10
vol_regime_60_30=10
volume_std_60d=10
market_return_1d=9
price_std_30d=8
market_volatility_30d=8
price_max_60d=7
log_return_7d=7
autocorr_7d=7
volume_std_30d=7
market_regime_duration_days=7
price_std_14d=6
macd_signal=5
macd_histogram=5
market_return_30d_percentile=4
trend_divergence_30_60=3
price_accel_7d=3
price_std_20d=2
volume_price_conf_1d=2
macd_missing=2
market_regime_mania=1

parameters:
[boosting: gbdt]
[objective: quantile]
[metric: quantile]
[tree_learner: serial]
[device_type: cpu]
[data_sample_strategy: bagging]
[data: ]
[valid: ]
[num_iterations: 1000]
[learning_rate: 0.034459]
[num_leaves: 55]
[num_threads: -1]
[seed: 57]
[deterministic: 0]
[force_col_wise: 0]
[force_row_wise: 0]
[histogram_pool_size: -1]
[max_depth: 7]
[min_data_in_leaf: 15]
[min_sum_hessian_in_leaf: 0.001]
[bagging_fraction: 0.7]
[pos_bagging_fraction: 1]
[neg_bagging_fraction: 1]
[bagging_freq: 5]
[bagging_seed: 30554]
[bagging_by_query: 0]
[feature_fraction: 0.8]
[feature_fraction_bynode: 1]
[feature_fraction_seed: 30558]
[extra_trees: 0]
[extra_seed: 6244]
[early_stopping_round: 0]
[early_stopping_min_delta: 0]
[first_metric_only: 0]
[max_delta_step: 0]
[lambda_l1: 1]
[lambda_l2: 1]
[linear_lambda: 0]
[min_gain_to_split: 0.1]
[drop_rate: 0.1]
[max_drop: 50]
[skip_drop: 0.5]
[xgboost_dart_mode: 0]
[uniform_drop: 0]
[drop_seed: 23688]
[top_rate: 0.2]
[other_rate: 0.1]
[min_data_per_group: 100]
[max_cat_threshold: 32]
[cat_l2: 10]
[cat_smooth: 10]
[max_cat_to_onehot: 4]
[top_k: 20]
[monotone_constraints: ]
[monotone_constraints_method: basic]
[monotone_penalty: 0]
[feature_contri: ]
[forcedsplits_filename: ]
[refit_decay_rate: 0.9]
[cegb_tradeoff: 1]
[cegb_penalty_split: 0]
[cegb_penalty_feature_lazy: ]
[cegb_penalty_feature_coupled: ]
[path_smooth: 0]
[interaction_constraints: ]
[verbosity: -1]
[saved_feature_importance_type: 0]
[use_quantized_grad: 0]
[num_grad_quant_bins: 4]
[quant_train_renew_leaf: 0]
[stochastic_rounding: 1]
[linear_tree: 0]
[max_bin: 63]
[max_bin_by_feature: ]
[min_data_in_bin: 3]
[bin_construct_sample_cnt: 200000]
[data_random_seed: 224]
[is_enable_sparse: 1]
[enable_bundle: 1]
[use_missing: 1]
[zero_as_missing: 0]
[feature_pre_filter: 0]
[pre_partition: 0]
[two_round: 0]
[header: 0]
[label_column: ]
[weight_column: ]
[group_column: ]
[ignore_column: ]
[categorical_feature: ]
[forcedbins_filename: ]
[precise_float_parser: 0]
[parser_config_file: ]
[objective_seed: 6962]
[num_class: 1]
[is_unbalance: 0]
[scale_pos_weight: 1]
[sigmoid: 1]
[boost_from_average: 1]
[reg_sqrt: 0]
[alpha: 0.9]
[fair_c: 1]
[poisson_max_delta_step: 0.7]
[tweedie_variance_power: 1.5]
[lambdarank_truncation_level: 30]
[lambdarank_norm: 1]
[label_gain: ]
[lambdarank_position_bias_regularization: 0]
[eval_at: ]
[multi_error_top_k: 1]
[auc_mu_weights: ]
[num_machines: 1]
[local_listen_port: 12400]
[time_out: 120]
[machine_list_filename: ]
[machines: ]
[gpu_platform_id: -1]
[gpu_device_id: -1]
[gpu_use_dp: 0]
[num_gpu: 1]

end of parameters

pandas_categorical:[]
