tree
version=v4
num_class=1
num_tree_per_iteration=1
label_index=0
max_feature_idx=19
objective=quantile
feature_names=event_decay_major event_density_30d_major event_density_90d_major event_decay_operation event_density_30d_operation event_density_90d_operation event_decay_case_drop event_density_30d_case_drop event_density_90d_case_drop event_decay_update event_density_30d_update event_density_90d_update event_decay_game_update event_density_30d_game_update event_density_90d_game_update event_decay_major_weighted event_decay_operation_weighted event_decay_case_drop_weighted event_decay_update_weighted event_decay_game_update_weighted
feature_infos=[0.031220927834510803:0.98347145318984985] [0:2] [0:3] [1.5229979055675358e-08:0.95349693298339844] [0:1] [0:1] [0:0.93106275796890259] [0:1] [0:3] none none none [0:0.86687791347503662] [0:2] [0:3] [0:0.98347145318984985] [0:0.95349693298339844] [0:0.93106275796890259] none [0:0.26006338000297546]
tree_sizes=4214 4434 4436 4447 4461 4446 4432 4437 4456

Tree=0
num_leaves=39
num_cat=0
split_feature=16 0 6 3 3 19 16 3 14 0 6 3 3 3 0 8 19 3 6 16 8 3 0 3 16 0 3 3 0 19 0 0 19 3 6 0 12 3
split_gain=103.709 125.245 111.09 63.4727 267.253 59.0707 38.0449 35.4179 23.4752 33.9022 31.8233 24.2872 36.8994 22.5272 22.4975 17.7893 22.5094 16.2655 15.7161 26.7234 52.8984 14.6111 13.7191 30.463 14.9756 12.2624 7.82898 7.79698 7.75313 7.31907 9.64827 9.14883 6.66314 6.02421 16.7736 4.72012 3.88373 3.48083
threshold=7.2818412633068887e-08 0.21403152495622638 1.0683850177883871e-06 0.0011852378374896946 0.0049456821288913497 0.028479612432420257 1.4625969129156149e-06 0.001503865350969136 2.5000000000000004 0.54427608847618114 1.0000000180025095e-35 0.0011852378374896946 0.018762275576591495 0.39522977173328405 0.17523419857025149 1.5000000000000002 0.0044461814686656007 2.4696917932942602e-07 0.091426536440849318 0.0043599400669336328 1.5000000000000002 0.015508248005062343 0.44561558961868292 0.058833142742514617 0.0036037757527083163 0.17523419857025149 0.15248806774616244 0.6673247516155244 0.52643263339996349 5.6753237664963771e-09 0.17523419857025149 0.14588082581758502 1.271341852771002e-05 6.1887472838861881e-05 0.0075047470163553962 0.10988745093345643 2.9039931348506801e-08 0.0038978287484496836
decision_type=2 2 2 2 2 2 2 2 2 2 2 2 2 2 2 2 2 2 2 2 2 2 2 2 2 2 2 2 2 2 2 2 2 2 2 2 2 2
left_child=8 2 3 5 7 14 29 -5 9 10 11 17 -13 18 -2 16 27 -1 22 20 -20 33 23 -3 -24 -6 37 -15 -18 31 -31 -4 -21 -11 -35 -7 -23 -12
right_child=1 13 6 4 25 35 -8 -9 -10 21 26 12 -14 15 -16 -17 28 -19 19 32 -22 36 24 -25 -26 -27 -28 -29 -30 30 -32 -33 -34 34 -36 -37 -38 -39
leaf_value=14.723776145475483 14.415938716803122 14.571916898001954 16.263537926397373 15.047703600711795 14.574344095566687 14.478788858840852 14.723776145475483 15.7778039966446 14.06716047523088 14.32802745491607 14.917187187800625 16.16647918649452 14.389702584261403 14.64821933880123 14.915793237524957 14.48188998396388 15.581231690751542 14.235323243081277 15.148730461998596 14.261319957324579 14.71327672998572 14.842318440634616 14.600069724204575 14.809236828815695 14.404830431100027 14.896346471401227 14.576783781905677 14.948973263443897 15.311745683864421 16.193699949392972 16.05091092668188 15.045322027522575 14.595663552772654 14.870768551100145 14.411669055435608 15.045322027522575 14.203925087170614 15.403700813617037
leaf_weight=6212.5148097872734 12401.411140322685 17370.80719190836 3732.2673030495644 430.40214908123016 6770.6071152091026 189.34745973348618 1233.6253790259361 2372.5168110728264 10479.409441292286 6581.3210787773132 18818.780164659023 4165.5817934274673 6774.7812415361404 2833.1684473752975 2113.5298068523407 2303.5943674445152 498.27393746376038 18954.237371921539 3275.8260017037392 1946.059199988842 15146.985210597515 713.15372204780579 26037.160292685032 6375.4268932342529 19573.760123610497 1577.3708463311195 4771.8620023131371 2090.92538022995 1489.4543703794479 1267.5864595174789 722.29437965154648 691.78248554468155 12802.307790398598 6731.5124658942223 17678.755017518997 3194.0732712745667 24570.928822934628 2294.8686223626137
leaf_count=5700 11940 14377 3374 494 5853 198 1325 2538 11746 6309 20919 5051 8493 2403 1999 2261 434 19384 2813 2156 13019 868 23415 5282 16846 1123 5702 1702 1370 1140 652 644 11675 7853 20580 3157 29615 2748
internal_value=14.6342 14.635 14.6372 14.636 14.6386 14.6343 14.6419 14.6503 14.6332 14.6334 14.6341 14.6333 14.635 14.6342 14.6331 14.6363 14.6374 14.6325 14.634 14.6348 14.6359 14.6326 14.6337 14.6345 14.6332 14.6346 14.6353 14.6358 14.6414 14.6433 14.6455 14.6423 14.6334 14.6333 14.6336 14.6396 14.6319 14.6357
internal_weight=277188 148441 36696.8 29049.3 11150.9 17898.4 7647.56 2802.92 128748 118268 61992.6 36107.1 10940.4 111744 14514.9 9215.42 6911.82 25166.8 102528 33171.2 18422.8 56275.7 69357.2 23746.2 45610.9 8347.98 25885.5 4924.09 1987.73 6413.93 1989.88 4424.05 14748.4 30991.6 24410.3 3383.42 25284.1 21113.6
internal_count=277158 132190 34437 27302 10008 17294 7135 3032 144968 133222 67997 38628 13544 97753 13939 8170 5909 25084 89583 29663 15832 65225 59920 19659 40261 6976 29369 4105 1804 5810 1792 4018 13831 34742 28433 3355 30483 23667
is_linear=0
shrinkage=1


Tree=1
num_leaves=39
num_cat=0
split_feature=16 15 2 17 15 3 3 19 16 3 3 15 3 16 1 16 3 3 19 15 14 16 17 3 16 3 3 15 14 19 3 3 3 3 14 3 3 19
split_gain=93.4219 209.866 111.098 78.6332 61.8349 50.3978 231.917 50.1187 45.2469 30.2383 26.305 55.3922 27.742 19.2253 21.3469 28.2523 33.9871 18.6994 18.6418 15.0179 10.5467 10.4806 9.95909 9.73562 8.85789 8.7369 7.23856 6.57271 6.4909 5.83915 5.12095 17.2043 8.09402 4.79979 4.37253 4.31869 3.3078 2.95978
threshold=7.2818412633068887e-08 0.06305538117885591 1.0000000180025095e-35 5.2840630360151419e-07 0.5149209499359132 0.0011852378374896946 0.0049456821288913497 0.028479612432420257 1.4625969129156149e-06 0.001503865350969136 1.1145458302053159e-05 0.15252777934074405 0.0030719864880666141 9.6610725449863835e-05 1.0000000180025095e-35 0.0036037757527083163 0.0059834124986082324 0.015508248005062343 0.043718000873923309 0.06968697160482408 2.5000000000000004 1.4625969129156149e-06 0.31108593940734869 0.10418143495917322 1.0000000180025095e-35 0.033224143087863929 0.02269908040761948 0.11489439383149148 2.5000000000000004 5.6753237664963771e-09 0.00034364305611234164 6.1887472838861881e-05 0.0059834124986082324 1.3946797139396952e-07 2.5000000000000004 0.12604136019945147 3.5543596368370349e-06 5.5803793586051149e-08
decision_type=2 2 2 2 2 2 2 2 2 2 2 2 2 2 2 2 2 2 2 2 2 2 2 2 2 2 2 2 2 2 2 2 2 2 2 2 2 2
left_child=1 24 3 5 10 7 9 21 29 -7 19 12 -12 -4 18 16 -16 30 22 20 -3 -2 -15 -17 -1 -13 -8 -21 33 -5 31 -6 -32 -26 -9 -19 -31 -10
right_child=2 4 13 8 17 6 26 34 37 -11 11 25 -14 14 15 23 -18 35 -20 27 -22 -23 -24 -25 28 -27 -28 -29 -30 36 32 -33 -34 -35 -36 -37 -38 -39
leaf_value=-0.62032960925022596 -0.014149161184434029 4.1380139679112045 -0.11379675504907191 1.3445815836004216 -0.31828756869431934 0.39531999628734638 -0.13980491246567731 0.39304344502977118 0.19617470685113014 1.0932246342972989 0.67493886803294412 0.66891208039245065 4.5934589473498759 0.16624550489799825 -0.01386236200126709 -0.20697455254839678 0.32442995394214419 -0.38711284991855849 -0.3649667646937923 0.34066383919367899 -0.51008532605915702 -0.39780464034658641 -0.11162542799472695 -0.012247615081510621 -0.21451868164656998 0.14547670601078108 0.14488178181744341 -0.011401596149379358 -0.57078161810424954 1.3529751725797114 -0.14789336669343972 0.62367262006793012 0.24643261568718822 0.14288960550002328 -0.14850690641783887 -0.13026134153409605 1.5910026327821423 -0.25197673211382049
leaf_weight=45777.752837598324 11316.169333875179 967.79954206943512 26347.227477252483 4443.3467059135437 2068.0793786048889 430.40214908123016 3934.1482186317444 3194.0732712745667 822.92824244499207 2372.5168110728264 777.86672228574753 8677.2824976444244 1368.0660440325737 24507.895300626755 17439.680228531361 18049.202910780907 7395.6221807599068 9794.5592838525772 2383.4650094509125 5357.4935356378555 273.30897670984268 3682.5155501365662 2237.5324168801308 12191.786455452442 5817.7315263152122 5472.167266368866 4681.426829457283 10998.832930088043 3906.7209881544113 704.11345535516739 10172.379321753979 3543.0194375514984 5083.5742666721344 1252.568866610527 189.34745973348618 7438.5031325221062 1285.767383813858 831.39642316102982
leaf_count=54713 10273 692 23194 4043 2329 494 3205 3157 876 2538 802 9864 1673 21065 14879 15547 6393 11552 2180 6181 344 4109 2150 11210 4295 6654 3951 11430 3942 652 10722 3948 5985 1079 198 8763 1140 936
internal_value=-1.69761e-05 -0.000886252 0.000736978 0.00279769 0.000694534 0.00175101 0.0040518 0.000321681 0.00665375 0.0150677 0.00206475 0.00334135 0.0099417 3.07183e-05 0.000356006 -0.000154613 0.000947473 -0.000524393 0.00132145 0.000882475 0.00555713 -0.000772032 0.00165449 -0.0010597 -0.00289144 0.0023397 0.000466662 0.000527447 -0.00176614 0.00832613 0.000363409 0.00150237 -5.5567e-05 -0.00096881 0.0051689 -0.00159937 0.0103156 0.000149167
internal_weight=277188 128748 148441 37888.2 71992.9 29800.6 11418.5 18382.1 8087.55 2802.92 33892.8 16295.4 2145.93 110552 84205.2 55076.3 24835.3 38100.1 29128.9 17597.4 1241.11 14998.7 26745.4 30241 56754.8 14149.4 8615.58 16356.3 10977 6433.23 20867.1 5611.1 15256 7070.3 3383.42 17233.1 1989.88 1654.32
internal_count=277158 144968 132190 35572 80939 27925 10188 17737 7647 3032 37640 18993 2475 96618 73424 48029 21272 43299 25395 18647 1036 14382 23215 26757 64029 16518 7156 17611 9316 5835 22984 6277 16707 5374 3355 20315 1792 1812
is_linear=0
shrinkage=0.0440977


Tree=2
num_leaves=39
num_cat=0
split_feature=16 0 17 3 3 13 12 3 14 0 0 0 3 0 3 12 8 19 3 17 16 8 0 16 0 17 0 0 19 3 3 19 0 0 12 3 0 17
split_gain=86.9212 86.3476 74.8171 46.2221 189.565 49.3506 25.3473 23.1674 21.0249 28.4718 22.8022 18.2963 16.9699 14.8102 33.8218 22.893 14.3464 18.0904 13.3395 13.0036 21.605 43.8308 12.2798 31.5387 10.8027 8.11302 6.81984 6.60366 6.49975 5.86678 5.39447 5.21877 8.53704 6.27048 3.67108 3.34222 2.78065 2.63235
threshold=7.2818412633068887e-08 0.21403152495622638 5.2840630360151419e-07 0.0011852378374896946 0.0049456821288913497 1.0000000180025095e-35 1.0504471603667299e-07 0.001503865350969136 2.5000000000000004 0.54427608847618114 0.059310715645551688 0.17523419857025149 0.39522977173328405 0.12144441530108453 0.0030719864880666141 6.0329932161096175e-09 1.5000000000000002 0.0044461814686656007 0.015508248005062343 0.045218115672469146 0.0043599400669336328 1.5000000000000002 0.37097080051898962 0.024209473282098774 0.17523419857025149 4.123358485230711e-05 0.52643263339996349 0.10988745093345643 1.271341852771002e-05 0.6673247516155244 0.0059834124986082324 5.6753237664963771e-09 0.14588082581758502 0.17523419857025149 2.9039931348506801e-08 0.00034364305611234164 0.091480273753404631 0.31108593940734869
decision_type=2 2 2 2 2 2 2 2 2 2 2 2 2 2 2 2 2 2 2 2 2 2 2 2 2 2 2 2 2 2 2 2 2 2 2 2 2 2
left_child=8 2 3 5 7 11 31 -5 9 10 -1 -2 19 14 -12 -15 17 29 30 22 21 -21 23 -3 -6 -24 -19 -7 -22 -14 35 32 -4 -33 -20 -11 -10 -18
right_child=1 12 6 4 24 27 -8 -9 36 18 13 -13 16 15 -16 -17 37 26 34 20 28 -23 25 -25 -26 -27 -28 -29 -30 -31 -32 33 -34 -35 -36 -37 -38 -39
leaf_value=-0.60039008552506845 -0.21510776881608401 -0.032376427027084473 1.4840422280809094 0.37788728843862857 -0.062814016646956877 0.0090379299477137669 -0.00012454061842950587 1.0450159278273292 -0.59297449200463115 -0.099359645675044558 0.11441655761208537 0.26707515592343939 0.0061210302084703299 -0.27926230840238514 3.6576304420096739 0.12249196056046387 -0.023273255121173009 0.89941379989452708 0.20842286045599379 0.477585184924679 -0.33512988586347792 0.06874102203834162 -0.22152681355665638 0.19826361077018809 0.24424841499389405 -0.05524889371487627 0.64825851918238109 0.35127750855113837 -0.03367836017097732 0.2954056078637125 0.037165872201289904 1.4311174153380024 0.29260181336465957 1.1461853013991548 -0.400205841245456 -0.31418178442872735 -0.28541926358568304 -0.27806908883756393
leaf_weight=4524.5344252586365 11935.518523097038 15438.029378533363 3777.0361512303352 430.40214908123016 6770.6071152091026 573.42114752531052 1032.7614589333534 2372.5168110728264 7144.5544589757919 11379.803381443024 14120.058010935783 1990.5355842709541 2833.1684473752975 19060.716051757336 1489.3747724890709 22797.942745566368 1630.4329470992088 498.27393746376038 713.15372204780579 3282.7728919386864 2044.8594166636467 15197.157195627689 13240.999259233475 2897.3915683031082 1577.3708463311195 37624.815203428268 1489.4543703794479 3379.5895059704781 12802.307790398598 2090.92538022995 7784.6981520056725 1267.5864595174789 726.51693671941757 862.95191770792007 24570.928822934628 11827.087028741837 3334.854982316494 673.1614203453064
leaf_count=4802 11437 12161 3432 494 5853 595 1092 2538 8174 11919 14508 1891 2403 20260 1848 26579 1573 434 868 2822 2284 13084 12636 2312 1123 32609 1370 3346 11675 1702 9377 1140 689 807 29615 13446 3572 688
internal_value=-6.03535e-05 0.000666897 0.0025228 0.00149942 0.00372739 0.000109746 0.00639703 0.0136478 -0.00089884 -0.000731081 -7.91785e-05 -0.00112466 5.73984e-05 0.000158149 0.00131737 -0.000274154 0.00186992 0.00287429 -0.0014492 -0.000105531 0.000610081 0.00161643 -0.000450171 0.000528224 0.000395276 -0.000802853 0.00642406 0.00445761 -0.000642528 0.00144032 -0.000835918 0.00739731 0.00654323 0.00919876 -0.00220085 -0.00117287 -0.00279188 -0.00114357
internal_weight=277188 148441 36696.8 29030 11150.9 17879.1 7666.85 2802.92 128748 118268 61992.6 13926.1 111744 57468.1 15609.4 41858.7 9215.42 6911.82 56275.7 102528 33327.1 18479.9 69201.2 18335.4 8347.98 50865.8 1987.73 3953.01 14847.2 4924.09 30991.6 6634.09 4503.55 2130.54 25284.1 23206.9 10479.4 2303.59
internal_count=277158 132190 34437 27277 10008 17269 7160 3032 144968 133222 67997 13328 97753 63195 16356 46839 8170 5909 65225 89583 29865 15906 59718 14473 6976 45245 1804 3941 13959 4105 34742 6068 4121 1947 30483 25365 11746 2261
is_linear=0
shrinkage=0.0440977


Tree=3
num_leaves=39
num_cat=0
split_feature=16 15 0 6 0 16 16 13 0 16 0 5 16 0 16 8 19 16 19 0 15 6 13 16 0 0 6 19 0 6 16 19 16 19 0 0 17 19
split_gain=77.401 195.931 73.698 68.4777 52.8377 37.5977 132.062 44.2829 31.1399 21.9631 16.9894 14.8755 13.7402 25.9851 19.7497 32.0437 14.178 11.2049 9.92525 9.47309 14.384 22.3258 16.7061 9.22186 8.24776 8.24708 6.62568 5.8441 5.78419 4.68805 4.52291 6.31978 3.73345 3.60489 6.58684 5.96063 2.57637 2.31213
threshold=7.2818412633068887e-08 0.05249301344156266 0.21403152495622638 1.0683850177883871e-06 0.54427608847618114 0.00033321403316222137 0.0013904134393669667 1.0000000180025095e-35 0.06777025014162065 1.4625969129156149e-06 0.17523419857025149 1.0000000180025095e-35 9.6610725449863835e-05 0.58179801702499401 0.0036037757527083163 1.5000000000000002 0.037898167967796333 0.024209473282098774 0.010477063711732628 0.059310715645551688 0.11489439383149148 4.1507582864142031e-06 1.0000000180025095e-35 1.0000000180025095e-35 0.30882969498634344 0.17523419857025149 0.0075047470163553962 0.00080072306445799779 0.10988745093345643 0.0012583752977661791 7.5092231099915818e-07 3.5744616866395523e-07 4.1121879235106469e-08 5.6753237664963771e-09 0.14588082581758502 0.17523419857025149 0.00040543774957768624 5.5803793586051149e-08
decision_type=2 2 2 2 2 2 2 2 2 2 2 2 2 2 2 2 2 2 2 2 2 2 2 2 2 2 2 2 2 2 2 2 2 2 2 2 2 2
left_child=1 23 3 5 19 7 8 10 -7 33 -2 26 24 16 15 -15 18 -16 -14 -3 22 -22 -21 -1 30 -8 29 32 -9 -6 -4 -32 -25 34 -5 -35 -26 -11
right_child=2 4 12 9 11 6 25 28 -10 37 -12 -13 13 14 17 -17 -18 -19 -20 20 21 -23 -24 27 36 -27 -28 -29 -30 -31 31 -33 -34 35 -36 -37 -38 -39
leaf_value=-0.56682567287597563 -0.20466748902386769 -0.56682567287597563 0.27816584675509415 1.4328029666728039 0.016551367098844992 0.36330259269848902 -0.006740666937406414 0.0086393779042670104 0.95539841642788237 0.17197547923543219 0.25529775227427037 -0.23852432973481913 0.11136191729479021 0.22387901600522525 -0.20728088696943989 -0.10321025137370823 -0.38769002518884127 -0.010200496245160449 0.49654403085556237 1.1377551011564671 0.011813288669036434 0.54305503198895433 -0.065532862021554145 -0.20457586807524941 -0.19425790614624322 0.2334776184212714 -0.058121425744682959 -0.52097400358405921 0.33578697369859245 0.50640521414866235 -0.051779985062102456 0.33660132545014998 0.11336999514728316 1.3680084098915251 0.3208474010094774 1.2335844445347652 -0.08110198209326154 -0.29230335090127613
leaf_weight=44513.895040154457 11808.426895499229 645.70858579874039 974.87066030502319 3732.2673030495644 3107.8182751536369 661.61083602905273 6937.451537668705 573.42114752531052 2120.8522465825081 815.98135221004486 1990.5355842709541 17499.666311562061 20626.693388938904 14076.168160796165 16792.482428491116 11637.270002424717 1780.6429408788681 15722.112995803356 3835.0960416197777 6987.9659752845764 12948.674697756767 13838.921251237392 1751.8290181159973 5802.293992459774 13112.937313973904 1577.3708463311195 13018.308132767677 3876.6177971363068 3379.5895059704781 3457.8978855609894 6009.7282472252846 1767.524181842804 1298.1095914840698 1267.5864595174789 691.78248554468155 722.29437965154648 5408.2228447198868 417.64402681589127
leaf_count=53334 11286 736 922 3374 3536 767 6031 595 2263 867 1891 20665 17684 11872 14349 10153 1619 14440 3484 7351 14216 15527 2209 4275 11496 1123 14206 3903 3346 3872 5009 1853 1138 1140 644 652 4872 458
internal_value=-9.50017e-05 -0.000886239 0.000591267 0.00230585 0.000610979 0.00132835 0.00331691 6.27225e-05 0.0116555 0.00601822 -0.00111615 -0.000558692 2.81809e-05 0.000306036 -0.0002132 0.000700035 0.00145811 -0.000935411 0.00173467 0.00181008 0.00190631 0.00139939 0.00345968 -0.00286278 -0.000832368 0.000590974 0.000276188 -0.00171775 0.00417712 0.00141821 0.000283171 -7.19005e-05 -0.000965694 0.00705448 0.00634977 0.00861727 -0.0013595 0.000629062
internal_weight=277188 128748 148441 36696.8 73256.8 29049.3 11297.3 17752 2782.46 7647.56 13799 37083.7 111744 84470.5 58228 25713.4 26242.4 32514.6 24461.8 36173.1 35527.4 26787.6 8739.79 55490.9 27273.3 8514.82 19584 10977 3953.01 6565.72 8752.12 7777.25 7100.4 6413.93 4424.05 1989.88 18521.2 1233.63
internal_count=277158 144968 132190 34437 82318 27302 10184 17118 3030 7135 13177 42279 97753 73601 50814 22025 22787 28789 21168 40039 39303 29743 9560 62650 24152 7154 21614 9316 3941 7408 7784 6862 5413 5810 4018 1792 16368 1325
is_linear=0
shrinkage=0.0440977


Tree=4
num_leaves=39
num_cat=0
split_feature=16 2 17 3 3 19 0 0 0 0 3 0 3 16 0 3 8 19 3 3 3 19 13 0 0 3 19 3 0 19 3 3 0 0 17 0 16 0
split_gain=71.2677 66.4527 49.4724 31.6321 133.417 34.8425 27.9018 25.9132 17.9256 23.4415 21.1952 18.3931 16.211 15.0163 22.7365 17.7741 26.6309 13.4037 12.8065 11.3121 10.9135 8.94127 8.28297 12.0736 7.09776 5.60771 4.74931 4.64263 4.50664 5.49594 3.6501 3.42223 3.26528 2.97238 2.45135 2.36222 2.22307 1.81926
threshold=7.2818412633068887e-08 1.0000000180025095e-35 5.2840630360151419e-07 0.0011852378374896946 0.0049456821288913497 0.032853083685040481 0.19366373121738437 0.17523419857025149 0.059310715645551688 0.54427608847618114 1.1145458302053159e-05 0.37097080051898962 0.001503865350969136 9.6610725449863835e-05 0.58179801702499401 0.012818581890314819 1.5000000000000002 0.037898167967796333 0.10418143495917322 0.018762275576591495 0.018762275576591495 0.010477063711732628 1.0000000180025095e-35 0.21403152495622638 0.17523419857025149 0.033224143087863929 2.8255772721585975e-10 0.0059834124986082324 0.30882969498634344 3.5744616866395523e-07 0.00034364305611234164 0.12604136019945147 0.10988745093345643 0.091480273753404631 0.00040543774957768624 0.56272441148757946 5.3805933930561888e-07 0.17523419857025149
decision_type=2 2 2 2 2 2 2 2 2 2 2 2 2 2 2 2 2 2 2 2 2 2 2 2 2 2 2 2 2 2 2 2 2 2 2 2 2 2
left_child=8 2 3 5 12 7 26 -2 -1 10 22 20 -5 28 17 16 -16 21 -17 27 -12 -15 23 -10 -6 -13 36 30 29 -3 -11 -21 -7 -24 -30 -36 -4 -28
right_child=1 13 6 4 24 32 -8 -9 9 19 11 25 -14 14 15 18 -18 -19 -20 31 -22 -23 33 -25 -26 -27 37 -29 34 -31 -32 -33 -34 -35 35 -37 -38 -39
leaf_value=-0.54182995687577284 -0.17867825481171346 -0.046155689891357134 0.34815258557296658 0.34520250957685439 -0.045870603955654274 -0.14273762029221154 -0.114292532246363 0.26589936900159333 0.0069076133198034146 -0.099384683498503573 0.96565912278927324 0.081400423986974807 0.95680222964031003 0.10324279132868661 0.19767468218326101 -0.21130816909069802 -0.095178867363338582 -0.37059378161793283 0.013538582901610096 -0.4551298149836881 0.029406278504049119 0.4746475745537721 -0.54182995687577284 -0.31601961069583745 0.21976780637503229 -0.22183807803501882 1.3977765362724173 -0.0023730347485749837 -0.18569157669932704 0.32175797671198375 -0.30209502491742524 -0.25596126628334726 0.35792756371747086 -0.18543695073937055 0.10216310989238307 -0.14328900907184805 -0.17385759404196946 0.86486482904972906
leaf_weight=7037.6643940210342 12389.082990646362 6058.543136715889 795.81740170717239 430.40214908123016 6639.0578563809395 189.34745973348618 1304.4894095659256 2717.6637205481529 20010.398536741734 11379.803381443024 7600.0838366150856 9148.6733140945435 2372.5168110728264 20361.411932468414 14733.358757853508 18249.732852101326 11817.172227263451 1780.6429408788681 13427.76975029707 13575.683787882328 3885.8166063427925 3835.0960416197777 3735.6466897726059 8206.9753739237785 1976.5171917080879 6788.5483679771423 4874.2062990069389 8982.6218973994255 13112.937313973904 1767.524181842804 13843.137353897095 10510.475011706352 3086.0114440917969 4042.1780026555061 1467.0384891033173 3941.1843556165695 103.43147683143616 1009.6076235771179
leaf_count=7697 11918 4973 639 494 5741 198 1426 2571 21152 11919 8991 10645 2538 17507 12449 15765 10309 1619 12291 16352 4872 3484 4278 6834 1415 8228 4491 10856 11496 1853 15478 12652 3050 5014 1447 3425 134 957
internal_value=-0.00013308 0.000525438 0.00211919 0.00128898 0.00311176 0.000156607 0.00517778 -0.000737418 -0.000892321 -0.000767183 -0.000180442 0.000743159 0.011467 -2.07821e-05 0.000266702 -0.000217293 0.000624249 0.00135155 -0.000922631 -0.00140551 0.00208835 0.0016233 -0.000884093 -0.000532851 0.000392528 -0.000226383 0.00631351 -0.000889981 -0.000939549 -5.23032e-05 -0.00119656 -0.00213757 0.00427903 -0.00215814 -0.00131443 -0.000524337 0.00332324 0.00676988
internal_weight=277188 148441 37888.2 29800.6 11418.5 18382.1 8087.55 15106.7 128748 121710 63418.3 27423.1 2802.92 110552 84205.2 58228 26550.5 25977.2 31677.5 58291.7 11485.9 24196.5 35995.2 28217.4 8615.58 15937.2 6783.06 34205.6 26347.2 7826.07 25222.9 24086.2 3275.36 7777.82 18521.2 5408.22 899.249 5883.81
internal_count=277158 132190 35572 27925 10188 17737 7647 14489 144968 137271 70014 32736 3032 96618 73424 50814 22758 22610 28056 67257 13863 20991 37278 27986 7156 18873 6221 38253 23194 6826 27397 29004 3248 9292 16368 4872 773 5448
is_linear=0
shrinkage=0.0440977


Tree=5
num_leaves=39
num_cat=0
split_feature=16 15 2 0 16 0 16 0 12 0 16 0 2 0 5 5 0 14 15 16 19 0 0 12 0 16 19 12 0 12 19 8 12 15 16 12 15 15
split_gain=68.171 185.51 57.5056 47.0437 50.7008 62.2643 45.1758 39.7562 27.1208 27.0463 16.1253 21.5768 19.9513 19.7608 14.9687 12.9566 19.7298 12.5833 26.8045 12.4983 12.0277 11.9089 11.7582 8.23294 7.76783 7.24224 7.19086 6.48736 5.92587 5.09142 4.67506 4.14165 3.96919 4.5221 3.87979 3.14232 2.76041 2.66679
threshold=7.2818412633068887e-08 0.05249301344156266 1.0000000180025095e-35 0.059310715645551688 2.7624888332411507e-07 0.099430277943611159 1.4625969129156149e-06 0.52643263339996349 2.6037981493143297e-10 0.06777025014162065 9.6610725449863835e-05 0.54427608847618114 1.5000000000000002 0.37097080051898962 1.0000000180025095e-35 1.0000000180025095e-35 0.74704343080520641 2.5000000000000004 0.11489439383149148 0.029289240017533306 0.0078732755500823277 0.091480273753404631 0.074897710233926787 6.0329932161096175e-09 0.30882969498634344 1.0000000180025095e-35 2.251285786769586e-05 0.0026690770173445348 0.099430277943611159 0.0011326837702654304 3.5744616866395523e-07 1.5000000000000002 2.9039931348506801e-08 0.56907567381858837 0.13442813605070117 0.10951028019189836 0.094067573547363295 1.0000000180025095e-35
decision_type=2 2 2 2 2 2 2 2 2 2 2 2 2 2 2 2 2 2 2 2 2 2 2 2 2 2 2 2 2 2 2 2 2 2 2 2 2 2
left_child=1 25 3 26 8 9 -7 17 22 -6 24 12 13 -12 31 16 -13 18 21 -17 -14 -3 -5 -20 30 37 -2 -27 -10 34 -4 -9 33 -16 -28 -34 -19 -1
right_child=2 7 10 4 5 6 -8 14 28 -11 11 15 20 -15 32 19 -18 36 23 -21 -22 -23 -24 -25 -26 27 29 -29 -30 -31 -32 -33 35 -35 -36 -37 -38 -39
leaf_value=-0.51793649479288584 -0.34711432926539182 0.74156486327209081 -0.030491101808349567 0.19920145379386181 0.26577733319003444 0.77803428711824574 0.042274880333700977 0.1559259515061952 -0.11470478506467602 0.92728477302376733 0.12966022288840226 -0.095950234436085552 0.22088749679470093 -0.13647768217839096 -0.28727886009002351 -0.18745988391458815 0.15249914803504008 -0.47414603616707912 0.045928140224372242 0.020274038388029315 0.82340595154838259 1.510448086370769 -0.28349050638390355 0.38217429924252166 -0.17131064981229391 -0.093487863375525199 -0.12519759427082899 -0.49859378285693157 0.34147614560917794 -0.42350564477493158 0.27461289736417549 -0.083395151494506312 -0.17285038372327213 1.2479997675855528 0.22654317013092007 -0.4385594570896662 0.32370749846978253 -0.31308159003669489
leaf_weight=41268.906125605106 3550.6096017360687 4673.3840852379799 5995.6212185025215 1362.4072896242142 710.7193655371666 10191.327284157276 7705.7985034584999 13495.651261508465 603.00314480066299 2234.7957938313484 4738.9756484627724 13401.116153717041 7119.5525251626968 6263.8530641794205 213.40181481838226 18435.746205210686 15860.220539808273 1649.7066013216972 10724.441025495529 16217.780198633671 2010.8380080461502 2729.3211897015572 5434.4695648550987 14693.454135000706 18981.865136861801 6963.8172380924225 917.84361416101456 3881.3630573153496 3345.0390675067902 679.8322149515152 1789.5396540164948 6814.1128918528557 13343.280877232552 307.60604518651962 1054.3824898004532 4065.397475540638 333.50991344451904 3449.2520867586136
leaf_count=50142 3908 4531 4925 1298 814 9525 6644 14542 536 2367 3591 11185 6397 5908 258 16174 13627 2084 11475 14718 1727 3202 4744 16626 16509 5319 815 3892 3259 610 1882 7842 15738 358 973 4869 422 3485
internal_value=-0.000155069 -0.000898419 0.000488246 0.00197369 0.00266314 0.00393159 0.00295345 0.00056232 0.000202503 0.0098718 -1.83343e-05 0.000281864 0.00154072 0.000276101 -0.000419168 -0.000114695 0.000568557 0.00164068 0.0018468 -0.00069163 0.00306449 0.00418182 -0.00148595 0.00116661 -0.000960927 -0.00281867 -0.00153724 -0.00179608 0.00310896 0.000200105 0.000212066 0.000400586 -0.00134771 0.00244171 0.00133455 -0.00146125 -0.0017697 -0.00306663
internal_weight=277212 128607 148605 37790.2 31587.6 20842.6 17897.1 73043.3 10744.9 2945.52 110815 84048.1 20133.2 11002.8 38239.5 63914.9 29261.3 34803.8 32820.6 34653.5 9130.39 7402.71 6796.88 25417.9 26767 55563.3 6202.67 10845.2 3948.04 2652.06 7785.16 20309.8 17929.7 521.008 1972.23 17408.7 1983.22 44718.2
internal_count=276921 144785 132136 35493 29187 19350 16169 81947 9837 3181 96643 73327 17623 9499 43607 55704 24812 38340 35834 30892 8124 7733 6042 28101 23316 62838 6306 9211 3795 2398 6807 22384 21223 616 1788 20607 2506 53627
is_linear=0
shrinkage=0.0440977


Tree=6
num_leaves=39
num_cat=0
split_feature=16 15 2 0 3 0 16 0 0 12 3 15 16 0 2 0 3 3 3 3 0 19 3 12 3 0 0 16 3 12 3 12 3 3 3 0 19 0
split_gain=62.0944 174.061 47.4588 41.1977 48.1826 54.3891 38.6476 34.3767 23.8771 20.6946 20.5178 49.5964 14.6368 18.3 17.4305 19.6346 14.0006 11.7595 26.6003 12.916 11.7114 11.5323 8.06772 7.81782 31.7904 7.35263 7.24246 6.94034 6.80178 6.3202 5.35464 5.31237 4.91381 12.2601 6.42099 4.48986 4.18349 3.77276
threshold=7.2818412633068887e-08 0.05249301344156266 1.0000000180025095e-35 0.059310715645551688 9.3691906499771004e-07 0.099430277943611159 1.4625969129156149e-06 0.52643263339996349 0.06777025014162065 2.6037981493143297e-10 0.0024211175041273241 0.15252777934074405 9.6610725449863835e-05 0.54427608847618114 1.5000000000000002 0.34130960702896124 0.02269908040761948 0.012818581890314819 0.0059834124986082324 0.10418143495917322 0.074897710233926787 0.0090823350474238413 0.18448395282030108 0.0026690770173445348 7.8760091781759924e-08 0.08277477324008943 0.30882969498634344 1.0000000180025095e-35 0.32668325304985052 0.0026690770173445348 0.12604136019945147 0.0011326837702654304 0.00034364305611234164 6.1887472838861881e-05 0.0059834124986082324 0.099430277943611159 3.5744616866395523e-07 0.091480273753404631
decision_type=2 2 2 2 2 2 2 2 2 2 2 2 2 2 2 2 2 2 2 2 2 2 2 2 2 2 2 2 2 2 2 2 2 2 2 2 2 2
left_child=1 27 3 28 9 8 -7 10 -6 20 23 25 26 14 15 -14 32 18 -15 -19 -5 -16 -13 24 -3 -12 36 -1 -2 -29 -18 -30 33 -9 -34 -11 -4 -25
right_child=2 7 12 4 5 6 -8 16 -10 35 11 22 13 17 21 -17 30 19 -20 -21 -22 -23 -24 37 -26 -27 -28 29 31 -31 -32 -33 34 -35 -36 -37 -38 -39
leaf_value=-0.49509667975011123 -0.34837865575234789 3.9781215129199925 -0.029146513943322596 0.2100786958507157 0.25405716055564675 0.76285624066454583 0.040410654781950106 -0.21052359004964488 0.87743359545727362 -0.10964656634145968 0.047930423606907475 0.58582837598950488 0.15060787121901681 -0.042874681689793734 0.22618007016545502 -0.10170510162339014 -0.33294222736369378 -0.16837603385049682 0.22687974606032404 0.034915358054967351 -0.27088328174085041 0.84063206272854807 0.04932427696680261 -0.4627849935501045 0.18054559908236864 3.7554753763198128 -0.16375624189567284 -0.089365262381565433 0.13381802628345213 -0.47660693717909725 -0.079305158985212065 -0.39954455990773763 -0.13737356562921615 0.53267197857875648 0.17064381868482612 0.31901187310042395 0.26250309655420107 0.015616179934580126
leaf_weight=44718.15821236372 3608.3132541179657 569.3187797665596 5995.6212185025215 1377.0729467868805 710.7193655371666 10073.230150163174 7705.7985034584999 2084.0273723006248 2191.5706990361214 607.63440495729446 134.63168233633041 4441.226890206337 3348.2331434488297 18894.096105098724 7505.449717104435 7654.5955691933632 8309.5939745306969 20149.770255029202 9364.2282575368881 15506.768479704857 5513.9728642106056 1624.9408161044121 3500.6333657503128 1541.9252188801765 20126.352701067924 1445.7854577898979 18981.865136861801 6963.8172380924225 1902.9443011879921 3881.3630573153496 7327.0089557170868 691.41036534309387 10165.718616247177 3584.795320391655 6768.3061269521713 3407.561079621315 1789.5396540164948 3043.9428544044495
leaf_count=53627 3940 391 4925 1317 814 9372 6644 2363 2311 542 130 5401 2451 16178 6769 7048 9831 17566 7946 14014 4847 1355 4206 1945 21136 1756 16509 5319 1741 3892 8655 625 10765 3993 8000 3340 1882 3375
internal_value=-0.000202529 -0.000911976 0.000411445 0.0017609 0.00240609 0.00365674 0.00274273 0.000502969 0.00925298 3.43994e-05 0.00150572 0.00325023 -4.87599e-05 0.000237248 0.00139658 0.000214556 -0.000409703 -0.000127959 0.000543932 -0.000660443 -0.00143183 0.00282084 0.0018299 0.000848546 0.00121357 0.0103819 -0.000946797 -0.00277203 -0.00152464 -0.00177098 -0.00142414 0.000197559 0.000292114 0.00141576 -8.40988e-05 0.00255053 0.000185836 -0.000798673
internal_weight=277212 128607 148605 37790.2 31587.6 20681.3 17779 73043.3 2902.29 10906.2 34803.8 9522.28 110815 84048.1 20133.2 11002.8 38239.5 63914.9 28258.3 35656.5 6891.05 9130.39 7941.86 25281.5 20695.7 1580.42 26767 55563.3 6202.67 10845.2 15636.6 2594.35 22602.8 5668.82 16934 4015.2 7785.16 4585.87
internal_count=276921 144785 132136 35493 29187 19141 16016 81947 3125 10046 38340 11493 96643 73327 17623 9499 43607 55704 24124 31580 6164 8124 9607 26847 21527 1886 23316 62838 6306 9211 18486 2366 25121 6356 18765 3882 6807 5320
is_linear=0
shrinkage=0.0440977


Tree=7
num_leaves=39
num_cat=0
split_feature=16 15 2 6 0 3 3 0 19 0 3 0 0 16 0 2 0 0 3 3 3 3 19 15 6 12 6 0 0 16 19 12 6 3 3 12 0 19
split_gain=58.2234 163.35 38.7917 45.8463 31.7722 25.5455 84.6819 20.0875 18.497 15.5351 15.2674 29.9738 17.8913 12.4744 16.6325 15.4468 17.5381 12.4671 12.0073 10.9998 24.8946 11.9539 10.0016 9.15577 11.7443 11.3797 8.71132 7.10722 6.98863 6.57019 6.3103 6.30542 5.31142 9.02997 5.95103 3.9064 3.78537 3.4204
threshold=7.2818412633068887e-08 0.05249301344156266 1.0000000180025095e-35 1.0683850177883871e-06 0.54427608847618114 0.0011852378374896946 0.0049456821288913497 0.19366373121738437 0.032853083685040481 0.17523419857025149 1.1145458302053159e-05 0.34130960702896124 0.08277477324008943 9.6610725449863835e-05 0.54427608847618114 1.5000000000000002 0.37097080051898962 0.06777025014162065 0.015508248005062343 0.012818581890314819 0.0059834124986082324 0.10418143495917322 0.0090823350474238413 0.11489439383149148 4.1507582864142031e-06 0.0026690770173445348 0.50766482949256908 0.30882969498634344 0.17523419857025149 1.0000000180025095e-35 2.8255772721585975e-10 0.0026690770173445348 0.0075047470163553962 6.1887472838861881e-05 0.0059834124986082324 2.9039931348506801e-08 0.14588082581758502 3.5744616866395523e-07
decision_type=2 2 2 2 2 2 2 2 2 2 2 2 2 2 2 2 2 2 2 2 2 2 2 2 2 2 2 2 2 2 2 2 2 2 2 2 2 2
left_child=1 29 3 5 10 8 17 30 9 -2 23 12 -12 27 15 16 -15 -7 32 20 -16 -21 -17 25 -25 -3 -13 37 -8 -1 -5 -31 33 -6 -34 -20 -10 -4
right_child=2 4 13 7 18 6 28 -9 36 -11 11 26 -14 14 19 22 -18 -19 35 21 -22 -23 -24 24 -26 -27 -28 -29 -30 31 -32 -33 34 -35 -36 -37 -38 -39
leaf_value=-0.47326404832237956 -0.16731604568336605 0.66699590857872881 -0.027861219328442564 0.18719026010694642 -0.20139204311983416 0.30901897889488317 -0.068787540882791737 -0.10941072793652291 0.50159706462685161 0.18622406618244933 -0.00090042465261212226 0.140338125255102 1.4995730753967866 0.11750784781874149 -0.040984006269819108 0.21620604628245652 -0.12597436607091869 0.84770081986578827 0.53079930073345116 -0.16095103578713557 0.21687486807032713 0.033375670606515619 0.80356211105537267 -0.18201882089820454 0.43599088298991318 -0.15200599641054649 1.6333170924060505 -0.15653496609333217 0.21121899270762901 -0.085424458664190406 1.3254881885790837 -0.45558966111781707 -0.14215694976154908 0.43165612626518718 0.17787021496776764 -0.21321383859665469 0.088718087699873771 0.25092731026817949
leaf_weight=44718.15821236372 12286.257941067219 5110.8249287605286 5995.6212185025215 870.30735123157501 1981.3877846598625 539.56842291355133 6670.7247270941734 1263.6624209880829 1816.5221582651138 2769.2396729588509 1188.7652928829193 11113.682918548584 4860.4055753946304 4738.9756484627724 18894.096105098724 7505.449717104435 6263.8530641794205 2281.6050501465797 391.11628049612045 20149.770255029202 9364.2282575368881 15506.768479704857 1624.9408161044121 7905.6770642399788 3070.3158878087997 2274.1346196532249 517.32216280698776 18981.865136861801 1976.6055256724358 6963.8172380924225 5902.5112553834915 3881.3630573153496 9539.4181696176529 4708.0992141962051 4112.0330852270126 16270.084332048893 1413.2234086990356 1789.5396540164948
leaf_count=53627 11836 5198 4925 728 2242 615 5737 1428 1794 2653 1196 12756 5807 3591 16178 6769 5908 2408 463 17566 7946 14014 1355 7998 3346 2877 641 16509 1403 5319 5488 3892 9996 5283 4905 19239 1403 1882
internal_value=-0.000220458 -0.000907436 0.00037407 0.0015941 0.000463285 0.000795779 0.00242723 0.00454929 -0.000227542 -0.000877184 0.00139516 0.00232004 0.00483748 -4.1996e-05 0.000222041 0.00132729 0.000214556 0.0090599 -0.000444397 -0.00012613 0.000523695 -0.000641126 0.00266806 0.000504487 -0.000303254 0.00170488 0.00101044 -0.000871045 0.000262535 -0.00270935 0.00550147 -0.00173536 0.000274544 0.0012924 -0.000224284 -0.00132209 0.00280011 0.000250956
internal_weight=277212 128607 148605 37790.2 73043.3 29753.7 11468.5 8036.48 18285.2 15055.5 36041.1 17680.2 6049.17 110815 84048.1 20133.2 11002.8 2821.17 37002.1 63914.9 28258.3 35656.5 9130.39 18361 10976 7384.96 11631 26767 8647.33 55563.3 6772.82 10845.2 20340.9 6689.49 13651.5 16661.2 3229.75 7785.16
internal_count=276921 144785 132136 35493 81947 27849 10163 7644 17686 14489 39819 20400 7003 96643 73327 17623 9499 3023 42128 55704 24124 31580 8124 19419 11344 8075 13397 23316 7140 62838 6216 9211 22426 7525 14901 19702 3197 6807
is_linear=0
shrinkage=0.0440977


Tree=8
num_leaves=39
num_cat=0
split_feature=16 15 2 6 0 16 16 16 12 0 0 5 16 0 2 0 5 8 16 6 15 12 6 19 0 16 12 0 19 6 2 13 12 15 2 19 6 6
split_gain=54.361 154.407 33.2743 41.7005 27.2702 19.9948 57.4834 18.0532 18.0032 15.7969 13.6138 12.2295 11.4345 14.1734 14.3238 16.694 10.555 18.6833 10.5366 8.67297 9.09601 16.0931 12.2497 7.95102 6.68278 6.27414 6.34119 5.83473 5.108 4.66925 4.94608 4.20676 3.77707 3.49169 3.34622 3.11387 2.78934 4.87392
threshold=7.2818412633068887e-08 0.05249301344156266 1.0000000180025095e-35 1.0683850177883871e-06 0.52643263339996349 0.00033321403316222137 0.0016821577446535232 1.4625969129156149e-06 2.6037981493143297e-10 0.17523419857025149 0.06777025014162065 1.0000000180025095e-35 9.6610725449863835e-05 0.54427608847618114 1.5000000000000002 0.34130960702896124 1.0000000180025095e-35 1.5000000000000002 0.029289240017533306 0.44008342921733862 0.11489439383149148 0.0026690770173445348 4.1507582864142031e-06 0.0078732755500823277 0.30882969498634344 1.0000000180025095e-35 0.0026690770173445348 0.17523419857025149 2.8255772721585975e-10 0.0075047470163553962 1.5000000000000002 1.5000000000000002 0.10951028019189836 1.0000000180025095e-35 2.5000000000000004 3.5744616866395523e-07 1.0000000180025095e-35 0.0075047470163553962
decision_type=2 2 2 2 2 2 2 2 2 2 2 2 2 2 2 2 2 2 2 2 2 2 2 2 2 2 2 2 2 2 2 2 2 2 2 2 2 2
left_child=1 25 3 5 19 8 10 28 9 -2 -7 29 24 14 15 -14 17 -15 -18 20 21 -3 -22 -16 35 33 -27 -8 -5 30 -6 -10 34 36 -13 -4 -1 -38
right_child=2 4 12 7 11 6 27 -9 31 -11 -12 32 13 16 23 -17 18 -19 -20 -21 22 -23 -24 -25 -26 26 -28 -29 -30 -31 -32 -33 -34 -35 -36 -37 37 -39
leaf_value=-0.45239418601541792 -0.196791543358244 0.96201630981255604 -0.026632603266965219 0.19493867908820739 0.0049677632771402275 0.21867161017579351 -0.072082077785420196 0.016231610903131015 0.10385301169065964 0.17921633914364657 0.74583677703646245 -0.089951667418924408 0.1387845811159866 0.15292121577854315 0.19163864717410808 -0.091664957738076869 -0.16467076101184386 -0.06907955874308902 0.016888401687106001 1.6737802318032911 -0.033829528505045364 -0.14530287956453655 0.38394285048861176 0.72474409034677389 -0.14963213204081308 -0.081657435379222876 -0.43549919887013877 0.20190471812867208 1.3146457400046618 -0.025057373130002617 0.45200336538713293 0.47947778109063904 -0.3984463862000745 -0.25657291411243538 -0.39009061850234727 0.23986198968674813 -0.3286654259551493 -0.4707491273471428
leaf_weight=19295.156464457512 10712.103576719761 7111.7871700525284 5995.6212185025215 815.50410604476929 3203.1776670217514 682.26484495401382 6424.0105310678482 1634.3859989643097 2794.1855118870735 2762.2927827239037 2528.319246172905 11891.013679146767 3348.2331434488297 15792.195102155209 7119.5525251626968 7654.5955691933632 18435.746205210686 13469.141591370106 16217.780198633671 612.67630410194397 12676.233887135983 2274.1346196532249 12128.984969258308 2010.8380080461502 18981.865136861801 6963.8172380924225 3881.3630573153496 1976.6055256724358 5586.5909225940704 13462.961778402328 3643.6247079372406 1873.9648876190186 4065.397475540638 3449.2520867586136 1973.2750580906868 1789.5396540164948 7414.4031884670258 14559.346472680569
leaf_count=22714 10316 7362 4925 657 3639 785 5509 1823 2678 2644 2636 14115 2451 13147 6397 7048 16174 11665 14718 756 13866 2877 13479 1727 16509 5319 3892 1403 5164 14672 4073 1878 4869 3485 2239 1882 9048 18380
internal_value=-0.000249901 -0.000913701 0.00032457 0.00145451 0.000418968 0.000693143 0.002122 0.00427292 -0.000221391 -0.00103903 0.00713995 -0.000393911 -6.07731e-05 0.000192019 0.0012123 0.000140784 -0.000129384 0.000487303 -0.000650112 0.00131207 0.00121878 0.00238799 0.000776282 0.00250341 -0.000854514 -0.0026656 -0.00171379 0.000203598 0.0053288 0.000347051 0.00128455 0.00213839 -0.00123321 -0.00289639 -0.000886504 0.00023347 -0.00300906 -0.00266898
internal_weight=277212 128607 148605 37790.2 73043.3 29753.7 11611.2 8036.48 18142.5 13474.4 3210.58 38239.5 110815 84048.1 20133.2 11002.8 63914.9 29261.3 34653.5 34803.8 34191.1 9385.92 24805.2 9130.39 26767 55563.3 10845.2 8400.62 6402.1 20309.8 6846.8 4668.15 17929.7 44718.2 13864.3 7785.16 41268.9 21973.7
internal_count=276921 144785 132136 35493 81947 27849 10333 7644 17516 12960 3421 43607 96643 73327 17623 9499 55704 24812 30892 38340 37584 10239 27345 8124 23316 62838 9211 6912 5821 22384 7712 4556 21223 53627 16354 6807 50142 27428
is_linear=0
shrinkage=0.0440977


end of trees

feature_importances:
event_decay_major=85
event_decay_operation=72
event_decay_operation_weighted=47
event_decay_game_update_weighted=34
event_decay_game_update=21
event_decay_major_weighted=19
event_decay_case_drop=18
event_density_90d_major=12
event_decay_case_drop_weighted=9
event_density_90d_case_drop=8
event_density_90d_game_update=6
event_density_90d_operation=5
event_density_30d_game_update=5
event_density_30d_major=1

parameters:
[boosting: gbdt]
[objective: quantile]
[metric: quantile]
[tree_learner: serial]
[device_type: cpu]
[data_sample_strategy: bagging]
[data: ]
[valid: ]
[num_iterations: 1000]
[learning_rate: 0.0440977]
[num_leaves: 39]
[num_threads: -1]
[seed: 13]
[deterministic: 0]
[force_col_wise: 0]
[force_row_wise: 0]
[histogram_pool_size: -1]
[max_depth: 6]
[min_data_in_leaf: 5]
[min_sum_hessian_in_leaf: 0.001]
[bagging_fraction: 0.7]
[pos_bagging_fraction: 1]
[neg_bagging_fraction: 1]
[bagging_freq: 5]
[bagging_seed: 16376]
[bagging_by_query: 0]
[feature_fraction: 0.75]
[feature_fraction_bynode: 1]
[feature_fraction_seed: 20348]
[extra_trees: 0]
[extra_seed: 30076]
[early_stopping_round: 0]
[early_stopping_min_delta: 0]
[first_metric_only: 0]
[max_delta_step: 0]
[lambda_l1: 0]
[lambda_l2: 1]
[linear_lambda: 0]
[min_gain_to_split: 0.1]
[drop_rate: 0.1]
[max_drop: 50]
[skip_drop: 0.5]
[xgboost_dart_mode: 0]
[uniform_drop: 0]
[drop_seed: 24096]
[top_rate: 0.2]
[other_rate: 0.1]
[min_data_per_group: 100]
[max_cat_threshold: 32]
[cat_l2: 10]
[cat_smooth: 10]
[max_cat_to_onehot: 4]
[top_k: 20]
[monotone_constraints: ]
[monotone_constraints_method: basic]
[monotone_penalty: 0]
[feature_contri: ]
[forcedsplits_filename: ]
[refit_decay_rate: 0.9]
[cegb_tradeoff: 1]
[cegb_penalty_split: 0]
[cegb_penalty_feature_lazy: ]
[cegb_penalty_feature_coupled: ]
[path_smooth: 0]
[interaction_constraints: ]
[verbosity: -1]
[saved_feature_importance_type: 0]
[use_quantized_grad: 0]
[num_grad_quant_bins: 4]
[quant_train_renew_leaf: 0]
[stochastic_rounding: 1]
[linear_tree: 0]
[max_bin: 63]
[max_bin_by_feature: ]
[min_data_in_bin: 3]
[bin_construct_sample_cnt: 200000]
[data_random_seed: 81]
[is_enable_sparse: 1]
[enable_bundle: 1]
[use_missing: 1]
[zero_as_missing: 0]
[feature_pre_filter: 0]
[pre_partition: 0]
[two_round: 0]
[header: 0]
[label_column: ]
[weight_column: ]
[group_column: ]
[ignore_column: ]
[categorical_feature: ]
[forcedbins_filename: ]
[precise_float_parser: 0]
[parser_config_file: ]
[objective_seed: 11872]
[num_class: 1]
[is_unbalance: 0]
[scale_pos_weight: 1]
[sigmoid: 1]
[boost_from_average: 1]
[reg_sqrt: 0]
[alpha: 0.9]
[fair_c: 1]
[poisson_max_delta_step: 0.7]
[tweedie_variance_power: 1.5]
[lambdarank_truncation_level: 30]
[lambdarank_norm: 1]
[label_gain: ]
[lambdarank_position_bias_regularization: 0]
[eval_at: ]
[multi_error_top_k: 1]
[auc_mu_weights: ]
[num_machines: 1]
[local_listen_port: 12400]
[time_out: 120]
[machine_list_filename: ]
[machines: ]
[gpu_platform_id: -1]
[gpu_device_id: -1]
[gpu_use_dp: 0]
[num_gpu: 1]

end of parameters

pandas_categorical:[]
