tree
version=v4
num_class=1
num_tree_per_iteration=1
label_index=0
max_feature_idx=40
objective=quantile
feature_names=price_lag_1d return_1d return_3d return_7d return_14d return_30d return_60d price_std_7d price_std_14d price_std_20d price_std_60d price_zscore_30d vol_regime_60_30 trend_divergence_30_60 price_accel_7d price_log price_tier log_return_1d log_return_7d autocorr_1d autocorr_7d bb_pct_b bb_width rsi_14 macd_line macd_signal macd_histogram volume_missing volume_lag_1d volume_lag_7d volume_mean_7d volume_mean_30d volume_std_30d volume_std_60d volume_log_change_1d volume_log_change_7d volume_zscore_30d volume_price_conf_7d volume_price_conf_1d rsi_missing macd_missing
feature_infos=[0.029999999329447746:726.3900146484375] [-98.001335144042969:500] [-98.001335144042969:500] [-98.001335144042969:500] [-99.363525390625:500] [-99.273765563964844:500] [-99.186729431152344:500] [0:155.79258728027344] [0:113.14417266845703] [0:97.831710815429688] [0:100.54641723632812] [-4.96368408203125:5.2946515083312988] [0.70291376113891602:805.0294189453125] [-1056138296557568:933262033682432] [-598.0013427734375:586.79248046875] [-3.5065579414367676:6.5880870819091797] [0:4] [-3.9126894474029541:4.9908404350280762] [-3.9126894474029541:4.8882842063903809] [-49000.66796875:60162.6015625] [-49000.66796875:34064.93359375] [-0.54432862997055054:1.5621322393417358] [0.014894707128405571:15.69301700592041] [0:99.844482421875] [-54.1455078125:48.291065216064453] [-42.52099609375:42.708404541015625] [-22.157054901123047:15.944230079650879] none [1:107040] [1:107040] [1:33132.71484375] [1:19356.69921875] [0.57735025882720947:18549.255859375] [0.57735025882720947:13367.96484375] [-6.1758670806884766:6.1158919334411621] [-6.4248690605163574:6.5434322357177734] [-3.7836604118347168:5.2921395301818848] [-97.603759765625:500] [-96.563575744628906:500] [0:1] [0:1]
tree_sizes=3113 3126 2981 3049 3224 2664 2960 3061 3132 3232 3318 3267 3020 3157 2996 2849 3190 2684 2830

Tree=0
num_leaves=30
num_cat=0
split_feature=0 5 40 8 6 8 2 29 1 25 10 10 15 32 10 32 5 36 32 35 32 8 35 25 25 29 5 32 32
split_gain=2902.5 338.084 224.145 156.506 85.158 47.3311 42.4381 36.6392 34.9596 25.1328 23.8896 55.5758 19.3758 18.2425 17.2606 18.2908 15.8024 12.8225 11.6794 11.4257 8.73678 13.009 5.05086 3.73177 3.11663 0.906401 0.470982 0.236006 1.05566
threshold=0.03024999983608723 43.89366531372071 1.0000000180025095e-35 1.0000000180025095e-35 33.086282730102546 0.066416289657354369 42.910984039306648 110.50000000000001 -4.6497018337249747 -2.1264074945293029e-08 0.02035543974488974 0.018715891987085346 -0.99357706308364857 287.76985168457037 0.0023239419097080831 59.731283187866218 70.016025543212905 0.4207314401865006 137.7434005737305 0.37305793166160589 66.872798919677749 0.16477766633033755 -0.16030477732419965 0.0095742219127714651 -6.9489546149270595e-05 157.50000000000003 -23.702405929565426 250.41971588134768 347.16606140136724
decision_type=2 2 2 2 2 2 2 2 2 2 2 2 2 2 2 2 2 2 2 2 2 2 2 2 2 2 2 2 2
left_child=3 2 4 9 8 14 16 19 -2 10 11 -1 -6 -9 24 -16 18 -18 -3 -4 21 -7 25 -24 -5 -8 -12 -11 -29
right_child=1 6 7 5 12 20 22 13 -10 27 26 -13 -14 -15 15 -17 17 -19 -20 -21 -22 -23 23 -25 -26 -27 -28 28 -30
leaf_value=0 0.29842932701110841 -0.2068965482711792 -1.4425903258711252 0 0.086183672623427493 0 -1.8877139579719666 0.42622849530813717 0.13125000000000001 0 0 1.5500000381469725 -0.13989636898040772 -1.9766940415651562 0.13043478012084961 0 -0.6027397155761719 -0.078620567146449022 0.15083484899176053 -0.07310478300546927 0 0 -1.1911764907836913 -1.2822086334228515 0 -2.0207006662116389 0 0 0
leaf_weight=2576.3540101647377 5772.2526881098747 1309.0788035988808 945.93917727470398 116.34147220849991 2561.229082942009 139.48041522502899 291.57057577371597 297.93148159980774 25828.530368864536 8744.4047739505768 116.59396958351135 82.199998080730438 1539.6027209162712 83.019522368907928 813.46178025007248 735.21618431806564 1547.5867367386818 388.82625436782837 466.76194792985916 69.361574053764343 488.29927110671997 152.70838260650635 326.86509883403778 240.68048739433289 491.57973647117615 70.031307697296143 1522.4542190432549 370.7407163977623 626.72835564613342
leaf_count=3515 4039 1194 249 131 2205 18 90 173 25255 13959 36 16 2028 41 375 332 1027 280 494 41 57 15 155 124 770 35 416 559 935
internal_value=0 0.00228363 0.00323891 -0.0124286 0.00370039 -0.00612022 -0.00534804 -0.00854748 0.00422823 -0.013747 -0.0118132 -0.0100349 -0.000363473 -0.000570982 -0.00381752 -0.00212154 -0.00390567 -0.00578349 -0.00184855 -0.0115238 -0.0124572 -0.008215 -0.0110895 -0.00922751 -0.00810808 -0.0139537 -0.0146844 -0.0145979 -0.0137705
internal_weight=0 41739.3 37097.9 16976.6 35701.6 2937.09 4641.4 1396.25 31600.8 14039.5 4297.6 2658.55 4100.83 380.951 2156.6 1548.68 3712.25 1936.41 1775.84 1015.3 780.488 292.189 929.147 567.546 607.921 361.602 1639.05 9741.87 997.469
internal_count=58564 37430 34031 21134 33527 1698 3399 504 29294 19436 3983 3531 4233 214 1608 707 2995 1307 1688 290 90 33 404 279 901 125 452 15453 1494
is_linear=0
shrinkage=0.03


Tree=1
num_leaves=30
num_cat=0
split_feature=7 5 40 15 6 22 11 5 29 31 31 2 22 25 6 10 10 36 30 32 14 6 25 28 10 22 25 22 36
split_gain=2935.29 340.395 188.585 95.6803 84.4913 73.4248 57.9886 40.6535 33.9344 22.7544 55.5768 14.0034 13.974 13.3307 24.6955 14.9598 12.6543 10.2458 10.1194 9.85445 9.74907 9.05376 8.35558 5.61476 3.47165 3.28431 1.88118 1.8367 0.869994
threshold=1.0000000180025095e-35 43.89366531372071 1.0000000180025095e-35 -3.498293280601501 33.086282730102546 1.7242037653923037 -0.18771857768297193 -6.8609755039215079 122.50000000000001 373.11666870117193 215.216667175293 42.910984039306648 2.9450031518936162 -2.1264074945293029e-08 -1.0000000180025095e-35 0.02035543974488974 0.018715891987085346 0.26371623575687414 114.6428565979004 39.502603530883796 28.074757575988773 -6.473655939102172 0.0095742219127714651 205.50000000000003 0.0038135759532451634 0.11845926567912103 -0.00053498431225307275 2.9450031518936162 -0.14523463696241376
decision_type=2 2 2 2 2 2 2 2 2 2 2 2 2 2 2 2 2 2 2 2 2 2 2 2 2 2 2 2 2
left_child=6 2 3 7 -5 11 9 -2 19 10 18 17 -10 15 -15 16 -8 -3 -1 -4 23 24 -13 -7 -11 -16 -17 -22 -12
right_child=1 5 8 4 -6 20 13 -9 12 21 28 22 -14 14 25 26 -18 -19 -20 -21 27 -23 -24 -25 -26 -27 -28 -29 -30
leaf_value=0 0.29104712018966672 -0.32753993797302244 -1.4649337941203224 0.15270806980133056 -0.02593352508544922 -0.6964406138579784 0 0 -0.26149151718224217 0.1999999952316284 -0.33755915653634405 -1.0779870637893676 2.3397826663714709 0.29999999999999999 0 0 1.5035000370025633 0.03966414585113525 0 -0.97242676675141226 -1.0874365159956791 0 -0.28003729248046877 -0.37492928975085993 0 0 0 -2.5870277227016603 1.4657522555328875
leaf_weight=508.54139548540115 353.07464331388474 2161.7571996450424 462.97456067800522 31479.998716413975 4120.1333776712418 355.33498221635818 2278.4672504663467 1374.3679574131966 320.55429476499557 22.090329051017761 48.220703363418579 309.11186164617538 50.602651834487915 26.178579330444336 42.427316546440125 1500.8899545073509 19.058755218982697 824.92346215248108 127.82945311069489 585.47111034393311 369.90432798862457 313.49328875541687 138.01168823242188 160.1478898525238 17.438778400421143 10074.62143945694 78.45814323425293 490.15980696678162 101.58719545602798
leaf_count=428 179 1975 148 29263 4249 105 3233 893 180 22 18 193 29 2 67 401 6 788 59 154 124 185 109 59 25 15535 27 83 25
internal_value=0 0.00198524 0.00291986 0.00332832 0.00366312 -0.00554101 -0.0133414 -0.00356162 -0.00780734 -0.00680188 -0.00392903 -0.00318797 0 -0.0138715 -0.0144539 -0.0123421 -0.0107663 -0.00243868 -0.00781386 -0.0105659 -0.0114008 -0.0131427 -0.00815122 -0.00805054 1.37539e-05 -0.0145301 -0.0146209 -0.0133855 0.0124447
internal_weight=0 43556.5 38747.2 37327.6 35600.1 4809.35 15159.3 1727.44 1419.6 1139.2 786.179 3433.8 371.157 14020.1 10143.2 3876.87 2297.53 2986.68 636.371 1048.45 1375.55 353.022 447.124 515.483 39.5291 10117 1579.35 860.064 149.808
internal_count=58564 38531 35095 34584 33512 3436 20033 1072 511 762 530 3065 209 19271 15604 3667 3239 2763 487 302 371 232 302 164 47 15602 428 207 43
is_linear=0
shrinkage=0.03


Tree=2
num_leaves=28
num_cat=0
split_feature=0 5 11 23 6 14 31 28 5 1 6 28 15 11 13 39 25 36 32 9 0 9 33 32 9 32 33
split_gain=2856.83 314.763 187.035 71.6196 53.2014 50.6095 42.5443 48.6279 38.8642 33.1502 20.1709 21.6711 18.1438 17.8697 16.6157 16.4771 13.4771 11.6704 9.13783 8.71408 8.19044 8.62552 6.6161 6.49664 4.0102 3.27907 2.72555
threshold=0.03024999983608723 35.444862365722663 -0.18771857768297193 1.0000000180025095e-35 33.086282730102546 72.859123229980483 373.11666870117193 165.50000000000003 1.0000000180025095e-35 1.6291255950927737 210.60344696044925 248.50000000000003 -0.99357706308364857 1.0000000180025095e-35 0.54456558823585521 1.0000000180025095e-35 -2.1264074945293029e-08 -0.88490581512451161 137.7434005737305 0.017097582109272483 0.26325000822544103 0.16588866710662845 301.64356994628912 109.73685455322267 0.036121573299169547 102.40704345703126 177.6032409667969
decision_type=2 2 2 2 2 2 2 2 2 2 2 2 2 2 2 2 2 2 2 2 2 2 2 2 2 2 2
left_child=2 3 6 25 8 10 7 15 -5 14 11 -3 -6 -11 16 -1 -4 18 -8 -15 24 -22 -12 -9 -7 -2 -19
right_child=1 5 9 4 12 20 17 23 -10 13 22 -13 -14 19 -16 -17 -18 26 -20 -21 21 -23 -24 -25 -26 -27 -28
leaf_value=0 -1.7353008266932253 -0.25767107192659139 0 0.11448125504493713 0.10597692893872881 -0.98041761353891232 0.49041872944757059 1.1323127078188062 0.15219554566383361 0.64040033237265903 -0.94307273338535413 0.065620393894094395 -0.14307704695701598 -0.18639942217826844 -0.079926971376443168 0 0 0 0 -2.7489216112421362 -0.21481465002977979 -1.4597554326622117 -1.2073857616996766 0.010126774696090321 -1.9514965785262404 -0.9884706826002192 0
leaf_weight=1010.1835207343102 170.84825992584229 3187.522177875042 3894.6214677095413 14452.796905994415 2139.907056927681 285.8448446393013 34.726599991321564 239.15155422687531 17845.908454239368 75.729563891887665 257.25529140233994 1118.2620492577553 1250.9557183980942 241.2428640127182 38.826519548892975 273.55103915929794 10418.609760761261 292.62209409475327 46.820141017436981 120.46777558326721 136.58001035451889 175.44690430164337 198.16171663999557 73.548621654510498 428.08987283706665 91.688565671443939 216.46176266670227
leaf_count=696 30 2576 3675 12366 1796 164 17 85 16992 26 159 1267 1671 243 8 199 15761 71 44 16 76 79 144 41 94 16 252
internal_value=0 0.00222333 -0.0123727 0.0032688 0.00338404 -0.00426866 -0.00417309 -0.00161571 0.00375935 -0.013584 -0.0029613 -0.00232092 -0.00018651 -0.00538399 -0.0138327 -0.00420808 -0.0138862 -0.0110529 -0.000323476 -0.00817778 -0.0103167 -0.006148 -0.00897373 0.00896865 -0.0121121 -0.0123164 -0.0127402
internal_weight=0 41739.3 16976.6 35952.1 35689.6 5787.16 2187.07 1596.43 32298.7 14789.5 4761.2 4305.78 3390.86 437.44 14352.1 1283.73 14313.2 590.631 81.5467 361.711 1025.96 312.027 455.417 312.7 713.935 262.537 509.084
internal_count=58564 37430 21134 32871 32825 4559 1405 1021 29358 19729 4146 3843 3467 285 19444 895 19436 384 61 259 413 155 303 126 258 46 323
is_linear=0
shrinkage=0.03


Tree=3
num_leaves=29
num_cat=0
split_feature=7 6 0 23 4 22 24 7 13 26 9 6 24 26 12 21 28 13 22 24 13 12 32 14 8 12 24 26
split_gain=2891.71 284.965 80.3993 64.9353 64.4003 60.9997 43.7285 28.9395 21.9038 20.0642 19.5858 19.226 17.9342 32.8574 24.4624 18.567 15.4469 12.8804 12.8449 10.2899 7.15657 6.07183 5.44634 4.111 4.12209 2.53606 2.04018 1.03529
threshold=1.0000000180025095e-35 44.443365097045906 0.03024999983608723 1.0000000180025095e-35 37.515281677246101 1.7242037653923037 -4.8296165289229969e-08 0.092954896390438094 0.98042279481887828 -0.0023885930422693487 0.032501902431249625 68.192291259765639 -0.0018922754679806528 -0.0001770676899468526 0.71422952413558971 0.39815440773963934 37.500000000000007 0.61831253767013561 2.9450031518936162 0.020792771130800251 0.49725149571895605 1.2514424324035647 102.40704345703126 -1.0000000180025095e-35 0.041582303121685989 1.4937903881073 0.0081857517361640948 5.886056345019015e-13
decision_type=2 2 2 2 2 2 2 2 2 2 2 2 2 2 2 2 2 2 2 2 2 2 2 2 2 2 2 2
left_child=6 2 7 22 -5 8 12 10 9 -3 -2 16 15 14 -14 21 -7 23 -13 -10 -15 -1 -4 24 -8 -17 -9 -25
right_child=1 5 3 4 -6 11 17 26 19 -11 -12 18 13 20 -16 25 -18 -19 -20 -21 -22 -23 -24 27 -26 -27 -28 -29
leaf_value=-0.0039130434036254878 0 -0.34726869744139593 -1.6832418018924287 0.13114616736917495 -0.37992079358287068 -0.91458216877975285 -0.13482936348936711 0 -0.62907656695364023 -0.0055716249500737842 1.1317350352978246 -0.70142312259961459 0.49999998092651365 0 0 0 0.3098452493073463 0.29339780914129332 -2.3330545301093522 -0.17244821494208185 0.093999997758865361 0.28421149416325092 -0.88462601935154384 0 0 0 0 0
leaf_weight=55.920988738536835 1134.0381136536598 984.54953551292419 170.84825992584229 34528.706829309464 943.56662321090698 82.485204458236694 35.109495997428894 139.6190938949585 635.78873062133789 2820.5922634601593 238.27968215942383 580.41426610946655 246.72041165828705 2998.6211757063866 130.06199616193771 1486.9559964537621 133.77084529399872 13.943530917167662 577.10824239253998 347.2964813709259 30.796127200126648 50.440743923187256 91.119071483612061 9134.0550719499588 32.068545818328857 138.73224025964737 148.34528827667236 805.87625759840012
leaf_count=34 1005 1082 30 31702 647 16 32 15 511 2795 32 223 50 3743 87 295 22 2 109 310 32 17 15 14305 4 44 17 1388
internal_value=0 0.00191012 0.00289539 0.00319546 0.00330575 -0.00406633 -0.0133023 -0.00355304 -0.00246279 -0.00142596 -0.00172399 -0.00964153 -0.011037 -0.00975391 -0.00135146 -0.013548 -0.00134786 -0.0144618 -0.0111768 -0.00645794 -0.0107936 -0.00124305 -0.0116596 -0.0145028 -0.00661216 -0.0143432 -0.0121995 -0.0145543
internal_weight=0 43556.5 37394.5 35734.2 35472.3 6162.01 15159.3 1660.28 4788.23 3805.14 1372.32 1373.78 5138.25 3406.2 376.782 1732.05 216.256 10021.1 1157.52 983.085 3029.42 106.362 261.967 10007.1 67.178 1625.69 287.964 9939.93
internal_count=58564 38531 33463 32394 32349 5068 20033 1069 4698 3877 1037 370 4302 3912 137 390 38 15731 332 821 3775 51 45 15729 36 339 32 15693
is_linear=0
shrinkage=0.03


Tree=4
num_leaves=31
num_cat=0
split_feature=0 5 40 8 6 8 14 1 4 25 10 10 6 28 15 5 9 28 8 26 0 9 37 28 8 8 5 26 28 28
split_gain=2801.83 294.431 187.457 175.369 58.8421 54.962 49.192 42.3362 29.8491 27.846 23.2948 55.0197 19.5343 21.4838 17.4629 15.3237 16.6169 13.7518 12.8423 8.48911 8.11669 8.02047 5.99296 5.66683 9.1128 4.03154 3.048 0.190909 0.758672 0.102193
threshold=0.03024999983608723 35.444862365722663 1.0000000180025095e-35 1.0000000180025095e-35 33.086282730102546 0.066416289657354369 72.859123229980483 -4.6497018337249747 -1.1828147172927854 -2.1264074945293029e-08 0.02035543974488974 0.018715891987085346 210.60344696044925 248.50000000000003 -0.99357706308364857 -3.241906881332397 0.032501902431249625 194.50000000000003 0.12484395503997804 0.00076713613816536974 0.26325000822544103 0.14687805622816089 19.591768264770511 232.50000000000003 0.16477766633033755 0.037443693727254874 -23.702405929565426 5.886056345019015e-13 37.500000000000007 359.50000000000006
decision_type=2 2 2 2 2 2 2 2 2 2 2 2 2 2 2 2 2 2 2 2 2 2 2 2 2 2 2 2 2 2
left_child=3 2 4 9 7 15 12 -2 18 10 11 -1 13 -3 -6 19 -17 -10 -4 -5 25 -22 -14 24 -7 -8 -12 29 -29 -11
right_child=1 6 8 5 14 23 20 -9 17 27 26 -13 22 -15 -16 16 -18 -19 -20 -21 21 -23 -24 -25 -26 -27 -28 28 -30 -31
leaf_value=0 0.27991706749570644 -0.24467191659886531 0.37643539828882355 0.19717999529886246 0.10489994440444166 0 -0.92842454181020373 0.11674936474556065 -1.5757565113038396 0 0 1.4583950358924864 -1.0568481780144836 0.067770043065742663 -0.14001601178184414 0 1.0956503005033904 -0.5971435313335357 -0.51374125275594629 -0.0039130434036254878 -0.086934062383975413 -1.2962240353500678 -0.19340014823654889 0 0 -1.9141426371569541 0 0 0 0
leaf_weight=2576.3540101647377 5696.5918973088264 3187.522177875042 223.69239008426666 402.30198055505753 2139.907056927681 165.65899550914764 281.1190270781517 25468.39853322506 684.67972928285599 8048.7676228880882 116.59396958351135 82.199998080730438 403.07623666524887 1118.2620492577553 1250.9557183980942 1426.6709738373756 286.42515444755554 329.77517145872116 158.10446447134018 41.20106440782547 112.2468199133873 199.78009474277496 52.340771377086639 412.79478168487549 202.03429174423218 432.81569039821625 1522.4542190432549 160.88210737705231 515.10749250650406 1017.1166232228279
leaf_count=3515 3987 2576 106 228 1796 21 161 24913 193 12870 36 16 260 1267 1671 1320 38 117 88 22 63 92 43 48 21 97 416 271 898 1414
internal_value=0 0.00214708 0.00315823 -0.0123077 0.003594 -0.00563136 -0.00413169 0.00400235 -0.00761331 -0.0137031 -0.01167 -0.00991377 -0.00284276 -0.00221254 -0.000154765 -0.00315177 -0.00444073 -0.0103038 -0.000421228 0.00179266 -0.0100944 -0.005946 -0.00875935 -0.0124572 -0.00960638 -0.011881 -0.0145055 -0.0145979 -0.013603 -0.0146696
internal_weight=0 41739.3 35952.1 16976.6 34555.9 2937.09 5787.16 31165 1396.25 14039.5 4297.6 2658.55 4761.2 4305.78 3390.86 2156.6 1713.1 1014.45 381.797 443.503 1025.96 312.027 455.417 780.488 367.693 713.935 1639.05 9741.87 675.99 9065.88
internal_count=58564 37430 32871 21134 32367 1698 4559 28900 504 19436 3983 3531 4146 3843 3467 1608 1358 310 194 250 413 155 303 90 42 258 452 15453 1169 14284
is_linear=0
shrinkage=0.03


Tree=5
num_leaves=25
num_cat=0
split_feature=39 4 0 40 4 11 22 18 25 10 10 8 30 10 22 11 10 0 11 22 11 38 8 30
split_gain=2855.7 174.133 180.075 124.813 50.7829 36.1752 35.0302 33.1345 22.7392 20.4018 45.2527 19.1587 18.7128 11.5666 8.2052 7.47527 7.05026 6.37741 6.05553 5.54218 3.65542 2.89742 3.53147 0.290785
threshold=1.0000000180025095e-35 58.655569076538093 0.03024999983608723 1.0000000180025095e-35 20.713129043579105 -0.36424794793128962 1.7242037653923037 -0.022689038887619969 -2.1264074945293029e-08 0.02035543974488974 0.018715891987085346 0.18821875005960467 47.785715103149421 0.041473247110843665 1.3542608618736269 0.17605212330818179 0.0066437360364943751 0.45925000309944158 -0.21354664862155912 0.089007344096899046 0.62636369466781627 1.9518581628799441 0.066416289657354369 351.21427917480474
decision_type=2 2 2 2 2 2 2 2 2 2 2 2 2 2 2 2 2 2 2 2 2 2 2 2
left_child=1 2 5 4 -4 16 12 -5 9 10 14 -7 20 -14 -2 -8 -1 -17 -11 -10 -3 23 -23 -21
right_child=8 6 3 7 -6 11 15 -9 19 18 -12 -13 13 -15 -16 17 -18 -19 -20 21 -22 22 -24 -25
leaf_value=0 0 -0.098551539042503591 0.12455295413095262 -0.074311680111627476 -0.020521474427396991 0 -0.77603618301688904 -1.2720607661288317 0.0010107405713081362 0 1.4528504222399323 0 -0.45859912146360254 0.19635618114296466 -2.218818452996933e-05 -1.6552025951335825 0.099999997615814198 -0.91434610334108424 0 0 -1.04630245289229 -0.35385479504507278 -2.7038321500947751 0
leaf_weight=321.2380103468895 2529.6330568790436 46.408642888069153 33746.628265082836 459.84539264440536 4182.6907008290291 1816.8942888379097 83.168472647666931 749.36918425559998 23.064514219760895 54.009566605091095 64.702087819576263 261.41824197769165 307.34924840927124 503.08732169866562 47.92713063955307 656.00329852104187 371.14553987979889 204.80091381072998 1603.949967622757 8628.9738959670067 308.24567401409149 36.211595714092255 45.054702579975128 1390.3936532139778
leaf_count=395 3461 19 31757 252 4024 1046 16 226 34 27 11 31 269 358 16 171 178 95 423 13646 190 24 7 1931
internal_value=0 0.00165982 0.00208341 0.0026069 0.0029097 -0.00530514 -0.00674865 -0.00687578 -0.0137207 -0.0118692 -0.0102087 -0.00728386 -0.00324805 -0.000711139 -0.0108348 -0.0110494 0.00061367 -0.0118832 -0.0145026 -0.014505 -0.00899385 -0.0145386 -0.00835527 -0.0145868
internal_weight=0 44018.3 41909.2 39138.5 37929.3 2770.7 2109.06 1209.21 14423.9 4300.22 2642.26 2078.31 1165.09 810.437 2577.56 943.973 692.384 860.804 1657.96 10123.7 354.654 10100.6 81.2663 10019.4
internal_count=58607 39027 37909 36259 35781 1650 1118 478 19580 3938 3488 1077 836 627 3477 282 573 266 450 15642 209 15608 31 15577
is_linear=0
shrinkage=0.03


Tree=6
num_leaves=28
num_cat=0
split_feature=39 5 0 40 6 6 12 9 32 24 10 10 9 32 10 0 5 6 9 12 5 8 24 5 12 28 24
split_gain=2824.47 255.847 195.624 132.647 52.9599 49.9598 40.1616 35.7447 28.865 22.3061 21.6612 44.698 23.0403 21.0357 22.8506 16.8945 11.2694 11.1814 10.6565 7.19859 4.90139 4.5228 4.93253 2.06872 2.91058 0.829145 0.580841
threshold=1.0000000180025095e-35 43.89366531372071 0.03024999983608723 1.0000000180025095e-35 33.086282730102546 -1.0000000180025095e-35 0.86667546629905712 0.054518984630703933 36.117258071899421 -4.8296165289229969e-08 0.02035543974488974 0.018715891987085346 0.011410463601350786 47.187690734863288 0.25102302432060247 0.33249999582767492 70.016025543212905 -48.550420761108391 0.26080073416233068 0.75071495771408092 2.8908698558807377 0.020229605957865718 0.0048814720939844855 -29.597450256347653 1.4937903881073 305.50000000000006 -8.2161766279398297e-10
decision_type=2 2 2 2 2 2 2 2 2 2 2 2 2 2 2 2 2 2 2 2 2 2 2 2 2 2 2
left_child=1 2 5 4 -4 17 15 -7 -5 10 11 12 -2 16 -15 19 -8 -1 -17 -3 25 22 -22 24 -12 -11 -27
right_child=9 6 3 8 -6 7 13 -9 -10 20 23 -13 -14 14 -16 18 -18 -19 -20 -21 21 -23 -24 -25 -26 26 -28
leaf_value=-0.003795652101516723 0 -1.1946069920737514 0.13366369558861269 -1.2784563675666472 0.005796714939137684 0 -0.22648817749857239 0 -0.39454122286381788 0 0 1.4092649095727343 -2.152253899407025e-05 0.10023399755996841 -0.76743337362711128 -0.053689536437315943 -0.99427284239197911 0.18995928979789384 -0.86130428420128535 -0.55706200138931272 -0.36284700031481432 -2.6019395743081377 15.069873415674559 0 0 0 0
leaf_weight=120.2407238483429 2404.7532173991203 535.82205927371979 31365.164930343628 415.61473697423935 4097.9927127957344 1519.2893926501274 510.60145509243011 679.92077171802521 804.98972392082214 8552.8119649887085 58.912348031997681 64.702087819576263 47.92713063955307 1373.080170571804 257.6458186507225 350.3612973690033 522.77612268924713 443.93385380506516 270.66443717479706 750.19498896598816 70.284177482128143 78.285535991191864 18.782946705818176 1550.4209145903587 51.080167889595032 177.68218588829041 1348.2774938344955
leaf_count=47 3248 148 29243 146 4236 1255 527 81 334 13501 15 11 16 1266 247 249 347 260 164 477 95 16 7 415 20 300 1936
internal_value=0 0.00160396 0.00238281 0.00296293 0.00329792 -0.00531194 -0.0051134 -0.00735648 -0.00675497 -0.0136922 -0.0118202 -0.010042 -0.0106955 -0.00272513 -0.000592336 -0.00844032 -0.00607437 0.00263078 -0.00433046 -0.0104109 -0.0144534 -0.00906585 -0.00416527 -0.0145034 -0.00998534 -0.014541 -0.0136925
internal_weight=0 44018.3 39447.1 36683.8 35463.2 2763.38 4571.15 2199.21 1220.6 14423.9 4177.8 2517.38 2452.68 2664.1 1630.73 1907.04 1033.38 564.175 621.026 1286.02 10246.1 167.353 89.0671 1660.41 109.993 10078.8 1525.96
internal_count=58607 39027 35602 33959 33479 1643 3425 1336 480 19580 3725 3275 3264 2387 1513 1038 874 307 413 625 15855 118 102 450 35 15737 2236
is_linear=0
shrinkage=0.03


Tree=7
num_leaves=29
num_cat=0
split_feature=7 6 40 22 11 1 32 22 33 11 30 30 30 7 26 24 13 11 36 25 37 6 25 25 6 6 22 22
split_gain=2836.76 238.405 148.118 63.5741 51.9909 50.8879 43.2938 27.7362 26.4528 23.1516 20.8484 17.7869 20.1641 14.6114 14.2684 13.8223 12.9267 12.4409 12.0916 11.445 10.7392 10.021 6.71881 6.46231 6.13647 4.71261 3.77533 2.18852
threshold=1.0000000180025095e-35 48.528270721435554 1.0000000180025095e-35 1.7242037653923037 -0.18771857768297193 -1.0628615021705625 47.187690734863288 1.7242037653923037 68.71527481079103 -0.041122416034340852 62.071428298950202 418.07142639160162 119.7857131958008 0.034105926752090461 -0.0023885930422693487 -8.2161766279398297e-10 0.61831253767013561 -0.24483657628297803 0.12316685169935228 -0.0015133465058170257 -1.8319228887557981 96.26450347900392 0.064867377281188979 0.0069120244588702926 -6.473655939102172 -3.2710874080657955 0.21433828771114352 0.26289092004299169
decision_type=2 2 2 2 2 2 2 2 2 2 2 2 2 2 2 2 2 2 2 2 2 2 2 2 2 2 2 2
left_child=4 2 5 10 11 8 20 -7 -2 -8 21 12 24 18 -12 19 26 -14 -5 -6 -4 -3 -15 -21 -1 27 -17 -13
right_child=1 3 6 13 15 7 9 -9 -10 -11 14 25 17 22 -16 16 -18 -19 -20 23 -22 -23 -24 -25 -26 -27 -28 -29
leaf_value=0 0.19327048871987104 -0.32840624586523898 -0.23183789097462953 -0.53875599974578858 0 0.089368307571341982 -0.0074815498475967789 0 0.10788591846193105 -1.2359380197844498 -0.40108591645424929 0.17358865479731564 0 -1.6884123990223043 0.0043688158508189273 0.0040448809046810131 0.2788970961731177 1.1670575169818072 -0.26112365921499159 0 -1.5348164026190962 -0.81096704892127947 -0.95895713181570197 0 0 0 0 -0.014496787179268349
leaf_weight=84.688721418380737 9976.156699359417 789.57946610450745 116.66275346279144 242.9946494102478 1335.849568426609 20183.282447516918 649.71996939182281 2194.0909067988396 3977.0847302675247 107.0599592924118 734.52384442090988 20.220646917819977 139.05704665184021 649.67237091064453 2302.50153028965 13.667860448360441 13.943530917167662 115.18928998708725 105.54383754730225 3049.4422990083694 566.7536096572876 436.45260661840439 234.75434446334839 58.052101612091064 488.74529588222504 272.24491190910339 9567.2020198702812 17.076348543167114
leaf_count=58 8060 651 57 74 331 21087 253 346 4037 46 769 24 111 162 2390 23 2 30 19 3929 168 340 87 6 382 134 15008 23
internal_value=0 0.00171594 0.00256566 -0.00412064 -0.0133584 0.00294001 -0.00686533 0.00205208 0.00436284 -0.00189667 -0.00238024 -0.00715672 -0.00482867 -0.0101226 -0.00104082 -0.0138594 -0.0145115 0.00215443 -0.00483882 -0.0124465 -0.01234 -0.00568412 -0.0121841 -0.0114218 -0.00795012 -0.0133155 -0.0145545 -0.00276416
internal_weight=0 43266.8 37770.8 5496.02 15175.4 36330.6 1440.2 22377.4 13953.2 756.78 4263.06 1137.22 827.68 1232.97 3037.03 14038.2 9594.81 254.246 348.538 4443.34 683.416 1226.03 884.427 3107.49 573.434 309.542 9580.87 37.297
internal_count=58607 38546 34054 4492 20061 33530 524 21433 12097 299 4150 762 581 342 3159 19299 15033 141 93 4266 225 991 249 3935 440 181 15031 47
is_linear=0
shrinkage=0.03


Tree=8
num_leaves=29
num_cat=0
split_feature=15 21 3 23 15 32 17 22 21 13 13 24 21 31 32 10 26 14 21 24 32 36 24 17 21 10 22 33
split_gain=2628.61 194.246 173.729 63.4816 54.5878 51.3068 51.216 50.9901 45.8821 24.8306 26.8649 19.4755 15.5168 15.375 14.9723 14.9438 10.424 12.205 10.1931 8.01875 7.71482 6.79689 4.94581 4.37316 4.04923 2.67566 1.76061 1.12141
threshold=-3.498293280601501 0.43301145732402807 31.587518692016605 1.0000000180025095e-35 -0.99357706308364857 150.91912841796878 0.050096968188881881 1.7242037653923037 0.45503570139408117 0.49640780687332159 0.54456558823585521 -4.8296165289229969e-08 0.29498325288295751 61.45000076293946 20.998262405395511 0.02035543974488974 -1.0000000180025095e-35 8.3208713531494158 0.75550952553749096 0.0081857517361640948 41.36841011047364 -1.0773258209228513 0.0058405438903719195 -0.091757990419864641 1.1419847011566164 0.0095067033544182795 0.49156664311885839 68.71527481079103
decision_type=2 2 2 2 2 2 2 2 2 2 2 2 2 2 2 2 2 2 2 2 2 2 2 2 2 2 2 2
left_child=1 12 3 27 6 -6 -5 13 9 14 -11 15 20 18 -3 -10 21 -18 -4 -15 26 -14 -9 -22 -24 -13 -1 -2
right_child=2 8 7 4 5 -7 -8 22 11 10 -12 25 16 19 -16 -17 17 -19 -20 -21 23 -23 24 -25 -26 -27 -28 -29
leaf_value=0.17306031044226999 -1.4598753451013575 -0.0096309811703410384 0.017764142531762186 0.17275468073418582 0.052280185783540302 -0.249911261105732 0.0095288595418309852 -0.71692156848709276 0 0 0.027803493920944975 0 1.38770716682227 -0.36420595119958188 0.16034309625405888 0 0.0026861080263716947 -0.007145266041694338 -0.81010044162013883 0.13349265916110473 0.50556631391472362 0 -0.7190794252877476 -0.0083798279210770751 -2.2161639379378988 0.15839887752394083 0.45300473866001273 -1.1002633627986191
leaf_weight=60.238727927207947 154.65599262714386 37.87854015827179 162.42847329378128 19236.477569699287 13993.100925385952 1173.2866849303246 4221.0170308947563 120.83492612838745 2220.0107334852219 1905.8920093774796 44.362235128879547 9875.3559633493423 48.513301730155945 411.32013642787933 129.75510555505753 1281.70506721735 385.29984629154205 79.848552405834198 547.04880982637405 595.31955802440643 39.919678151607513 688.38799846172333 358.86284703016281 76.335130095481873 400.69573080539703 11.389883995056151 99.125755786895752 83.146152913570404
leaf_count=75 28 7 84 15396 16044 1321 2991 26 3008 772 10 15697 37 353 50 390 287 31 398 590 32 631 131 75 81 2 45 15
internal_value=0 -0.0122009 0.0018115 0.00231377 0.00240931 0.00100522 0.00331644 -0.00569921 -0.0131914 -0.00906362 -0.010017 -0.0138429 -0.00179538 -0.0026752 0.00193617 -0.011891 -0.00327475 0.000210814 -0.00605695 -0.000275042 0.00459648 -0.00549391 -0.0115719 -0.00116584 -0.012487 -0.014532 0.00888435 -0.0131132
internal_weight=0 16984 41458.2 38861.7 38623.9 15166.4 23457.5 2596.51 15506.3 2117.89 1950.25 13388.5 1477.67 1716.12 167.634 3501.72 1202.05 465.148 709.477 1006.64 275.619 736.901 880.394 116.255 759.559 9886.75 159.364 237.802
internal_count=58607 21149 37458 35795 35752 17365 18387 1663 19936 839 782 19097 1213 1425 57 3398 986 318 482 943 227 668 238 107 212 15699 120 43
is_linear=0
shrinkage=0.03


Tree=9
num_leaves=31
num_cat=0
split_feature=7 5 0 23 22 11 12 6 30 31 33 10 6 9 12 14 10 8 26 12 13 10 12 6 26 10 2 10 14 33
split_gain=2768.2 254.639 67.6183 66.1724 60.9697 58.9608 46.6439 27.1265 20.8108 17.4978 25.2064 16.895 15.9986 29.5431 15.2309 13.4925 12.6471 12.2747 11.9042 12.0688 9.00818 8.78891 7.38936 6.99973 6.33833 5.13269 3.13891 2.75898 1.31469 1.13756
threshold=1.0000000180025095e-35 43.89366531372071 0.03024999983608723 1.0000000180025095e-35 1.7242037653923037 -0.18771857768297193 7.8421380519866952 -1.0000000180025095e-35 62.071428298950202 373.11666870117193 76.25858306884767 0.032404528930783279 -2.3269088268280025 0.024050215259194378 0.71422952413558971 -69.916957855224595 0.25102302432060247 0.085061676800251021 6.4078709005599432e-10 7.8421380519866952 0.32185652852058416 0.02035543974488974 1.1078033447265627 -6.473655939102172 -0.0053448223043233148 0.0038135759532451634 -14.633531570434569 0.0066437360364943751 7.5750994682312021 68.71527481079103
decision_type=2 2 2 2 2 2 2 2 2 2 2 2 2 2 2 2 2 2 2 2 2 2 2 2 2 2 2 2 2 2
left_child=5 2 7 29 8 9 -5 20 17 10 22 -9 13 27 -12 24 -10 -3 19 -14 -2 -20 -1 25 -6 -11 -17 -7 -25 -4
right_child=1 4 3 6 15 12 -8 11 16 23 14 -13 18 -15 -16 26 -18 -19 21 -21 -22 -23 -24 28 -26 -27 -28 -29 -30 -31
leaf_value=0 -0.0046964233245762642 -0.74854620073212708 -1.4160790847483171 0.097095951695934976 -1.5076548146789226 0 0.37156598945449243 -0.0026810492271402593 -0.026735619202791449 0.26550252137058422 1.1982556276253762 0 0 0.15299092451696375 0 -0.38444227105459122 -0.43010994407140518 -0.060462402012700887 0 0.39999999046325679 0.16629980114693849 0 0 0 -0.15232241983076183 -0.010763213593697571 -1.5419872429907464 0 0 -1.0681148014904378
leaf_weight=349.57031798362732 222.18504554033279 833.70943588018417 154.65599262714386 34813.206196606159 72.252988219261169 130.1833221912384 1824.9431110024452 896.7303478717804 1938.945636510849 19.00402307510376 101.68802845478058 414.37461388111115 10597.177092015743 47.994062423706055 182.47708177566528 133.40997713804245 362.36940455436707 285.935622215271 2173.8201561570168 13.089289665222166 180.1368470788002 968.22818768024445 154.13785266876221 277.39503240585327 198.85106718540192 24.445566296577454 852.55078047513962 107.66527014970779 28.504358649253845 82.576658725738525
leaf_count=261 112 538 28 33455 23 156 522 802 1877 18 23 65 15498 4 130 44 436 252 3237 1 95 314 120 148 73 36 210 89 26 14
internal_value=0 0.00158479 0.00238639 0.00265732 -0.00502389 -0.0133062 0.00276 -0.00343492 -0.00294091 -0.00670622 -0.00419475 -0.00552978 -0.0138396 -0.00669606 0.00290734 -0.0106772 -0.00130004 -0.00629808 -0.0139867 -0.0144769 0.00335308 -0.0123246 -0.00823002 -0.0123133 -0.00464889 -0.000668742 -0.0123163 -0.0110648 -0.0139145 -0.0131087
internal_weight=0 43266.8 38588.8 36875.4 4678.02 15175.4 36638.1 1713.43 3420.96 1137.22 787.873 1311.1 14038.2 285.843 284.165 1257.06 2301.32 1119.65 13752.3 10610.3 402.322 3142.05 503.708 349.349 271.104 43.4496 985.961 237.849 305.899 237.233
internal_count=58607 38546 35093 34019 3453 20061 33977 1074 3103 762 534 867 19299 249 153 350 2313 790 19050 15499 207 3551 381 228 96 54 254 245 174 42
is_linear=0
shrinkage=0.03


Tree=10
num_leaves=31
num_cat=0
split_feature=0 5 11 40 6 22 11 28 2 2 30 9 31 11 6 4 15 22 26 6 25 0 32 25 11 25 15 5 9 30
split_gain=2659.04 246.5 200.794 104.796 73.4007 44.7278 41.7279 36.0411 34.9877 34.3877 24.6179 36.1705 20.3664 19.1404 17.9243 15.9894 15.0502 13.1613 12.3616 36.41 9.90588 9.26468 7.50183 7.35973 5.76807 5.46387 10.92 1.90655 1.45331 0.630237
threshold=0.03024999983608723 58.134807586669929 -0.18771857768297193 1.0000000180025095e-35 33.086282730102546 1.7242037653923037 -0.18257127702236173 75.500000000000014 42.910984039306648 -2.2725577354431148 505.57142639160162 0.0049575832672417173 124.61666488647462 1.0000000180025095e-35 -1.0000000180025095e-35 -1.0000000180025095e-35 -0.94804024696350087 1.7242037653923037 6.4078709005599432e-10 -15.055438518524168 0.00063489697640761744 2.8355000019073491 70.342563629150405 -0.0015133465058170257 -0.43537032604217524 0.0095742219127714651 -0.90078672766685475 -16.867696762084957 0.012363943737000229 1416.7857055664065
decision_type=2 2 2 2 2 2 2 2 2 2 2 2 2 2 2 2 2 2 2 2 2 2 2 2 2 2 2 2 2 2
left_child=2 3 10 4 9 15 18 -7 17 -2 11 14 -13 -8 -1 -5 -6 22 19 -4 -15 -19 -3 -20 27 28 -27 -12 -10 -26
right_child=1 8 6 5 16 7 13 -9 25 -11 24 12 -14 20 -16 -17 -18 21 23 -21 -22 -23 -24 -25 29 26 -28 -29 -30 -31
leaf_value=0.015640585307577882 0.18791749358402865 -0.44429194715778753 0.15307488370660918 -0.31910564001473746 0.048740072623686959 -1.2816128984108228 0.61348139688099124 0.51239488215727469 -0.83565442050518679 0.082870421522635754 -0.013738987156079371 0 0.78026354087297645 -0.10354671184161356 0 -1.2833338844564595 -0.13526996561160243 -0.6835761988708059 0 0 -2.3715340604719599 0.12348122212354368 -0.14103786014183969 0 0 -0.035816116232388014 -1.6804389423477288 -8.0583240791150837e-05 -1.389977981740611 0
leaf_weight=277.9015936255455 10802.826595783234 768.14263141155243 39.837363183498383 311.62043648958206 3294.258570253849 88.199111819267273 88.651449859142303 242.93647450208664 50.582641541957855 21012.031324267387 15.548295199871061 480.41752749681473 378.95326370000839 246.08200407028198 703.71677923202515 655.44331961870193 1791.6169840097427 580.81560242176056 791.33595478534698 10872.391027569771 127.87391126155853 46.504277944564819 1118.4852458238602 2673.9888513684273 194.95384293794632 85.299104690551758 306.06620806455612 67.929010987281799 434.19170087575912 52.17676967382431
leaf_count=219 9132 681 4 142 2908 23 28 115 42 20445 21 149 88 247 730 217 2397 196 258 15543 28 16 948 3669 87 34 140 55 162 51
internal_value=0 0.00182915 -0.0122495 0.0025175 0.00281252 -0.00585478 -0.0134966 0.003625 -0.0059218 0.00334754 -0.00371865 -0.00235316 0.00212748 -0.00457323 -0.00629015 -0.00911649 -0.000531353 -0.00411166 -0.0137825 -0.0142879 -0.00756397 -0.00788834 -0.00284617 -0.0121849 -0.011262 -0.0110933 -0.0083315 -0.00414862 -0.0132811 -0.0135911
internal_weight=0 41589 17011.8 38198.9 36900.7 1298.2 14840.2 331.136 3390.09 31814.9 2171.6 1840.99 859.371 462.607 981.618 967.064 5085.88 2513.95 14377.6 10912.2 373.956 627.32 1886.63 3465.32 330.608 876.14 391.365 83.4773 484.774 247.131
internal_count=58775 37598 21177 35379 34882 497 19777 138 2219 29577 1400 1186 237 303 949 359 5305 1841 19474 15547 275 212 1629 3927 214 378 174 76 204 138
is_linear=0
shrinkage=0.03


Tree=11
num_leaves=31
num_cat=0
split_feature=15 5 9 40 6 6 9 1 2 32 9 24 35 36 37 26 37 10 10 32 9 30 9 36 13 30 28 23 5 32
split_gain=2619.74 263.34 169.295 98.9 71.7867 70.9438 52.3915 47.5809 43.0586 38.089 20.1149 17.2819 16.6077 14.5725 13.7373 13.4138 16.4042 10.9364 25.1789 9.33596 10.9639 8.89107 4.98184 4.56384 4.55456 1.14635 1.1251 1.01526 0.566772 0.282462
threshold=-3.498293280601501 58.134807586669929 1.0000000180025095e-35 1.0000000180025095e-35 -2.3269088268280025 33.086282730102546 0.054518984630703933 -4.6497018337249747 42.910984039306648 47.187690734863288 0.0032587938476353888 -5.450345036406289e-13 -0.092391006648540483 0.2139866501092911 -15.808367252349852 -0.0030974226538091894 -8.4405245780944806 0.02035543974488974 0.018715891987085346 96.26355361938478 0.12969527393579486 273.35713195800787 0.0067682501394301662 -0.03995073772966861 0.98042279481887828 351.21427917480474 70.500000000000014 53.750768661499031 -40.585058212280266 347.16606140136724
decision_type=2 2 2 2 2 2 2 2 2 2 2 2 2 2 2 2 2 2 2 2 2 2 2 2 2 2 2 2 2 2
left_child=2 3 11 5 19 7 10 -2 15 14 -6 17 -11 -7 -5 16 -3 18 -1 20 -4 -17 -21 27 -25 -13 -8 -10 -19 -27
right_child=1 8 4 9 6 13 26 -9 23 12 -12 25 -14 -15 -16 21 -18 28 -20 22 -22 -23 -24 24 -26 29 -28 -29 -30 -31
leaf_value=0 0.25111420342737117 0.17487670966280014 0.18138281594767877 -0.060140641889373479 0 -0.099223375078011669 -0.0096267373030987386 0.09010726903102316 -1.338659703827626 0.76549975983222562 0 0 -0.46546342540226893 0.10249447607917671 -1.1853838650587318 -0.33610544760301975 -0.91273017623777219 0 1.328779724861332 -0.00054980080001848736 0.16506563209666517 0.0014084920589711469 -0.030770174405621246 -0.66663599939694484 -1.516571095377746 0 0 -1.7300932055158116 0 0
leaf_weight=2989.3108360171318 5523.6412281990051 107.88926261663437 441.06202149391174 58.069595456123352 941.08220028877258 3371.0221508741379 102.44046092033386 26199.107650816441 51.742208898067474 195.47028613090515 1089.0161143541336 7953.8405869603157 497.4624999165535 1745.2346519827843 550.04443168640137 1290.556460916996 443.23075842857361 74.511255741119385 34.568765938282013 59.630615174770355 78.535737991333008 672.271275639534 36.425661325454712 191.76028299331665 316.01338940858841 652.0708481669426 905.61026591062546 471.32406002283096 1155.4846656322479 402.34764456748962
leaf_count=4487 3861 51 273 35 1126 3545 12 25692 20 105 416 12812 178 1787 179 953 273 25 8 74 6 564 22 110 117 793 110 163 356 622
internal_value=0 0.00172938 -0.0122682 0.00245662 -0.0065413 0.002744 -0.00843523 0.00327277 -0.00609028 -0.00566717 -0.00564447 -0.0138446 -0.000833434 -0.000531618 -0.0111452 -0.00396244 -0.00811071 -0.0122414 -0.0112448 0.00277983 0.00438481 -0.00278828 -0.00572437 -0.0112605 -0.00911908 -0.0145992 -0.014035 -0.0133 -0.0146739 -0.0134482
internal_weight=0 41684.8 16915.9 38140.1 3653.8 36839 3038.15 31722.7 3544.79 1301.05 2030.1 13262.1 692.933 5116.26 608.114 2513.95 551.12 4253.88 3023.88 615.654 519.598 1962.83 96.0563 1030.84 507.774 9008.26 1008.05 523.066 1230 1054.42
internal_count=58775 37633 21142 35382 2039 34885 1664 29553 2251 497 1542 19103 283 5332 214 1841 324 4876 4495 375 279 1517 96 410 227 14227 122 183 381 1415
is_linear=0
shrinkage=0.03


Tree=12
num_leaves=29
num_cat=0
split_feature=7 5 40 0 6 9 22 22 6 28 9 9 25 32 10 10 36 33 9 5 28 9 32 30 33 1 31 5
split_gain=2712.82 240.203 82.2646 68.46 64.6894 41.5916 37.3894 36.8239 35.0513 34.3754 20.1753 46.0113 18.8432 17.8964 15.1651 23.7543 14.9056 14.4604 10.8158 8.26301 7.00291 5.60259 3.54344 0.863555 0.814372 0.610033 0.589601 0.56617
threshold=1.0000000180025095e-35 58.134807586669929 1.0000000180025095e-35 0.03024999983608723 33.086282730102546 1.0000000180025095e-35 1.7242037653923037 2.9450031518936162 -1.0000000180025095e-35 75.500000000000014 0.036121573299169547 0.032501902431249625 -2.1264074945293029e-08 70.342563629150405 0.02035543974488974 0.018715891987085346 -1.0773258209228513 68.71527481079103 0.078500002622604384 150.01179504394534 85.500000000000014 0.020285462960600856 62.930965423583991 351.21427917480474 301.64356994628912 -1.7602347135543821 39.583332061767585 -40.585058212280266
decision_type=2 2 2 2 2 2 2 2 2 2 2 2 2 2 2 2 2 2 2 2 2 2 2 2 2 2 2 2
left_child=5 2 3 8 -5 12 16 13 -2 -8 11 21 14 18 15 -1 -4 -15 -3 -9 -12 -7 -22 26 -25 -21 -14 -16
right_child=1 7 6 4 -6 10 9 19 -10 -11 20 -13 23 17 27 -17 -18 -19 -20 25 22 -23 -24 24 -26 -27 -28 -29
leaf_value=0 0.18011811654014886 -0.86149164184165516 0.090059551175469335 0.11078132873296592 -0.029050466682061443 0 -1.2076029955067362 -0.62368374111773417 -0.0026006177503260517 0.4935056246861213 0 1.261575477078658 0 1.9672557365356425 0 1.2889163331154918 -0.97525644887621721 -0.29319682578092982 -0.31286996787005245 -1.1940879462539233 0 -0.012601014183132362 0 0 0 -2.0374236520290312 0 0
leaf_weight=2272.3176544904709 352.5301701426506 848.47016990184784 111.21290570497513 31811.171198904514 5085.8755542635918 863.48062264919281 88.199111819267273 85.662713527679443 1290.0791200399399 253.76408618688583 107.27671551704407 85.253099918365479 1540.4817764163017 186.08969104290009 74.511255741119385 34.568765938282013 876.92213553190231 1481.6487398147583 428.14477568864822 111.52632808685303 227.69991779327393 106.0352236032486 528.66076844930649 746.32213550806046 600.53162264823914 403.24528086185455 6849.3066106438637 1149.7897236347198
leaf_count=3255 204 559 39 29573 5305 830 23 14 854 118 14 11 2655 102 25 8 325 1119 352 33 29 29 66 990 916 72 10900 355
internal_value=0 0.00148529 0.00215096 0.0024044 0.00267143 -0.0132456 -0.00517949 -0.00599683 -0.00358351 0.00333596 -0.00908927 -0.00627186 -0.0138451 -0.00460658 -0.0119382 -0.0104777 -0.0081418 -0.00254521 -0.00728571 -0.0127797 -0.0125072 -0.00814141 -0.0135374 -0.0145345 -0.0136138 -0.0142263 -0.0146797 -0.0146724
internal_weight=0 43414.5 39869.8 38539.7 36897 15186.2 1330.1 3544.79 1642.61 341.963 1918.41 1054.77 13267.8 2944.35 3531.19 2306.89 988.135 1667.74 1276.61 600.434 863.637 969.516 756.361 9736.64 1346.85 514.772 8389.79 1224.3
internal_count=58775 38692 36441 35936 34878 20083 505 2251 1058 141 979 870 19104 2132 3643 3263 364 1221 911 119 109 859 95 15461 1906 105 13555 380
is_linear=0
shrinkage=0.03


Tree=13
num_leaves=30
num_cat=0
split_feature=39 5 15 40 24 11 1 2 22 24 10 10 22 10 36 0 31 28 15 22 28 22 21 11 36 28 28 24 31
split_gain=2677.41 209.558 98.089 71.5958 49.9358 52.8327 44.0225 39.9497 36.7178 20.589 19.0652 51.1339 11.6582 11.5776 11.5371 8.49547 8.16242 9.04233 7.24287 5.66346 7.63168 5.32471 3.14595 2.8023 2.77566 1.55891 1.01748 0.775695 0.533985
threshold=1.0000000180025095e-35 58.134807586669929 -3.498293280601501 1.0000000180025095e-35 0.0048814720939844855 -0.18771857768297193 -4.6497018337249747 42.910984039306648 1.7242037653923037 -4.8296165289229969e-08 0.02035543974488974 0.018715891987085346 1.7242037653923037 1.0000000180025095e-35 0.04093561880290509 2.8355000019073491 446.58334350585943 617.50000000000011 -3.4037288427352901 1.7242037653923037 205.50000000000003 1.3542608618736269 0.62109938263893139 -0.21354664862155912 0.53621533513069164 305.50000000000006 70.500000000000014 -8.2161766279398297e-10 39.583332061767585
decision_type=2 2 2 2 2 2 2 2 2 2 2 2 2 2 2 2 2 2 2 2 2 2 2 2 2 2 2 2 2
left_child=1 2 4 6 5 -1 -4 12 -5 10 11 21 14 25 -3 -14 18 -18 -15 20 -9 -2 -21 -12 -6 28 -25 -27 -11
right_child=9 7 3 8 24 -7 -8 19 -10 13 23 -13 15 16 -16 -17 17 -19 -20 22 -22 -23 -24 26 -26 27 -28 -29 -30
leaf_value=0 0 -0.33807954565935483 0.20856467815600124 -0.90355545036008811 7.8018532509781547e-05 0 0.072803093743093059 -0.94461612814017748 0.14177611363203144 0 -9.9005095823137949e-05 1.2081213675587641 -0.59154652854676015 0 0.055508798026723809 0.12853043547149615 0.29674109344286748 -0.17608983807783168 -2.014340406888079 -0.81464008271135524 -0.16458012847081926 -0.0094644830777772665 -1.8734607210619714 0 7.8018532509781547e-05 0 0 0 0
leaf_weight=1787.8283163905144 2371.843884408474 1236.5162417888641 6307.9559689760208 833.23261940479279 167.16395449638367 865.93059456348419 30447.705494523048 286.1677702665329 331.13558632135391 1551.892251431942 58.20960259437561 73.320174992084503 580.81560242176056 45.172227621078491 649.54214125871658 46.504277944564819 34.447312891483307 69.324334323406219 212.67296874523163 56.212155342102051 108.1508612036705 39.23339456319809 460.32169651985168 184.70940828323364 134.15018367767334 187.36358696222305 1361.6647808551788 1311.8298651576042 6799.7606165409088
leaf_count=1278 3272 1058 4532 336 22 413 30234 169 138 2675 24 13 196 44 570 16 8 36 84 11 92 14 108 50 15 315 365 1903 10784
internal_value=0 0.00137363 0.00197113 0.00238162 -0.00329078 -0.00460876 0.00261392 -0.00575363 -0.00493648 -0.0135553 -0.011731 -0.0100597 -0.00379253 -0.0142837 -0.00260061 -0.00734726 -0.00888081 -0.00159697 -0.0117454 -0.0111435 -0.00831227 -0.0108145 -0.0132658 -0.0143055 0.00825571 -0.01448 -0.0145603 -0.01343 -0.0146659
internal_weight=0 44299.3 40875.1 37920 2955.07 2653.76 36755.7 3424.23 1164.37 14301.4 4088.98 2484.4 2513.38 10212.5 1886.06 627.32 361.617 103.772 257.845 910.852 394.319 2411.08 516.534 1604.58 301.314 9850.85 1546.37 1499.19 8351.65
internal_count=58775 39188 36968 35240 1728 1691 34766 2220 474 19587 3738 3299 1840 15849 1628 212 172 44 128 380 261 3286 119 439 37 15677 415 2218 13459
is_linear=0
shrinkage=0.03


Tree=14
num_leaves=28
num_cat=0
split_feature=7 5 11 40 2 1 32 36 5 22 25 5 26 37 25 37 25 12 22 12 26 22 25 26 26 36 3
split_gain=2690.29 233.477 82.4773 81.5275 44.0647 37.2947 35.9568 32.3482 23.4066 17.619 14.8181 16.4061 14.2212 16.0412 13.5934 12.4139 9.17917 9.16014 9.0212 6.79934 9.16734 5.29175 9.82244 9.18165 4.34908 4.01785 1.37631
threshold=1.0000000180025095e-35 58.134807586669929 -0.18771857768297193 1.0000000180025095e-35 42.910984039306648 -4.166113853454589 47.187690734863288 0.53621533513069164 25.577583312988285 1.7242037653923037 -2.1264074945293029e-08 -3.241906881332397 -0.0030974226538091894 -8.4405245780944806 0.00023635484831174838 -15.808367252349852 -0.00053498431225307275 7.8421380519866952 2.9450031518936162 0.96213313937187206 -0.00026759499451145524 1.7242037653923037 0.0095742219127714651 0.0050042353104799995 -0.0053448223043233148 -0.94168496131896962 -1.0000000180025095e-35
decision_type=2 2 2 2 2 2 2 2 2 2 2 2 2 2 2 2 2 2 2 2 2 2 2 2 2 2 2
left_child=2 3 14 5 12 8 15 -7 -2 -8 16 -12 13 -3 19 -5 24 -18 -14 20 -1 22 -6 -23 -4 -21 -13
right_child=1 4 10 6 21 7 9 -9 -10 -11 11 26 18 -15 -16 -17 17 -19 -20 25 -22 23 -24 -25 -26 -27 -28
leaf_value=0 0.22137737400894189 0.16819267356984358 0 -0.014523637843888751 -0.90712983962730065 0.041774833098937827 -0.59502050826375641 0.11978615831140176 -0.023768083367395967 0.40565418848872031 -0.074861030087273767 0 -0.16164958654731426 -0.85214999657734647 -0.032828578702275839 -1.1200970925729488 0 0.38799999074935909 -1.1409581396549919 0.047025582492616853 0 -0.76310903772797956 -0.24133763057765817 -1.8088095927219867 0 0 0
leaf_weight=294.89221549034119 6526.1555767059326 107.88926261663437 112.43034601211548 58.069595456123352 270.73715138435364 22697.672091066837 473.50532388687134 8519.262711763382 796.56566381454468 242.78394621610641 39.126481711864471 63.430260956287384 1833.9284300208092 443.23075842857361 99.409688770771027 555.73937368392944 2152.6620187163353 17.365776240825653 128.89930653572083 69.132761120796204 387.82311397790909 72.195900082588196 142.19697850942612 545.70991134643555 1550.7398862838745 322.64003479480743 10076.583308875561
leaf_count=99 4769 51 16 35 163 21827 188 8705 635 102 5 23 1478 273 23 180 3141 5 39 42 358 12 110 125 524 250 15597
internal_value=0 0.00149913 -0.0131705 0.00215541 -0.00587745 0.00240772 -0.00514208 0.0019548 0.00433624 -0.000552486 -0.0138111 -0.0144196 -0.00372532 -0.00799428 -0.00550762 -0.0104687 -0.0121898 -0.0108654 -0.00251731 -0.00649574 -0.0083178 -0.011107 -0.00835293 -0.0129151 -0.013905 -0.00327577 -0.0144948
internal_weight=0 43414.5 15186.2 39869.8 3544.79 38539.7 1330.1 31216.9 7322.72 716.289 14012.3 10179.1 2513.95 551.12 1173.9 613.809 3833.2 2170.03 1962.83 1074.49 682.715 1030.84 412.934 617.906 1663.17 391.773 10140
internal_count=58775 38692 20083 36441 2251 35936 505 30532 5404 290 19311 15625 1841 324 772 215 3686 3146 1517 749 457 410 273 137 540 292 15620
is_linear=0
shrinkage=0.03


Tree=15
num_leaves=27
num_cat=0
split_feature=39 5 0 15 22 9 22 10 10 10 10 30 32 10 12 5 30 32 6 12 30 33 33 33 1 30
split_gain=2528.37 193.547 175.138 59.5304 47.8968 45.1049 39.3534 32.7388 24.9601 25.6954 53.2732 23.1829 20.51 19.0739 13.0738 8.60329 7.94808 7.26301 5.47559 3.80799 2.81427 12.956 2.73394 0.663759 0.289665 0.157018
threshold=1.0000000180025095e-35 50.020000457763679 0.03024999983608723 -0.99357706308364857 2.9450031518936162 0.054518984630703933 1.0810002684593203 0.11031517758965494 1.0000000180025095e-35 0.02035543974488974 0.018715891987085346 703.14285278320324 47.187690734863288 0.0023239419097080831 0.93349409103393566 91.531940460205092 98.214286804199233 347.16606140136724 68.192291259765639 1.3572806119918825 176.92857360839847 41.081954956054695 51.387145996093757 29.749608993530277 -1.7602347135543821 37.464284896850593
decision_type=2 2 2 2 2 2 2 2 2 2 2 2 2 2 2 2 2 2 2 2 2 2 2 2 2 2
left_child=1 2 5 7 12 13 -5 -4 20 10 11 -10 15 -1 -14 -3 -7 19 -6 -11 25 23 -23 -22 -20 -2
right_child=8 4 3 6 18 16 -8 -9 9 17 -12 -13 14 -15 -16 -17 -18 -19 24 -21 21 22 -24 -25 -26 -27
leaf_value=0 0 -0.35897351424420032 0.11261895082915482 0.033906076490869456 -2.3930864468373461 -0.018818991827517003 -0.24536947635245079 0.25106003737787941 0 0 1.3174812200511117 2.4174972237345249e-06 -0.25862504811831516 -0.0035766710494095693 0.016161714019069226 -0.97488700653833349 -0.0017928312817901994 0 -1.1203780823314453 0 0.29999999999999999 0 0 0.099999997615814198 -1.7997072385128967 0
leaf_weight=548.524285197258 1788.0746530890465 702.18429803848267 18867.392656743526 13478.422962129116 73.467470169067383 143.29386508464813 941.00274360179901 3783.927891433239 1275.9117857217789 1657.159037232399 92.632558763027191 191.37008780241013 1104.8181408047676 1458.8541742563248 1092.1389196515083 575.40237629413605 681.08846664428711 61.628339648246765 140.53459048271179 127.41203916072845 13.383112967014313 60.081636250019073 3227.4736686944962 11.959377706050873 379.97633934020996 6002.2198093533516
leaf_count=839 3094 630 16900 16457 12 20 370 829 1406 419 21 173 765 702 1007 306 79 27 42 46 16 96 4783 17 70 9490
internal_value=0 0.000977023 0.00161288 0.00216251 -0.00525494 -0.00557617 0.000654386 0.00312185 -0.0134649 -0.0111925 -0.00832793 -0.0097278 -0.00390179 -0.00313808 -0.00213343 -0.00692894 -0.0114893 -0.0136018 -0.0131352 -0.0139542 -0.0141602 -0.0133535 -0.0135201 0.0075182 -0.0142348 -0.0145004
internal_weight=0 43971 39902.5 37070.7 4068.52 2831.76 14419.4 22651.3 14509.3 3406.11 1559.91 1467.28 3474.54 2007.38 2196.96 1277.59 824.382 1846.2 593.978 1784.57 11103.2 3312.9 3287.56 25.3425 520.511 7790.29
internal_count=58616 39028 36196 34556 2832 1640 16827 17729 19588 2092 1600 1579 2708 1541 1772 936 99 492 124 465 17496 4912 4879 33 112 12584
is_linear=0
shrinkage=0.03


Tree=16
num_leaves=30
num_cat=0
split_feature=39 5 40 15 24 15 2 11 32 4 24 11 34 13 10 10 30 33 24 33 28 32 7 30 13 32 33 1 11
split_gain=2606.25 203.461 73.2363 53.1266 67.6443 48.5978 48.2386 38.7747 27.9085 16.9201 15.8143 14.8557 14.0813 13.1055 10.5951 25.3799 9.42244 10.9777 15.0751 12.1734 7.8056 7.6933 7.02281 12.7021 5.61228 4.76098 6.77095 4.16809 2.87525
threshold=1.0000000180025095e-35 43.89366531372071 1.0000000180025095e-35 -3.498293280601501 -0.0018922754679806528 -0.99357706308364857 42.910984039306648 -0.18771857768297193 47.187690734863288 -9.4332900047302228 -8.2161766279398297e-10 0.44681173563003546 0.50085806846618663 0.1031894087791443 0.02035543974488974 0.018715891987085346 109.07143020629884 128.49094390869143 -1.0000000180025095e-35 109.67576980590822 70.500000000000014 70.342563629150405 1.0000000180025095e-35 915.21429443359386 0.34754364192485815 51.450490951538093 68.71527481079103 28.697666168212894 -0.32851390540599817
decision_type=2 2 2 2 2 2 2 2 2 2 2 2 2 2 2 2 2 2 2 2 2 2 2 2 2 2 2 2 2
left_child=1 2 3 4 -1 -5 11 16 9 -4 14 13 -10 -3 15 -9 24 19 -19 -18 -16 -13 -12 -24 -2 27 -27 -8 -26
right_child=7 6 8 5 -6 -7 25 10 12 -11 22 21 -14 -15 20 -17 17 18 -20 -21 -22 -23 23 -25 28 26 -28 -29 -30
leaf_value=5.3784938453705979e-05 0.19812001019762254 0.4653602455898086 -0.095279265758019316 0.13610297440027738 -0.0034277128466492302 0.034989605267458514 -0.73816850811747881 0 -0.0056776349274111609 -1.2035419469557818 0 -0.27973086336780845 -1.5370485890136087 -0.69805527698453351 0 1.4385612879829295 0 0 0.0051899518907614359 1.219044906527007 0 -0.053807249906742127 -1.8359456940319712 0.39667957472280052 0 -0.20638887446697546 -0.83490324778217639 -1.5722473579065581 0
leaf_weight=807.69036382436752 23.574232399463654 48.200753509998322 139.96609419584274 21511.874141335487 2107.3889864683151 13507.439725756645 100.08743715286255 2578.2319040298462 716.35163241624832 385.43828690052032 9441.9289045929909 1281.5814059972763 89.495105683803558 844.96998178958893 132.6503974199295 35.409443080425262 83.684823632240295 146.46378022432327 24.488250553607941 57.668937683105469 1438.9806592464447 1539.9473508000374 302.45900934934616 35.522503912448883 68.50993412733078 98.212300539016724 332.45926922559738 459.92634427547455 139.73332613706589
leaf_count=218 20 21 85 17053 1480 16315 55 3760 286 109 14886 1246 20 410 40 9 36 110 7 11 393 1372 132 22 56 44 181 133 106
internal_value=0 0.00119779 0.0019045 0.00214751 -0.00174049 0.00247161 -0.00469602 -0.0134649 -0.00500705 -0.0103878 -0.0137719 -0.00312082 -0.00147596 -0.0064996 -0.0121999 -0.0109977 -0.00555491 -0.00208705 -0.0072237 0.00402298 -0.0141854 -0.00204497 -0.0144424 -0.0100174 -0.0101477 -0.0105828 -0.00809127 -0.0124631 -0.011732
internal_weight=0 43971 39265.6 37934.4 2915.08 35019.3 4705.38 14509.3 1331.25 525.404 13965.2 3714.7 805.847 893.171 4185.27 2613.64 544.123 312.306 170.952 141.354 1571.63 2821.53 9779.91 337.982 231.817 990.685 430.672 560.014 208.243
internal_count=58616 39028 35566 35066 1698 33368 3462 19588 500 194 19242 3049 306 431 4202 3769 346 164 117 47 433 2618 15040 154 182 413 225 188 162
is_linear=0
shrinkage=0.03


Tree=17
num_leaves=25
num_cat=0
split_feature=9 6 40 22 15 7 4 3 31 22 24 7 12 11 15 11 24 36 12 6 36 31 17 31
split_gain=2523.98 179.655 83.2417 76.2038 67.2416 50.0652 47.2984 32.7953 27.4476 22.853 20.5757 16.2636 13.2029 10.4961 10.2597 7.61794 9.15589 8.71229 7.53461 5.0139 4.42753 3.26124 0.401138 0.198011
threshold=1.0000000180025095e-35 48.528270721435554 1.0000000180025095e-35 2.9450031518936162 -3.498293280601501 0.092954896390438094 25.020025253295902 -2.5891411304473873 1325.3499755859377 1.7242037653923037 -8.2161766279398297e-10 0.0047515660990029582 0.75071495771408092 -0.18771857768297193 -2.2233146429061885 -0.18771857768297193 -0.0014444918488152323 0.26371623575687414 0.71422952413558971 79.701412200927749 -0.94168496131896962 147.44999694824222 -0.017759110778570172 39.583332061767585
decision_type=2 2 2 2 2 2 2 2 2 2 2 2 2 2 2 2 2 2 2 2 2 2 2 2
left_child=10 2 4 11 5 -2 -6 9 -9 -4 15 14 -13 -12 -3 17 -17 20 -19 -5 -1 -18 -21 -15
right_child=1 3 7 19 6 -7 -8 8 -10 -11 13 12 -14 23 -16 16 21 18 -20 22 -22 -23 -24 -25
leaf_value=0.19217640989169391 0 0.23975230822516622 -0.34851179651539316 -0.64389483612552822 0.097387846098139691 -0.0033612905712612968 -0.12669890846301401 -1.060282719264763 -0.00058427141454632449 0.74221116326855896 0.0051269240606953955 -0.60423320101545219 -0.21007278030809795 0 -0.28760953290421565 0 0 0.61387368289299682 -7.2524916712035743e-08 -1.0982068400794305 0 0 -1.7628999465733124 0
leaf_weight=26.245579719543457 3246.0853317379951 418.00025904178619 325.90888231992722 85.602015614509583 31979.348088204861 349.04773616790771 2376.3641219735146 925.99033892154694 104.30202353000641 149.42135113477707 11.389883995056151 326.98176270723343 3969.1262319087982 1460.4678430557251 161.46801555156708 1000.4586425423622 1052.5962229371071 28.060419082641602 39.727796137332916 133.62254476547241 148.67235493659973 1708.7441191673279 471.24265956878662 7981.4610615372658
leaf_count=17 1983 387 156 15 30506 39 1940 248 37 92 2 161 3655 2526 186 251 1529 4 42 40 99 2260 81 12360
internal_value=0 0.00101581 0.00172786 -0.00402874 0.00200262 -0.0018985 0.00241131 -0.00518635 -0.00819454 0.00130425 -0.0137907 -0.00270318 -0.00334081 -0.014563 0.00199708 -0.0119623 -0.0123 -0.0066523 0.00228715 -0.0133585 -0.0101989 -0.0113798 -0.0143414 -0.0145987
internal_weight=0 45022.5 39456.5 5566.04 37950.8 3595.13 34355.7 1505.62 1030.29 475.33 13457.8 4875.58 4296.11 9453.32 579.468 4004.51 3761.8 242.706 67.7882 690.467 174.918 2761.34 604.865 9441.93
internal_count=58616 39526 35001 4525 34468 2022 32446 533 285 248 19090 4389 3816 14888 573 4202 4040 162 46 136 116 3789 121 14886
is_linear=0
shrinkage=0.03


Tree=18
num_leaves=26
num_cat=0
split_feature=8 5 40 23 2 11 6 3 17 30 24 24 11 6 24 23 10 30 33 17 24 10 24 10 33
split_gain=2489.08 211.43 82.3804 71.4806 50.9938 47.2875 41.9375 32.8882 30.1884 23.1125 17.7824 13.6809 13.5845 13.8485 11.8481 10.8146 10.6208 6.98003 6.88638 5.27143 5.79067 3.03404 5.66711 2.75888 0.305045
threshold=1.0000000180025095e-35 50.020000457763679 1.0000000180025095e-35 49.803812026977546 42.910984039306648 -0.18771857768297193 33.086282730102546 -2.5891411304473873 -0.01068550208583474 131.75714111328128 -8.2161766279398297e-10 -0.033451821655035012 0.44681173563003546 -1.0000000180025095e-35 -1.0000000180025095e-35 30.61513710021973 0.02035543974488974 32.071428298950202 128.49094390869143 0.25229577720165258 0.032810242846608169 0.079882148653268828 -0.0014444918488152323 0.022007901221513752 102.31404495239259
decision_type=2 2 2 2 2 2 2 2 2 2 2 2 2 2 2 2 2 2 2 2 2 2 2 2 2
left_child=3 2 6 21 12 14 8 15 -2 -9 16 -8 13 -3 18 -4 -7 -14 -5 20 -6 22 -1 -21 -24
right_child=1 4 7 5 19 10 11 9 -10 -11 -12 -13 17 -15 -16 -17 -18 -19 -20 23 -22 -23 24 -25 -26
leaf_value=-0.00098627797664591131 0.1306552691522522 0.38198227785897954 0.28399583455055488 0 -0.67398433581259076 0 -0.58398660551000914 -1.2872223509131306 0.037712672106644474 -0.5245918279970998 0 -0.017174511148225061 -0.47753752886004053 -0.73746925154877463 0.0049986506381249976 -0.39166664005511548 0 -0.11203416124679479 0 -0.93560231682214179 -0.40484401506302303 5.2171390300094801e-05 0.0001028313853994769 -1.6498465770960389 0.0001028313853994769
leaf_weight=29.93451988697052 12672.154386401176 37.12134850025177 314.19090646505356 348.45880705118179 184.69968724250793 2604.7387307286263 124.00744354724884 474.22965347766876 21354.235294401646 534.88517153263092 9441.9289045929909 4371.6437492966652 409.96487557888031 694.1808357834816 31.997927248477936 161.13932698965073 1567.6947638988495 1964.1318252682686 163.66655045747757 119.38719534873962 109.0806211233139 52.926654756069183 33.56209009885788 669.6274933218956 10.74652326107025
leaf_count=10 11016 15 194 219 108 3759 120 118 19984 159 14886 4613 280 328 9 54 430 1819 118 68 69 7 44 174 15
internal_value=0 0.00108522 0.0017569 -0.0133193 -0.00532665 -0.0135208 0.00202443 -0.00517405 0.00238433 -0.00823957 -0.0138681 -0.000696119 -0.00336397 -0.00694779 -0.00480064 0.00130425 -0.0122097 -0.00225249 -0.00593038 -0.0109375 -0.00735443 0.00897325 0.00470562 -0.0122471 0.0115705
internal_weight=0 44194.7 40006.5 14285.7 4188.19 14158.5 38522 1484.45 34026.4 1009.11 13614.4 4495.65 3105.4 731.302 544.123 475.33 4172.43 2374.1 512.125 1082.79 293.78 127.17 74.2431 789.015 44.3086
internal_count=58616 39119 36258 19497 2861 19421 35733 525 31000 277 19075 4733 2442 343 346 248 4189 2099 337 419 177 76 69 242 59
is_linear=0
shrinkage=0.03


end of trees

feature_importances:
price_std_60d=39
return_60d=32
bb_width=31
return_30d=30
volume_std_30d=29
price_zscore_30d=25
macd_line=25
price_std_20d=24
macd_signal=20
volume_mean_7d=20
volume_lag_1d=19
price_lag_1d=16
vol_regime_60_30=16
price_log=16
volume_std_60d=16
macd_histogram=15
volume_zscore_30d=15
price_std_14d=14
macd_missing=14
volume_mean_30d=12
price_std_7d=11
trend_divergence_30_60=11
return_1d=10
return_3d=10
return_14d=7
price_accel_7d=7
bb_pct_b=7
rsi_14=7
volume_price_conf_7d=6
rsi_missing=6
log_return_1d=5
return_7d=4
volume_lag_7d=3
volume_log_change_7d=3
log_return_7d=1
volume_log_change_1d=1
volume_price_conf_1d=1

parameters:
[boosting: gbdt]
[objective: quantile]
[metric: quantile]
[tree_learner: serial]
[device_type: cpu]
[data_sample_strategy: bagging]
[data: ]
[valid: ]
[num_iterations: 1000]
[learning_rate: 0.03]
[num_leaves: 31]
[num_threads: -1]
[seed: 42]
[deterministic: 0]
[force_col_wise: 0]
[force_row_wise: 0]
[histogram_pool_size: -1]
[max_depth: 5]
[min_data_in_leaf: 15]
[min_sum_hessian_in_leaf: 0.001]
[bagging_fraction: 0.7]
[pos_bagging_fraction: 1]
[neg_bagging_fraction: 1]
[bagging_freq: 5]
[bagging_seed: 400]
[feature_fraction: 0.6]
[feature_fraction_bynode: 1]
[feature_fraction_seed: 30056]
[extra_trees: 0]
[extra_seed: 12879]
[early_stopping_round: 0]
[early_stopping_min_delta: 0]
[first_metric_only: 0]
[max_delta_step: 0]
[lambda_l1: 0.5]
[lambda_l2: 0.5]
[linear_lambda: 0]
[min_gain_to_split: 0.1]
[drop_rate: 0.1]
[max_drop: 50]
[skip_drop: 0.5]
[xgboost_dart_mode: 0]
[uniform_drop: 0]
[drop_seed: 17869]
[top_rate: 0.2]
[other_rate: 0.1]
[min_data_per_group: 100]
[max_cat_threshold: 32]
[cat_l2: 10]
[cat_smooth: 10]
[max_cat_to_onehot: 4]
[top_k: 20]
[monotone_constraints: ]
[monotone_constraints_method: basic]
[monotone_penalty: 0]
[feature_contri: ]
[forcedsplits_filename: ]
[refit_decay_rate: 0.9]
[cegb_tradeoff: 1]
[cegb_penalty_split: 0]
[cegb_penalty_feature_lazy: ]
[cegb_penalty_feature_coupled: ]
[path_smooth: 0]
[interaction_constraints: ]
[verbosity: -1]
[saved_feature_importance_type: 0]
[use_quantized_grad: 0]
[num_grad_quant_bins: 4]
[quant_train_renew_leaf: 0]
[stochastic_rounding: 1]
[linear_tree: 0]
[max_bin: 63]
[max_bin_by_feature: ]
[min_data_in_bin: 3]
[bin_construct_sample_cnt: 200000]
[data_random_seed: 175]
[is_enable_sparse: 1]
[enable_bundle: 1]
[use_missing: 1]
[zero_as_missing: 0]
[feature_pre_filter: 0]
[pre_partition: 0]
[two_round: 0]
[header: 0]
[label_column: ]
[weight_column: ]
[group_column: ]
[ignore_column: ]
[categorical_feature: ]
[forcedbins_filename: ]
[precise_float_parser: 0]
[parser_config_file: ]
[objective_seed: 16083]
[num_class: 1]
[is_unbalance: 0]
[scale_pos_weight: 1]
[sigmoid: 1]
[boost_from_average: 1]
[reg_sqrt: 0]
[alpha: 0.5]
[fair_c: 1]
[poisson_max_delta_step: 0.7]
[tweedie_variance_power: 1.5]
[lambdarank_truncation_level: 30]
[lambdarank_norm: 1]
[label_gain: ]
[lambdarank_position_bias_regularization: 0]
[eval_at: ]
[multi_error_top_k: 1]
[auc_mu_weights: ]
[num_machines: 1]
[local_listen_port: 12400]
[time_out: 120]
[machine_list_filename: ]
[machines: ]
[gpu_platform_id: -1]
[gpu_device_id: -1]
[gpu_use_dp: 0]
[num_gpu: 1]

end of parameters

pandas_categorical:[]
