tree
version=v4
num_class=1
num_tree_per_iteration=1
label_index=0
max_feature_idx=54
objective=quantile
feature_names=price_lag_1d return_1d return_3d return_7d return_14d return_30d return_60d price_std_7d price_std_14d price_std_20d price_std_30d price_std_60d price_zscore_30d vol_regime_60_30 trend_divergence_30_60 price_accel_7d price_log price_tier log_return_1d log_return_7d autocorr_1d autocorr_7d bb_pct_b bb_width rsi_14 macd_line macd_signal macd_histogram distance_to_support distance_to_resistance volume_missing volume_lag_1d volume_lag_7d volume_mean_30d volume_std_30d volume_std_60d volume_log_change_1d volume_log_change_7d volume_zscore_30d volume_price_conf_7d volume_price_conf_1d rsi_missing macd_missing dow_sin dow_cos events_next_30d_major events_next_30d_operation events_next_30d_case_drop events_next_30d_update events_next_30d_game_update item_type_graffiti item_type_skin item_type_sticker item_type_unknown item_volume_vs_market_30d
feature_infos=[0.029999999329447746:928.8800048828125] [-99.888870239257812:500] [-99.896278381347656:500] [-99.901214599609375:500] [-99.288597106933594:500] [-99.288597106933594:500] [-99.069480895996094:500] [0:165.13458251953125] [0:156.91107177734375] [0:135.43109130859375] [0:111.69504547119141] [0:90.068748474121094] [-4.516660213470459:5.2946515083312988] [0.7020072340965271:347.1495361328125] [-751.36993408203125:709.63470458984375] [-599.9012451171875:592.04339599609375] [-3.5065579414367676:6.833979606628418] [0:4] [-6.8021969795227051:4.4705967903137207] [-6.9199800491333008:4.5688667297363281] [-49944.43359375:60158.53515625] [-49950.609375:24038.4609375] [-0.45675897598266602:1.5621322393417358] [0.018997181206941605:17.437999725341797] [0:99.705314636230469] [-23.512050628662109:23.676826477050781] [-16.828514099121094:19.590114593505859] [-11.454108238220215:18.214382171630859] [0.010015022940933704:9543.478515625] [0.013550135307013988:106457.8984375] none [1:238372] [1:238372] [1:121047.53125] [1.1841870546340942:79946.21875] [1.4142135381698608:69461.5] [-5.8622097969055176:9.0481739044189453] [-5.2044291496276855:6.4952654838562012] [-3.1766712665557861:5.283144474029541] [-99.901214599609375:500] [-99.888870239257812:500] [0:1] [0:1] [-0.97492790222167969:0.97492790222167969] [-0.90096884965896606:1] [0:2] [0:1] [0:1] none [0:1] [0:1] [0:1] [0:1] none [0.0010421525221318007:280.05703735351562]
tree_sizes=1677 1753 1761 1744 1774 1750 1758 1758 1750 1761 1757 1754 1776 1746 1747 1789 1774 1775 1765 1771 1749 1751 1768 1749 1775 1770 1761 1774 1760 1763 1760 1753 1759 1774 1764 1752 1775 1774 1776 1760 1793 1778 1785

Tree=0
num_leaves=15
num_cat=0
split_feature=22 32 16 19 45 6 23 8 23 34 52 36 43 5
split_gain=213.826 51.0081 41.5822 30.8834 35.1892 27.0393 26.6529 15.3829 17.8427 12.4149 12.1972 11.4219 12.0433 11.1283
threshold=0.44019903242588049 65.500000000000014 -3.4901629686355586 -0.10176026076078414 1.0000000180025095e-35 -18.041157722473141 0.30292455852031713 0.01588324457406998 0.55222120881080639 9.0216856002807635 1.0000000180025095e-35 1.1328400373458865 0.87837970256805431 -46.725141525268548
decision_type=2 2 2 2 2 2 2 2 2 2 2 2 2 2
left_child=1 6 -2 4 5 -3 -1 8 -8 -9 13 -5 -13 -4
right_child=2 3 10 11 -6 -7 7 9 -10 -11 -12 12 -14 -15
leaf_value=12.162660327931647 11.536205482837776 12.171267247467359 12.56755507099442 12.013360346351488 12.073341232267376 12.534643675896612 12.676683771099146 12.993042274958826 13.080108262876529 12.448071319705786 12.269214051186539 11.900090830726173 13.255425181848139 11.872288459878389
leaf_weight=2751.2081248164177 15613.316147148609 1418.6867050528526 76.830537855625153 11604.285846471786 2787.64397752285 1547.7457019686699 870.91923975944519 809.6048738360405 628.71294128894806 1754.1770098805428 1941.5285280942917 121.46621996164322 209.46013069152832 9713.6183179616928
leaf_count=2934 18712 1270 55 11615 2132 819 794 455 375 931 1966 54 50 9853
internal_value=12 12.0026 11.9976 12.0015 12.0038 12.0067 12.0054 12.0074 12.0106 12.0055 11.9994 12.0004 12.0074 11.9988
internal_weight=51849.2 24503.9 27345.3 17689.3 5754.08 2966.43 6814.62 4063.41 1499.63 2563.78 11732 11935.2 330.926 9790.45
internal_count=52015 21429 30586 15940 4221 2089 5489 2555 1169 1386 11874 11719 104 9908
is_linear=0
shrinkage=1


Tree=1
num_leaves=15
num_cat=0
split_feature=7 3 45 31 12 33 4 4 6 4 4 21 24 6
split_gain=193.314 72.835 30.3782 25.7435 20.1078 19.9981 14.783 12.1496 25.2366 11.2016 9.78507 6.94968 6.93489 6.66145
threshold=0.00092546257656067621 -9.6753931045532209 1.0000000180025095e-35 37.500000000000007 -0.50559738278388966 43.049999237060554 -6.4870450496673575 -11.511278629302977 -18.041157722473141 -21.340188026428219 -17.646695137023922 -346.07546997070307 34.618242263793952 -51.438922882080071
decision_type=2 2 2 2 2 2 2 2 2 2 2 2 2 2
left_child=-1 2 7 4 10 9 11 8 -2 -4 -3 -5 -9 -8
right_child=1 3 5 6 -6 -7 13 12 -10 -11 -12 -13 -14 -15
leaf_value=-0.44586907098307954 0.37052452958839888 0.84238571779499583 1.6822289108450224 0.50192768897697593 0.14597707000486571 0.09441265018724157 0.4083906464072718 -0.036087672406611392 0.61974958153344362 0.85856128702965773 0.49266747172391973 0.069815833408585576 0.49696937068383912 -0.078782677368205281
leaf_weight=16310.584255993366 1609.6296746134758 267.21066129207611 200.95521503686905 220.17503851652145 2739.3079051971436 3554.4824187159538 252.94596433639526 347.25611454248428 1386.7283020615578 414.38936966657639 1509.995497584343 7148.2247599959373 1193.2470099925995 14694.072114765644
leaf_count=19680 1309 238 157 104 2244 2562 183 156 787 370 1348 7261 829 14787
internal_value=-0.000106435 0.00149119 0.00456316 0.000491942 0.00315249 0.00215982 -4.41736e-05 0.00675737 0.00820966 0.00859387 0.00635831 0.00136966 0.00388802 -0.000745116
internal_weight=51849.2 35538.6 8706.69 26831.9 4516.51 4169.83 22315.4 4536.86 2996.36 615.345 1777.21 7368.4 1540.5 14947
internal_count=52015 32335 6170 26165 3830 3089 22335 3081 2096 527 1586 7365 985 14970
is_linear=0
shrinkage=0.0386495


Tree=2
num_leaves=15
num_cat=0
split_feature=22 0 32 1 45 19 5 36 52 45 0 6 5 24
split_gain=189.478 42.2519 40.8603 28.7517 19.3795 24.4095 22.7524 17.2053 11.962 10.8761 12.683 10.6927 11.1586 10.008
threshold=0.44019903242588049 0.030499999411404136 92.500000000000014 -6.9372181892395011 1.0000000180025095e-35 -0.10176026076078414 -18.018637657165524 1.1328400373458865 1.0000000180025095e-35 1.0000000180025095e-35 0.21849999576807025 42.04253005981446 -46.725141525268548 25.760653495788578
decision_type=2 2 2 2 2 2 2 2 2 2 2 2 2 2
left_child=2 -2 3 13 5 6 -4 -7 11 10 -5 12 -3 -1
right_child=1 8 4 9 -6 7 -8 -9 -10 -11 -12 -13 -14 -15
leaf_value=0.17119200732938078 -0.42863643510856564 0.53424730112740959 0.092974445934743466 0.71456218905888291 -0.02594095905786211 0.040796188751745704 0.43486316964493044 0.95923382752716013 0.26574333535917527 0.19327747749795277 0.13401606877841502 0.32145798801715553 -0.14428076836409864 0.87542607468013611
leaf_weight=289.85138285160065 15666.215943992138 75.491795241832733 1071.7830833792686 1814.2888014912605 7283.1667171120644 5214.2293323278427 1457.4752730727196 240.06687170267105 1914.739804148674 3638.4023152589798 1992.1209114193916 756.11242425441742 8932.7335634231567 1502.5260826349258
leaf_count=116 18774 53 1015 1179 7019 4989 820 58 1936 3363 1872 463 9360 998
internal_value=-0.000167198 -0.00237987 0.00229968 0.00433046 0.00106674 0.00238271 0.00552406 0.000913892 -0.000614188 0.00325839 0.00471124 -0.00116584 -0.0015409 0.00874251
internal_weight=51849.2 27345.3 24503.9 9237.19 15266.7 7983.55 2529.26 5454.3 11679.1 7444.81 3806.41 9764.34 9008.23 1792.38
internal_count=52015 30586 21429 7528 13901 6882 1835 5047 11812 6414 3051 9876 9413 1114
is_linear=0
shrinkage=0.0386495


Tree=3
num_leaves=15
num_cat=0
split_feature=0 19 5 27 1 34 34 14 2 21 23 33 5 34
split_gain=171.877 65.0787 24.4574 17.0589 14.9563 14.5294 14.0573 15.4924 14.4518 10.9158 9.44392 9.81904 8.2409 7.67046
threshold=0.030499999411404136 -0.10176026076078414 -39.727355957031243 0.001164322311524302 -6.9372181892395011 339.62196350097662 92.456760406494155 0.43588532507419592 -11.991606712341307 40.068704605102546 0.1179218962788582 40.016666412353523 1.9554781913757326 339.62196350097662
decision_type=2 2 2 2 2 2 2 2 2 2 2 2 2 2
left_child=10 6 5 4 -4 -3 7 -2 -9 -7 11 -1 13 -8
right_child=1 2 3 -5 -6 9 12 8 -10 -11 -12 -13 -14 -15
leaf_value=2.0819822560119809 0.23047944483299207 0.2396969830790637 0.56540045385921123 -0.1141542471885529 0.036427680413534204 0.67720205585601523 -0.034148225232331277 0.76444562921814196 0.36121056044803423 0.017112656419238096 -0.41206983273695608 -0.41206983273695608 0.61796221470179824 0.59287396089668754
leaf_weight=107.09940624237061 1771.4875867962837 815.52596408128738 1583.9382442831993 8190.6089326143265 15586.68540006876 231.34966832399368 1625.6746898293495 1110.0982671976089 3051.938295006752 85.177664279937744 16502.597004711628 209.49422192573547 186.74016296863556 790.78879398107529
leaf_count=88 1139 453 864 9472 15243 112 1205 629 2476 48 19412 275 127 472
internal_value=-0.000245073 0.00129565 0.000347526 9.68819e-05 0.000791304 0.00590147 0.00423055 0.00527452 0.00656981 0.0129623 -0.00345722 0.00304204 0.00182655 0.00119056
internal_weight=51849.2 35030 26493.3 25361.2 17170.6 1132.05 8536.73 5933.52 4162.04 316.527 16819.2 316.594 2603.2 2416.46
internal_count=52015 32240 26192 25579 16107 613 6048 4244 3105 160 19775 363 1804 1677
is_linear=0
shrinkage=0.0386495


Tree=4
num_leaves=15
num_cat=0
split_feature=7 19 29 45 33 37 52 10 33 39 29 27 13 16
split_gain=172.236 53.2571 25.3484 21.8003 19.0951 11.7181 11.9457 10.7971 10.4921 9.46938 14.7331 9.15633 8.01874 7.83909
threshold=0.00092546257656067621 -0.10176026076078414 40.851377487182624 1.0000000180025095e-35 43.049999237060554 -0.25993840396404261 1.0000000180025095e-35 0.034972732886672027 81.950000762939467 -34.164957046508782 214.51734924316409 -0.0015364564023911951 7.7022056579589853 -2.9858310222625728
decision_type=2 2 2 2 2 2 2 2 2 2 2 2 2 2
left_child=-1 3 7 9 13 6 -4 11 -7 -2 -11 -3 -6 -5
right_child=1 2 5 4 12 8 -8 -9 -10 10 -12 -13 -14 -15
leaf_value=-0.39614352197767649 -0.44790085525245732 0.18618373836360066 0.31895981050964806 1.5826319963001454 0.059939679596079397 0.45732541291625944 0.67230233113414128 -0.08501464080575917 -0.0015145999687957593 0.29519566921572077 1.7613288884961784 -0.0011661046410274707 0.28168567260474842 0.8413392173771479
leaf_weight=16310.584255993366 269.37615811824799 1230.6123607158661 1445.0453065037727 144.10206413269043 3505.4119074940681 2286.7739666104317 529.49322330951691 8288.3274565935135 3489.8126329779625 3537.3999453186989 730.08499777317047 9561.8669949769974 49.070511221885681 471.242520570755
leaf_count=19680 136 1281 797 114 2547 1146 343 9875 1972 2676 269 10751 15 413
internal_value=-0.000305144 0.00120274 0.000347983 0.00382957 0.00179066 0.00221269 0.00479292 -0.000406624 0.00131933 0.00568915 0.00613491 0.000394841 0.000682691 0.0080739
internal_weight=51849.2 35538.6 26831.9 8706.69 4169.83 7751.13 1974.54 19080.8 5776.59 4536.86 4267.48 10792.5 3554.48 615.345
internal_count=52015 32335 26165 6170 3089 4258 1140 21907 3118 3081 2945 12032 2562 527
is_linear=0
shrinkage=0.0386495


Tree=5
num_leaves=15
num_cat=0
split_feature=41 4 32 15 16 16 12 45 34 31 1 11 52 16
split_gain=179.384 53.307 24.2306 20.8766 18.477 14.2818 15.0047 12.8083 12.71 10.6795 10.003 8.6472 12.0171 8.385
threshold=1.0000000180025095e-35 -12.130198955535887 97.500000000000014 -12.915790081024168 -2.9858310222625728 -2.9281172752380367 -0.39440616965293879 1.0000000180025095e-35 28.934338569641117 37.500000000000007 -18.31915187835693 0.47420547902584081 1.0000000180025095e-35 -0.7819789946079253
decision_type=2 2 2 2 2 2 2 2 2 2 2 2 2 2
left_child=1 2 4 5 8 6 -3 -6 -1 10 -5 12 -4 -11
right_child=-2 3 11 9 7 -7 -8 -9 -10 13 -12 -13 -14 -15
leaf_value=1.3323246699180853 -0.38083275585246157 1.0552075041884896 0.070287827617429161 1.1390738034817185 0.49174649216294714 0.19029904271709999 0.1459804138542638 0.2568424811034547 0.93631073234132833 0.0096072219201779451 0.15777741829045649 -0.12284999344798013 0.59034244691269389 -0.08476693515502326
leaf_weight=417.64222955703735 15596.865538418293 369.12090581655502 4309.8297003507614 299.81512135267258 1727.593343436718 2767.801120698452 281.63394695520401 1837.7443423867226 334.65018349885941 10900.514026582241 3301.7427973151207 725.92237496376038 1364.7765154242516 7810.5335007309914
leaf_count=280 18645 282 3997 96 1159 2481 165 1322 224 10034 3003 492 907 8969
internal_value=-0.000267195 0.00121589 0.00350619 0.000259435 0.00575025 0.00307193 0.00824099 0.0045568 0.0113025 -0.000169112 0.0017538 0.00198202 0.00249461 -0.000542487
internal_weight=52046.2 36449.3 10718.2 25731.2 4317.63 3418.56 650.755 3565.34 752.292 22312.6 3601.56 6400.53 5674.61 18711
internal_count=52056 33411 8381 25030 2985 2928 447 2481 504 22102 3099 5396 4904 19003
is_linear=0
shrinkage=0.0386495


Tree=6
num_leaves=15
num_cat=0
split_feature=7 4 15 54 45 5 34 5 23 16 34 6 29 14
split_gain=170.794 51.5557 20.4803 20.1464 18.2911 22.7978 15.065 14.1395 13.0323 12.3804 11.202 9.73885 7.64417 6.98897
threshold=1.0000000180025095e-35 -12.130198955535887 -17.41688251495361 0.049145407974720008 1.0000000180025095e-35 -18.018637657165524 287.97561645507818 -46.725141525268548 0.51108342409133922 -1.2123424410820005 339.62196350097662 1.0000000180025095e-35 18.715134620666507 0.48318468034267431
decision_type=2 2 2 2 2 2 2 2 2 2 2 2 2 2
left_child=-1 3 6 8 5 -5 12 10 -2 -9 -4 -10 -3 -6
right_child=1 2 7 4 13 -7 -8 9 11 -11 -12 -13 -14 -15
leaf_value=-0.36611374384244894 0.34665034130986611 -0.063793086324949788 0.18574707892555128 0.18490748157272172 -0.034011008429718596 0.31709174985629668 1.2107382296346501 0.065886628087459001 1.1558750815255607 -0.068536766435785462 1.9250474057481608 0.27157300498325693 0.39052331285830566 0.27725294976934539
leaf_weight=15989.569015562534 463.25203347206116 530.5674352645874 321.70413196086884 2439.8114012479782 1781.2192317843437 2005.7320173978806 237.53226417303085 10938.535191118717 518.01913470029831 11922.350922107697 120.65186679363251 151.39787322282791 1439.9820234775543 3185.8611052036285
leaf_count=19143 490 560 162 2067 1090 1428 165 9594 276 13047 57 87 1067 2823
internal_value=-0.000328589 0.00114458 0.000202468 0.0034178 0.00282123 0.00462623 0.00375914 -0.000132348 0.0083106 -0.000267489 0.00669104 0.0117857 0.00260671 0.00119287
internal_weight=52046.2 36056.6 25511.3 10545.3 9412.62 4445.54 2208.08 23303.2 1132.67 22860.9 442.356 669.417 1970.55 4967.08
internal_count=52056 32913 24652 8261 7408 3495 1792 22860 853 22641 219 363 1627 3913
is_linear=0
shrinkage=0.0386495


Tree=7
num_leaves=15
num_cat=0
split_feature=41 2 32 29 12 45 3 35 11 6 34 4 35 29
split_gain=168.709 45.3496 31.4394 19.1008 23.3328 21.5887 14.7222 11.3974 10.1253 9.97557 13.7929 9.28722 8.57301 8.22729
threshold=1.0000000180025095e-35 -6.3825840950012198 97.500000000000014 93.346355438232436 -0.32159784436225886 1.0000000180025095e-35 -8.0005478858947736 10.571040630340578 0.051567468792200095 -2.1844512224197383 521.22842407226574 -14.09677743911743 28.543949127197269 45.645107269287116
decision_type=2 2 2 2 2 2 2 2 2 2 2 2 2 2
left_child=1 2 7 6 5 -5 -3 13 -8 10 -4 -9 -6 -1
right_child=-2 3 9 4 12 -7 8 11 -10 -11 -12 -13 -14 -15
leaf_value=0.4125429919774905 -0.35196361492146033 0.10802687839807736 0.096765562024701463 0.90219960248739728 0.28707787839044979 0.1396962067538158 0.022589454316031526 0.69368221139349595 -0.093381468774807838 -0.11055119722563923 0.93566935280330521 0.32698317007367156 -0.18665143712981308 1.3501430597573782
leaf_weight=324.30989664793015 15596.865538418293 3652.9710657596588 2386.9021652936935 1539.8079726696014 950.26522499322891 1230.164245903492 10586.195826530457 1377.455022752285 8977.0606346130371 1959.5195371508598 252.70362061262131 1492.4224772453308 1265.7094768285751 453.83294206857681
leaf_count=313 18645 3648 2036 642 354 507 12245 871 10022 959 127 1070 392 225
internal_value=-0.000365296 0.00107292 0.00359429 0.000333341 0.00250387 0.00486911 -0.000130483 0.00627758 -0.00055345 0.00145151 0.0030053 0.00510661 -0.000428277 0.0104977
internal_weight=52046.2 36449.3 8247.15 28202.2 4985.95 2769.97 23216.2 3648.02 19563.3 4599.13 2639.61 2869.88 2215.97 778.143
internal_count=52056 33411 5601 27810 1895 1149 25915 2479 22267 3122 2163 1941 746 538
is_linear=0
shrinkage=0.0386495


Tree=8
num_leaves=15
num_cat=0
split_feature=41 19 5 33 33 24 54 2 33 26 25 6 14 5
split_gain=162.585 42.3166 21.404 21.9413 14.2039 17.5676 13.3172 13.6284 12.4192 11.0129 8.66405 6.07539 5.44177 5.18789
threshold=1.0000000180025095e-35 -0.078466746956109987 -46.725141525268548 645.53332519531261 67.983333587646499 1.0000000180025095e-35 0.056004460901021964 -6.3825840950012198 1073.8000488281252 -0.028556370176374909 -0.031565248966217034 42.04253005981446 0.76512667536735546 -11.109970092773436
decision_type=2 2 2 2 2 2 2 2 2 2 2 2 2 2
left_child=1 6 3 -3 5 -4 7 12 -5 13 -11 -6 -1 -8
right_child=-2 2 4 8 11 -7 9 -9 -10 10 -12 -13 -14 -15
leaf_value=1.0612470978214537 -0.33836038201802948 0.20515560422581683 0.8277832290411552 1.8157756006579144 -0.060393372279027129 0.15552106278734956 -0.029970973225687557 0.25606827256312259 0.25522637648229168 0.2975959232144133 0.24175103997235831 0.31002837275898992 0.98719367241413636 0.14460174767042422
leaf_weight=341.8352108001709 15596.865538418293 643.54092466831207 91.034493446350098 116.15859156847 16981.899508416653 6721.7288368940353 2160.8464537262917 720.44368314743042 192.55064463615417 561.9650171995163 6634.305153131485 724.9982482790947 338.57566571235657 219.4376774430275
leaf_count=259 18645 273 28 39 17860 6209 1673 531 111 351 5159 481 254 183
internal_value=-0.000426971 0.000984856 0.000117903 0.00579794 -0.000100779 0.00139588 0.00299086 0.00653404 0.0142579 0.00246526 0.00321932 -0.000679986 0.0104802 0.000160378
internal_weight=52046.2 36449.3 25471.9 952.25 24519.7 6812.76 10977.4 1400.85 308.709 9576.55 7196.27 17706.9 680.411 2380.28
internal_count=52056 33411 25001 423 24578 6237 8410 1044 150 7366 5510 18341 513 1856
is_linear=0
shrinkage=0.0386495


Tree=9
num_leaves=15
num_cat=0
split_feature=41 3 18 24 2 52 27 29 8 16 38 38 29 2
split_gain=158.544 38.2619 20.4554 13.5584 19.6758 12.3989 9.9392 9.3724 10.9234 7.3219 7.29432 7.2114 7.16026 10.912
threshold=1.0000000180025095e-35 -10.336078166961668 -0.057198433205485337 28.574430465698246 -11.991606712341307 1.0000000180025095e-35 -0.00034901147591881449 30.176085472106937 0.022149591706693176 -2.1078494787216182 -0.46917618811130518 -1.0618463158607481 117.53787994384767 -16.98638820648193
decision_type=2 2 2 2 2 2 2 2 2 2 2 2 2 2
left_child=1 3 12 7 11 6 -4 8 -1 -7 -9 -5 -3 -14
right_child=-2 2 5 4 -6 9 -8 10 -10 -11 -12 -13 13 -15
leaf_value=-0.056439159288361775 -0.32528290785095637 0.19657568126885219 0.034334389537991762 2.3518212726406782 0.26356888555602953 0.52812528662212022 -0.090790071816658866 0.28190755377053922 0.24234912049067958 0.023407105033845525 -0.058348634597078529 0.85355418368039204 -0.35769425706903391 1.0772759759578472
leaf_weight=175.32390248775482 15596.865538418293 1953.9131743907928 8570.41762560606 124.60640156269073 3283.6872307658195 2045.787202000618 12688.669640898705 1270.0512234568596 406.33915507793427 1888.0561608672142 1900.3914178013802 1028.9530982971191 281.65126305818558 831.47261279821396
leaf_count=148 18645 1732 7986 65 2370 1821 13869 939 338 1928 1243 650 78 244
internal_value=-0.000468304 0.000925838 0.000249437 0.00325227 0.00470435 -0.000111249 -0.000482293 0.001518 0.00603162 0.00187843 0.000668353 0.00907027 0.00322918 0.0057249
internal_weight=52046.2 36449.3 28260 8189.35 4437.25 25192.9 21259.1 3752.11 581.663 3933.84 3170.44 1153.56 3067.04 1113.12
internal_count=52056 33411 27658 5753 3085 25604 21855 2668 486 3749 2182 715 2054 322
is_linear=0
shrinkage=0.0386495


Tree=10
num_leaves=15
num_cat=0
split_feature=7 4 45 5 16 29 3 33 51 51 33 36 32 35
split_gain=153.76 38.163 18.913 23.3974 16.0489 15.4957 13.8772 12.2493 11.8928 9.82094 12.7716 11.5514 9.1345 5.3971
threshold=0.00092546257656067621 -12.764001369476317 1.0000000180025095e-35 -13.671164989471434 -1.2123424410820005 93.346355438232436 -14.65590190887451 43.049999237060554 1.0000000180025095e-35 1.0000000180025095e-35 1073.8000488281252 1.1328400373458865 368.50000000000006 431.76644897460943
decision_type=2 2 2 2 2 2 2 2 2 2 2 2 2 2
left_child=-1 2 3 8 9 13 -5 -4 -2 10 -3 -11 -7 -6
right_child=1 4 7 6 5 12 -8 -9 -10 11 -12 -13 -14 -15
leaf_value=-0.31271087208530146 0.41811443463430492 0.67704343156412394 0.67906905080257873 0.62547570875532033 -0.082135942901342823 0.4149904210477523 0.23013670608593859 0.057046535313376417 0.055868137094829039 0.030243415988464913 -0.2130008064544669 2.0474738416430309 0.33654309293174223 0.16379801075716058
leaf_weight=16368.710545599461 935.55395102500916 2509.6172223091125 698.82860672473907 549.04518884420395 11385.299838423729 919.61806660890579 1110.5368959903717 4575.2423834204674 2122.0182840228081 9258.2985175848007 519.40277200937271 282.6814244389534 77.100435674190521 593.68491166830063
leaf_count=19694 600 2342 620 248 13169 340 762 3436 1913 7864 370 114 42 519
internal_value=-0.000472825 0.000953564 0.00297887 0.00476152 0.000159003 -0.000791777 0.00847069 0.00137227 0.00272509 0.00114505 0.00306566 0.000528715 0.00382012 -0.00118093
internal_weight=51905.6 35536.9 9991.23 4717.15 25545.7 12975.7 1659.58 5274.07 3057.57 12570 3029.02 9540.98 996.719 11979
internal_count=52033 32339 7579 3523 24760 14070 1010 4056 2513 10690 2712 7978 382 13688
is_linear=0
shrinkage=0.0386495


Tree=11
num_leaves=15
num_cat=0
split_feature=41 3 5 34 10 1 34 16 45 6 10 31 16 5
split_gain=146.186 29.2757 20.0287 22.7248 22.8069 16.5997 14.4132 11.6194 10.1359 11.7377 8.6374 7.32982 5.89111 5.40863
threshold=1.0000000180025095e-35 -7.5467195510864249 -39.727355957031243 339.62196350097662 0.044406274333596236 -6.9372181892395011 17.57332801818848 -3.1583204269409175 1.0000000180025095e-35 -16.425557136535641 0.037614874541759498 315.50000000000006 2.370430707931519 -12.560750007629393
decision_type=2 2 2 2 2 2 2 2 2 2 2 2 2 2
left_child=1 6 3 -3 -5 11 7 13 9 -8 -7 -4 -9 -1
right_child=-2 2 5 4 -6 10 8 12 -10 -11 -12 -13 -14 -15
leaf_value=1.6706097004080263 -0.30062473975778636 0.2130959916026815 0.70259100486845494 -0.035500015767413101 0.65245388011263605 0.015196000302630732 0.060967088529230454 0.29926312946988887 0.028865620625533751 0.3973703263306152 -0.075753782037230391 -0.22207203856456076 -0.096959241225008014 0.29126676932679363
leaf_weight=96.24389261007309 15598.573683559895 838.75450736284256 1604.6447587013245 132.82363891601562 218.44852554798126 11707.312668263912 2095.6673778295517 1986.6944975852966 4237.6479746103287 2334.2367746829987 10342.976866185665 363.48073869943619 306.78402107954025 41.349118709564209
leaf_count=69 18660 462 946 88 95 13093 1838 1455 3336 1352 10208 167 236 28
internal_value=-0.00054322 0.000799916 6.92748e-05 0.00496093 0.0132045 -0.000171068 0.0024539 0.0050949 0.00170546 0.00299942 -0.000477019 0.00322429 0.00439649 0.0160914
internal_weight=51905.6 36307.1 25208.4 1190.03 351.272 24018.4 11098.6 2431.07 8667.55 4429.9 22050.3 1968.13 2293.48 137.593
internal_count=52033 33373 25059 645 183 24414 8314 1788 6526 3190 23301 1113 1691 97
is_linear=0
shrinkage=0.0386495


Tree=12
num_leaves=15
num_cat=0
split_feature=41 19 52 7 31 16 7 7 29 0 35 45 26 16
split_gain=142.772 24.8571 16.0888 12.9668 11.7673 13.5128 10.3641 9.96496 9.48279 15.4967 9.04851 8.91501 5.63044 5.59839
threshold=1.0000000180025095e-35 -0.078466746956109987 1.0000000180025095e-35 0.018408072181046013 63.500000000000007 -3.1583204269409175 0.00092546257656067621 0.0020644300384446983 68.566623687744155 0.21849999576807025 129.36710357666018 1.0000000180025095e-35 -0.013537499587982891 -0.7819789946079253
decision_type=2 2 2 2 2 2 2 2 2 2 2 2 2 2
left_child=1 4 8 6 5 7 -4 -1 13 -10 -7 12 -6 -3
right_child=-2 2 3 -5 11 10 -8 -9 9 -11 -12 -13 -14 -15
leaf_value=-0.38468555316700898 -0.2890057309225379 -0.004235069174066383 -0.33209366823727243 -0.12576916968906554 0.033513593482224158 0.28806533745163115 0.48914904158255224 2.4523967564043621 -0.060108785201425048 0.49761383559751532 2.044307409031735 -0.00021425983992031034 0.2107214494919552 -0.07522985909765588
leaf_weight=62.496908962726593 15598.573683559895 8426.8491013050079 347.28550118207932 1168.563510119915 1277.1128426194191 3004.6872729659081 2679.1545549631119 239.62470006942749 2546.7696218490601 1484.3094013333321 75.061737835407257 3535.6052529811859 2904.0349416732788 8555.5100129246712
leaf_count=43 18660 9436 384 980 1131 2107 2487 150 951 654 43 2967 1873 10167
internal_value=-0.000580019 0.000747308 7.38619e-05 0.00226049 0.0022714 0.00418085 0.00359978 0.0120329 -0.00036008 0.00131944 0.00338445 0.00142621 0.00263378 -0.000762267
internal_weight=51905.6 36307.1 25208.4 4195 11098.6 3381.87 3026.44 302.122 21013.4 4031.08 3079.75 7716.75 4181.15 16982.4
internal_count=52033 33373 25059 3851 8314 2343 2871 193 21208 1605 2150 5971 3004 19603
is_linear=0
shrinkage=0.0386495


Tree=13
num_leaves=15
num_cat=0
split_feature=41 4 24 1 31 23 15 5 33 27 16 8 10 11
split_gain=140.916 27.5642 23.927 14.5759 12.8131 12.6462 16.804 10.4537 10.9695 10.7716 10.0525 6.7689 12.5503 6.05823
threshold=1.0000000180025095e-35 -15.661496162414549 28.574430465698246 -6.9372181892395011 109.50000000000001 0.26638300716876989 -11.813685894012449 -39.727355957031243 645.53332519531261 0.001164322311524302 -2.9281172752380367 0.01588324457406998 0.047951003536582 0.07253273576498033
decision_type=2 2 2 2 2 2 2 2 2 2 2 2 2 2
left_child=1 2 5 11 10 6 -1 8 -5 -9 -4 12 -3 -13
right_child=-2 3 4 7 -6 -7 -8 9 -10 -11 -12 13 -14 -15
leaf_value=0.26290876711624017 -0.27783579147001003 0.44570604636641614 2.1827064947430199 0.18562738150695118 0.12648721249359696 0.045308845043783956 0.08261593308154544 0.016015376686165424 0.85282560308027722 -0.12195033638590459 0.53891953324009623 -0.31649008859147393 3.0973481173573272 0.27559284406873585
leaf_weight=155.71154099702835 15598.573683559895 852.96197646856308 535.68344885110855 516.87548512220383 1066.2460796833038 4436.1631335616112 249.36648494005203 17312.794764876366 216.80248731374741 7692.5815798640251 1432.8310498595238 522.92876327037811 58.166106164455414 1257.9524598121643
leaf_count=70 18660 752 363 307 765 3266 258 16512 143 9142 970 258 25 542
internal_value=-0.000600205 0.000718451 0.00274191 0.000155719 0.00543594 0.00103963 0.00756798 -0.000125223 0.00441128 -0.000260989 0.00729405 0.0028615 0.00558994 0.00142837
internal_weight=51905.6 36307.1 7876 28431.1 3034.76 4841.24 405.078 25739.1 733.678 25005.4 1968.51 2692.01 911.128 1780.88
internal_count=52033 33373 5692 27681 2098 3594 328 26104 450 25654 1333 1577 777 800
is_linear=0
shrinkage=0.0386495


Tree=14
num_leaves=15
num_cat=0
split_feature=41 4 36 8 33 45 5 35 23 39 14 37 14 2
split_gain=136.418 23.7847 14.3384 13.0091 11.6866 10.6381 14.4529 10.3716 9.75454 6.76616 7.70945 7.07815 6.5297 6.35187
threshold=1.0000000180025095e-35 -15.661496162414549 1.1328400373458865 0.034467576071619994 58.116666793823249 1.0000000180025095e-35 -13.671164989471434 12.184689521789553 1.7820773124694826 -20.803557395935055 0.81539922952651989 -0.99834477901458729 0.48318468034267431 -4.4774498939514151
decision_type=2 2 2 2 2 2 2 2 2 2 2 2 2 2
left_child=1 4 3 7 9 6 -6 -3 -4 10 -1 -11 -7 -5
right_child=-2 2 8 13 5 12 -8 -9 -10 11 -12 -13 -14 -15
leaf_value=0.59802004241754048 -0.26709756507374188 0.47476952370967912 0.2206082716826013 0.03722948605285608 0.13571927703674974 -0.096884152402869184 0.44283908358300839 0.027312983216166868 1.9082867667845822 0.69769771500038646 -6.7719705113476474 0.37087063057639696 0.22093008123585808 -0.10170887049478784
leaf_weight=92.004335165023804 15598.573683559895 764.1293426156044 456.2514014840126 2665.6860002875328 1920.1749567389488 1398.5508725643158 776.67361599206924 15912.723455607891 265.99806207418442 109.48458909988403 78.03646332025528 1270.8191520571709 2230.2577529549599 8366.2753608226776
leaf_count=58 18660 718 399 1835 1614 690 487 16732 48 84 41 965 1753 7949
internal_value=-0.000649676 0.000647727 0.00012486 -1.33713e-05 0.00252732 0.00177568 0.00361596 0.000665608 0.0054935 0.00555054 0.0129811 0.00457577 0.000390821 -0.00104496
internal_weight=51905.6 36307.1 28431.1 27708.8 7876 6325.66 2696.85 16676.9 722.249 1550.34 170.041 1380.3 3628.81 11032
internal_count=52033 33373 27681 27234 5692 4544 2101 17450 447 1148 99 1049 2443 9784
is_linear=0
shrinkage=0.0386495


Tree=15
num_leaves=15
num_cat=0
split_feature=41 18 3 31 26 45 22 52 14 27 49 7 12 14
split_gain=129.925 25.1516 14.4726 13.9779 10.403 9.49618 9.14873 8.68528 8.36305 5.8513 4.86455 4.58445 4.01682 3.36856
threshold=1.0000000180025095e-35 -0.071895848959684358 -7.5467195510864249 109.50000000000001 -0.028556370176374909 1.0000000180025095e-35 0.44019903242588049 1.0000000180025095e-35 0.497979685664177 0.00095227037672884773 1.0000000180025095e-35 0.00092546257656067621 -0.79017284512519825 0.95255750417709362
decision_type=2 2 2 2 2 2 2 2 2 2 2 2 2 2
left_child=1 3 4 6 12 -6 8 9 -1 -4 13 -9 -3 -5
right_child=-2 2 7 10 5 -7 -8 11 -10 -11 -12 -13 -14 -15
leaf_value=0.34666958084021898 -0.25677436622136002 -0.088393368036324499 -0.0043844678246398637 -0.19413485253302087 0.20398328623080078 0.046811099742712803 -0.0076059630570386077 -0.36334517745013051 1.0014659805777308 -0.11691417188853324 0.35302802820910617 0.23962560323650556 0.86031439994246028 0.27033549407176877
leaf_weight=688.94904965162277 15506.180535852909 2077.0129423141479 12336.73860514164 1072.9766963720322 3846.2528577446938 2801.1798025965691 354.32731103897095 380.42337656021118 1462.8693495988846 7194.0873411893845 326.46588569879532 3267.1273506879807 219.90451419353485 301.12770467996597
leaf_count=438 18702 1721 11871 514 2677 2474 263 375 834 8485 240 3139 118 174
internal_value=-0.000711914 0.00055088 0.000180869 0.0033611 0.00150247 0.00227922 0.00519841 -0.00032671 0.00614714 -0.000652077 0.000616456 0.00139899 -0.000720308 -0.00035394
internal_weight=51835.6 36329.4 32122.7 4206.72 8944.35 6647.43 2506.15 23178.4 2151.82 19530.8 1700.57 3647.55 2296.92 1374.1
internal_count=52025 33323 30860 2463 6990 5151 1535 23870 1272 20356 928 3514 1839 688
is_linear=0
shrinkage=0.0386495


Tree=16
num_leaves=15
num_cat=0
split_feature=41 18 31 4 26 14 8 15 51 27 13 16 16 32
split_gain=129.341 23.8777 13.3672 12.4361 11.4253 9.05077 8.81148 8.78202 8.7147 8.20256 4.70029 3.66196 6.96213 2.4209
threshold=1.0000000180025095e-35 -0.071895848959684358 109.50000000000001 -9.8025288581848127 -0.033477639779448502 0.497979685664177 0.055564954876899726 -44.506008148193352 1.0000000180025095e-35 0.001164322311524302 2.0935496091842656 -0.7225765287876128 -0.99831548333168019 36.500000000000007
decision_type=2 2 2 2 2 2 2 2 2 2 2 2 2 2
left_child=1 2 5 4 10 -1 7 -5 -6 -7 -3 12 -4 -8
right_child=-2 3 11 6 8 9 13 -9 -10 -11 -12 -13 -14 -15
leaf_value=0.20828863964503935 -0.2468501542879207 -0.054343864735226011 0.097438413743362942 1.2241175738957728 0.36887508024834798 0.97264940587887017 -0.0057817366764189998 0.00046202186654551586 0.058238153646045336 0.37178561594681531 0.52108832144244022 -0.31351413392593491 0.40853859206774268 -0.12591429875170057
leaf_weight=855.95374637842178 15506.180535852909 2849.8755460977554 1174.7954007983208 292.12039762735367 2088.944734454155 1280.2536887526512 1317.1222120523453 14465.1297301054 5566.4406803250313 369.9382751584053 276.58144944906235 458.80331313610077 66.971572816371918 5266.5120403170586
leaf_count=576 18702 2461 656 184 1687 747 1174 15609 4699 212 194 239 33 4852
internal_value=-0.000718587 0.000541357 0.00327952 0.000180787 0.00125175 0.00507628 -0.000357636 0.000163409 0.00205757 0.00676056 -0.000702891 0.000594722 0.00171141 -0.00153406
internal_weight=51835.6 36329.4 4206.72 32122.7 10781.8 2506.15 21340.9 14757.3 7655.39 1650.19 3126.46 1700.57 1241.77 6583.63
internal_count=52025 33323 2463 30860 9041 1535 21819 15793 6386 959 2655 928 689 6026
is_linear=0
shrinkage=0.0386495


Tree=17
num_leaves=15
num_cat=0
split_feature=41 1 3 49 36 32 5 2 25 52 27 2 13 7
split_gain=127.11 23.1794 12.5247 12.0319 11.4636 10.4017 8.99874 8.54732 8.47098 7.74214 7.56007 6.87312 5.23215 4.37039
threshold=1.0000000180025095e-35 -6.9372181892395011 -12.633945941925047 1.0000000180025095e-35 1.4963011741638186 69.500000000000014 -19.415840148925778 -13.934353828430174 -8.3156501204939546e-05 1.0000000180025095e-35 0.001164322311524302 -5.5546789169311515 2.0935496091842656 0.00092546257656067621
decision_type=2 2 2 2 2 2 2 2 2 2 2 2 2 2
left_child=1 3 6 5 8 11 12 -8 -5 10 -4 -1 -3 -11
right_child=-2 2 9 4 -6 -7 7 -9 -10 13 -12 -13 -14 -15
leaf_value=0.69579670030961649 -0.23730950861130515 -0.00531606977036439 0.00024718686188740264 0.88917317000146623 0.86931320683993707 -0.020829628345387582 0.97409520675403638 0.18692605424974279 0.037008408087939093 -0.34931990928928108 -0.11241334949753733 0.18375358681271711 0.55350165993081435 0.21553895801975761
leaf_weight=711.0981901884079 15506.180535852909 2337.3856303691864 15989.915391802788 621.01515799760818 168.78209161758423 1735.4736885428429 393.18478286266327 1851.4851955771446 505.42083919048309 396.38269829750061 6989.8216727375984 464.92602950334549 265.10194402933121 3899.4494747519493
leaf_count=403 18702 1592 15360 583 47 895 196 1213 256 398 8186 279 189 3726
internal_value=-0.000744208 0.000504803 0.000149535 0.00320251 0.00631694 0.00179373 0.00196043 0.00375549 0.00481728 -0.000170274 -0.000453717 0.00459768 0.000388217 0.00133197
internal_weight=51835.6 36329.4 32122.7 4206.72 1295.22 2911.5 4847.16 2244.67 1126.44 27275.6 22979.7 1176.02 2602.49 4295.83
internal_count=52025 33323 30860 2463 886 1577 3190 1409 839 27670 23546 682 1781 4124
is_linear=0
shrinkage=0.0386495


Tree=18
num_leaves=15
num_cat=0
split_feature=41 1 3 49 36 32 16 34 10 5 38 38 10 3
split_gain=125.025 20.5785 11.5388 10.0216 11.9667 9.64829 8.87924 8.91533 7.42637 7.0916 6.53465 6.48538 6.48279 5.58207
threshold=1.0000000180025095e-35 -6.9372181892395011 -3.1336749792098995 1.0000000180025095e-35 1.4963011741638186 69.500000000000014 -2.9858310222625728 18.622521400451664 0.010388018097728493 -30.974773406982418 0.43162764608860021 -1.1715250015258787 0.026125844568014148 1.8527551889419558
decision_type=2 2 2 2 2 2 2 2 2 2 2 2 2 2
left_child=1 3 6 5 8 11 7 -3 -5 13 -8 -1 -11 -4
right_child=-2 2 9 4 -6 -7 10 -9 -10 12 -12 -13 -14 -15
leaf_value=1.2863769358090222 -0.22813760453093973 1.1196268398101654 -0.071586967415708053 0.91495544074899382 0.83571464858751421 -0.020024572726961058 0.0046069827208445793 0.30716025910664596 0.37102612966613707 0.0053535385327557004 0.10062645014579859 0.36943894326952709 -0.096088669706335297 0.29833706259813186
leaf_weight=122.18974751234055 15506.180535852909 187.74276459217072 548.76474231481552 316.76744723320007 168.78209161758423 1735.4736885428429 9731.5003072023392 1492.3407356142998 809.6685499548912 7296.9269626140594 3018.7031034231186 1053.8344721794128 9176.2672447562218 670.48092991113663
leaf_count=60 18702 150 433 330 47 895 8997 1171 509 8285 2554 622 8845 425
internal_value=-0.000768359 0.000470344 0.000135495 0.00301222 0.00585715 0.00172356 0.00094796 0.00359427 0.00433077 -0.000523923 0.000594203 0.00442414 -0.000737188 0.00230651
internal_weight=51835.6 36329.4 32122.7 4206.72 1295.22 2911.5 14430.3 1680.08 1126.44 17692.4 12750.2 1176.02 16473.2 1219.25
internal_count=52025 33323 30860 2463 886 1577 12872 1321 839 17988 11551 682 17130 858
is_linear=0
shrinkage=0.0386495


Tree=19
num_leaves=15
num_cat=0
split_feature=41 1 31 22 3 26 25 32 27 35 29 32 7 27
split_gain=123.665 19.8909 11.3389 14.2994 11.2213 8.46322 8.0598 7.76608 7.99654 6.90133 6.82712 5.86271 4.55288 4.5405
threshold=1.0000000180025095e-35 -6.9372181892395011 34.500000000000007 0.37702733278274542 -12.633945941925047 -0.028556370176374909 -0.014984128065407274 87.500000000000014 0.00313183106482029 277.85028076171881 23.234712600708011 69.500000000000014 0.010363626293838026 0.00095227037672884773
decision_type=2 2 2 2 2 2 2 2 2 2 2 2 2 2
left_child=1 2 3 10 5 13 -7 8 -6 -9 -1 12 -4 -3
right_child=-2 4 11 -5 7 6 -8 9 -10 -11 -12 -13 -14 -15
leaf_value=-0.2976785628514324 -0.21932019035260861 -0.096854322635646292 0.64699252553378694 -0.0034112439202653561 0.11871703261650994 0.21177092534110389 0.21949324794032368 -0.060609559119385495 -0.11646742666252241 0.094538232262459082 0.96578191493929222 0.047972863528068156 0.38420680839570887 0.59034822044472091
leaf_weight=64.036489367485046 15506.180535852909 1146.9392321705818 314.34532195329666 388.00655591487885 7362.1310916543007 1060.775682926178 2447.6969678997993 14669.833161354065 2262.6623175740242 2980.9426670074463 782.62400501966476 2149.9879418611526 507.71568292379379 191.74566984176636
leaf_count=48 18702 771 211 237 6784 639 1721 15807 2321 2758 477 1212 278 59
internal_value=-0.000782549 0.000449385 0.00294838 0.00607621 0.000120155 0.00183442 0.00283506 -0.000182474 0.000697671 -0.000665717 0.00888648 0.00162629 0.00440816 -0.000745174
internal_weight=51835.6 36329.4 4206.72 1234.67 32122.7 4847.16 3508.47 27275.6 9624.79 17650.8 846.66 2972.05 822.061 1338.68
internal_count=52025 33323 2463 762 30860 3190 2360 27670 9105 18565 525 1701 489 830
is_linear=0
shrinkage=0.0386495


Tree=20
num_leaves=15
num_cat=0
split_feature=7 4 36 29 24 2 8 23 23 10 7 31 29 23
split_gain=124.503 24.9136 13.1425 15.5692 11.1507 15.8793 9.72179 10.6119 7.65847 6.37698 7.68103 6.16691 5.02083 2.25967
threshold=1.0000000180025095e-35 -11.511278629302977 1.1328400373458865 156.2136154174805 28.574430465698246 -13.934353828430174 0.034467576071619994 0.26638300716876989 0.22495198249816897 0.25954373180866247 0.12974490225315097 5.5000000000000009 93.346355438232436 0.1179218962788582
decision_type=2 2 2 2 2 2 2 2 2 2 2 2 2 2
left_child=13 4 6 -4 9 8 7 -3 -6 10 -2 -8 -7 -1
right_child=1 2 3 -5 5 12 11 -9 -10 -11 -12 -13 -14 -15
leaf_value=0.079257892075059025 0.062652647574364631 -0.03081170051942771 0.28879977731328949 1.660529960564163 0.44546709451219979 0.12043873590438454 0.78821849534839283 0.23288845289753896 0.91180406903463729 -0.086696230299408594 0.12221326020115415 -0.11097698113717758 0.37458138203100205 -0.21084356520356565
leaf_weight=197.18207585811615 4620.3634205460548 10179.598938763142 475.36469513177872 214.34553825855255 48.383809864521027 2897.8535768985748 383.68301820755005 4517.1552074551582 782.0092533826828 1084.13944876194 125.5997086763382 9255.7485846281052 1445.0882371664047 15781.867863416672
leaf_count=270 3790 11458 385 43 27 2816 239 3821 466 852 69 8324 575 18926
internal_value=-0.000829816 0.000428119 -0.000243759 0.0050035 0.00196125 0.00327065 -0.000395252 0.000226999 0.00818953 0.000788695 0.0014066 -0.00134983 0.00231346 -0.00366952
internal_weight=52008.4 36029.3 25025.9 689.71 11003.4 5173.33 24336.2 14696.8 830.393 5830.1 4745.96 9639.43 4342.94 15979
internal_count=52061 32865 24270 428 8595 3884 23842 15279 493 4711 3859 8563 3391 19196
is_linear=0
shrinkage=0.0386495


Tree=21
num_leaves=15
num_cat=0
split_feature=7 4 36 29 32 16 32 29 45 6 20 6 12 14
split_gain=123.196 23.5835 10.1683 9.9101 9.80076 9.00337 8.08163 8.11214 7.79496 13.7036 7.20053 5.56978 5.40821 4.32303
threshold=1.0000000180025095e-35 -10.342653274536131 1.1328400373458865 156.2136154174805 61.500000000000007 -2.9858310222625728 87.500000000000014 15.585730075836183 1.0000000180025095e-35 -18.041157722473141 -8.4280409812927228 26.231637001037601 -1.3620072603225706 0.41272440552711492
decision_type=2 2 2 2 2 2 2 2 2 2 2 2 2 2
left_child=-1 4 6 -4 5 10 7 -3 9 -6 -2 -8 -7 -10
right_child=1 2 3 -5 8 12 11 -9 13 -11 -12 -13 -14 -15
leaf_value=-0.20269455774353654 2.6485854354050775 -0.079739271296100714 0.27763779787365822 1.5963512362897243 0.02586044583059607 0.036963875505277514 -0.081534601907096049 0.16529492843616495 -0.10524324915400325 0.21230275658645953 0.67190102064852308 0.099817631508174146 0.35958313162510258 0.062567063062690442
leaf_weight=15979.049939274788 287.06908559799194 3245.6644722819328 454.58478027582169 214.34553825855255 2272.615709900856 1080.9055703878403 13711.612494468689 5280.168181180954 1491.4486694931984 1917.5048923492432 331.7811307311058 1078.4953435659409 1662.7264789938927 3000.4110902547836
leaf_count=19196 182 3727 365 43 2139 954 14036 4215 1001 1281 237 845 1035 2805
internal_value=-0.000844776 0.000406525 -0.000292134 0.0043913 0.00180244 0.00358125 -0.000429352 0.000513854 0.00110617 0.00230484 0.00783331 -0.000976983 0.00259604 0
internal_weight=52008.4 36029.3 23984.9 668.93 12044.5 3362.48 23315.9 8525.83 8681.98 4190.12 618.85 14790.1 2743.63 4491.86
internal_count=52061 32865 23231 408 9634 2408 22823 7942 7226 3420 419 14881 1989 3806
is_linear=0
shrinkage=0.0386495


Tree=22
num_leaves=15
num_cat=0
split_feature=7 4 6 51 26 26 27 21 35 29 33 9 35 35
split_gain=119.973 20.6358 10.2613 11.8335 11.6523 9.67938 8.50028 9.85982 7.19797 7.15706 5.9153 5.20428 3.41074 3.69041
threshold=1.0000000180025095e-35 -15.661496162414549 6.2722048759460458 1.0000000180025095e-35 -0.033477639779448502 -0.0015665929531678555 0.001164322311524302 -54.538875579833977 431.76644897460943 37.144926071166999 446.78332519531256 0.02007285971194506 79.547363281250014 59.227214813232429
decision_type=2 2 2 2 2 2 2 2 2 2 2 2 2 2
left_child=-1 2 3 4 -2 -5 7 9 -8 -3 -9 -10 13 -4
right_child=1 6 12 5 -6 -7 8 10 11 -11 -12 -13 -14 -15
leaf_value=-0.19486050569853033 0.19686719186649093 0.058547794270766798 -0.006326371138513775 0.045364206224891367 0.83674451168471897 0.34956274754072608 -0.113506015351898 0.019648035850498652 -0.045571357052731354 0.85975272584845208 -0.11714682445845639 0.20283086278013146 -0.14641749515452046 0.15163794614701362
leaf_weight=15979.049939274788 783.5533481836319 1721.1267912983894 447.45556086301804 3449.9654526114464 1392.6649762392044 633.79633957147598 8264.4141392707825 12923.128710746765 269.20818954706192 1343.0497034788132 3481.5908658504486 309.90125024318695 885.18385010957718 124.29425972700119
leaf_count=19196 365 1773 290 3025 1086 367 9291 11629 255 754 3330 260 372 68
internal_value=-0.000882008 0.000352781 0.00212465 0.00280641 0.00511903 0.00155794 -0.000128232 0.00032081 -0.0011232 0.00233297 -5.17391e-05 0.00300351 -0.00076478 0.00149825
internal_weight=52008.4 36029.3 7716.91 6259.98 2176.22 4083.76 28312.4 19468.9 8843.52 3064.18 16404.7 579.109 1456.93 571.75
internal_count=52061 32865 5573 4843 1451 3392 27292 17486 9806 2527 14959 515 730 358
is_linear=0
shrinkage=0.0386495


Tree=23
num_leaves=15
num_cat=0
split_feature=9 4 13 9 3 36 23 9 23 32 32 1 23 14
split_gain=113.118 18.9167 7.95687 9.47399 11.4554 7.50199 9.33332 7.28226 6.34422 5.75544 5.32279 5.2259 5.15107 4.79703
threshold=1.0000000180025095e-35 -11.511278629302977 1.093688488006592 0.18683560192584994 -13.573958396911619 1.1328400373458865 1.7820773124694826 0.035292370244860656 0.26638300716876989 36.500000000000007 53.500000000000007 -9.5234794616699201 1.3297854065895083 0.54106301069259655
decision_type=2 2 2 2 2 2 2 2 2 2 2 2 2 2
left_child=-1 2 3 4 -2 7 -7 8 -3 12 -9 -5 -4 -11
right_child=1 5 9 11 -6 6 -8 10 -10 13 -12 -13 -14 -15
leaf_value=-0.18732923618566058 0.65317983092838949 -0.025871286019230638 0.28500969166562784 2.016297084462912 0.12651278257695983 0.088620826184302018 1.2472766935747215 0.020202511693689036 0.21581371281061634 -0.068114211595983715 -0.11538764714954708 -0.046554426021723425 -1.7725427518949424 0.083983968537523504
leaf_weight=14887.455751299858 1503.0498142838478 10159.456541121006 766.70173090696335 202.79276406764984 2084.4650756120682 458.89338213205338 250.39173465967178 2900.9328351616859 4391.9100772738457 2309.9167881011963 7763.7871700525284 1210.0549646615982 109.81050211191177 3008.764245569706
leaf_count=18311 1023 11406 640 99 1936 401 47 2635 3700 1646 6824 809 36 2548
internal_value=-0.00090311 0.000236957 0.00156541 0.00271553 0.00377084 -0.000334561 0.00357092 -0.000446989 0.000111675 0.00062718 -0.00121456 0 0.00352808 0.000137073
internal_weight=52008.4 37120.9 11195.6 5000.36 3587.51 25925.4 709.285 25216.1 14551.4 6195.19 10664.7 1412.85 876.512 5318.68
internal_count=52061 33750 8737 3867 2959 25013 448 24565 15106 4870 9459 908 676 4194
is_linear=0
shrinkage=0.0386495


Tree=24
num_leaves=15
num_cat=0
split_feature=7 52 16 13 11 27 15 33 2 16 11 1 9 13
split_gain=113.688 15.1537 17.1539 15.6004 14.8544 11.6642 9.19681 8.34472 9.30197 8.31366 7.58377 5.53494 4.56563 2.74573
threshold=1.0000000180025095e-35 1.0000000180025095e-35 -1.9768915176391599 0.97004190087318432 0.021847092546522621 -0.00034901147591881449 -44.506008148193352 355.21667480468756 -13.934353828430174 -2.6809482574462886 0.16572337597608569 -6.2400867938995352 0.01578119304031134 2.0935496091842656
decision_type=2 2 2 2 2 2 2 2 2 2 2 2 2 2
left_child=-1 5 3 4 -3 7 9 8 -2 -7 -5 -8 -9 -4
right_child=1 2 13 10 -6 6 11 12 -10 -11 -12 -13 -14 -15
leaf_value=-0.18008904679840254 0.61477190861250908 0.62608768404542547 -0.11482369239429809 0.2637205637077456 2.5133740396349187 0.97207506364319918 0.10007502731899512 0.031901294186807677 0.049855284565814145 -0.32339521295887758 0.24725285293739546 -0.088922166005628606 -0.094599600492064326 0.24469638024992094
leaf_weight=15979.049939274788 817.31380653381348 434.78833585977554 2237.5611796379089 3090.4295896291733 305.32086265087128 73.837898433208466 1935.0162084698677 1044.6331659555435 9857.5232830047607 93.395464777946472 114.73858189582825 13638.885995864868 1803.6148416399956 582.27422338724136
leaf_count=19196 456 441 1991 2343 92 32 1105 1070 8740 59 36 14370 1622 508
internal_value=-0.000954466 0.000247472 0.00189631 0.0035425 0.00862279 -0.000131818 -0.000848627 0.000698277 0.00119685 0.00807741 0.00234669 -0.000949222 -0.00114948 -0.000387237
internal_weight=52008.4 36029.3 6765.11 3945.28 740.109 29264.2 15741.1 13523.1 10674.8 167.233 3205.17 15573.9 2848.25 2819.84
internal_count=52061 32865 5411 2912 533 27454 15566 11888 9196 91 2379 15475 2692 2499
is_linear=0
shrinkage=0.0386495


Tree=25
num_leaves=15
num_cat=0
split_feature=7 52 7 29 26 29 31 2 27 7 38 35 26 8
split_gain=112.022 16.4609 14.3687 12.0038 10.0282 9.51191 11.7575 12.3378 6.95469 5.29931 5.16143 4.66662 5.34702 3.96054
threshold=0.00092546257656067621 1.0000000180025095e-35 0.024270793423056606 40.851377487182624 -0.033477639779448502 93.346355438232436 13.500000000000002 2.992325067520142 -1.0000000180025095e-35 1.8360606431961062 -0.12328067049384116 13.478477478027346 -1.0000000180025095e-35 0.0010703282896429302
decision_type=2 2 2 2 2 2 2 2 2 2 2 2 2 2
left_child=11 5 3 13 -5 8 7 -7 10 -8 -2 12 -1 -3
right_child=1 2 -4 4 -6 6 9 -9 -10 -11 -12 -13 -14 -15
leaf_value=-0.17312868742289669 -0.024373504303986344 1.8701569817343466 -0.11172173614953794 -0.0058305895208119697 0.79276407976007301 1.393099374047077 0.04249908484699258 -0.33442988840512061 -0.088781804867647474 0.53451206877623358 0.057390480059340353 -0.17312868742289669 0.47202898774196866 0.14651038503042643
leaf_weight=56.227189779281616 6884.4889952540398 46.186618745326996 1852.4397013783455 447.98599541187286 1855.4032202959061 449.47371393442154 4518.6008547544479 237.25108808279037 11245.727517664433 106.78162848949432 5527.6415441632271 16635.394688367844 40.16227662563324 2394.018633723259
leaf_count=84 7325 33 1237 155 1340 131 1708 57 12573 35 5226 19787 15 2511
internal_value=-0.000978686 0.000246722 0.00198958 0.00311918 0.00512701 -0.000148209 0.00132653 0.00604748 -0.00048188 0.000610778 0.000144737 -0.00358666 0.00456446 0.00119754
internal_weight=52297.8 35566 6596.03 4743.59 2303.39 28970 5312.11 686.725 23657.9 4625.38 12412.1 16731.8 96.3895 2440.21
internal_count=52217 32331 5276 4039 1495 27055 1931 188 25124 1743 12551 19886 99 2544
is_linear=0
shrinkage=0.0386495


Tree=26
num_leaves=15
num_cat=0
split_feature=7 52 16 13 6 12 32 2 0 21 34 6 29 23
split_gain=109.528 15.1399 16.2128 17.4431 21.4346 9.05125 10.2695 9.07919 7.83084 7.51447 7.17517 9.45493 5.90804 4.45801
threshold=0.00092546257656067621 1.0000000180025095e-35 -2.1078494787216182 0.97004190087318432 1.0000000180025095e-35 -0.1825786158442497 21.500000000000004 -6.3825840950012198 0.10350000113248826 -680.93545532226551 246.34006500244143 26.231637001037601 156.2136154174805 0.77775844931602489
decision_type=2 2 2 2 2 2 2 2 2 2 2 2 2 2
left_child=-1 5 3 4 -3 6 7 -2 -5 -8 -7 -12 13 -4
right_child=1 2 12 8 -6 10 9 -9 -10 -11 11 -13 -14 -15
leaf_value=-0.16643734275704403 0.91096349079417516 1.797876268870926 0.013696248226149406 0.20975968340202858 -0.1741343066418618 -0.11959740931405455 1.1304689283847251 0.11141436527891897 0.82866727132489504 -0.0043008117883471001 -0.09126985826083947 0.58254432562069891 -0.42187069264365995 0.45875334800335932
leaf_weight=16731.784154772758 573.06094700098038 435.96819245815277 2267.1887004375458 2423.6783221960068 205.47404897212982 7085.8446491956711 339.85193592309952 885.31859815120697 351.39876782894135 19534.628291070461 375.04207867383957 176.21884232759476 646.24891710281372 266.07722055912018
leaf_count=19886 365 298 2403 1936 168 6959 129 778 166 18313 380 131 202 103
internal_value=-0.00100481 0.000206848 0.00187846 0.00372659 0.00949159 -0.000171856 0.000234615 0.00336281 0.00236729 1.83752e-06 -0.00131461 0.00288761 -9.0294e-05 0.000732925
internal_weight=52297.8 35566 6596.03 3416.52 641.442 28970 21332.9 1458.38 2775.08 19874.5 7637.11 551.261 3179.51 2533.27
internal_count=52217 32331 5276 2568 466 27055 19585 1143 2102 18442 7470 511 2708 2506
is_linear=0
shrinkage=0.0386495


Tree=27
num_leaves=15
num_cat=0
split_feature=8 12 31 45 29 6 49 11 51 6 33 49 32 0
split_gain=106.164 11.9234 14.4615 9.39628 9.49133 6.94252 5.9475 4.10965 4.01548 4.7668 6.52649 3.84989 2.55579 1.25185
threshold=1.0000000180025095e-35 -0.1825786158442497 31.500000000000004 1.0000000180025095e-35 52.07323074340821 -23.102403640747067 1.0000000180025095e-35 0.011744574643671514 1.0000000180025095e-35 42.04253005981446 199.18333435058597 1.0000000180025095e-35 87.500000000000014 0.11850000172853471
decision_type=2 2 2 2 2 2 2 2 2 2 2 2 2 2
left_child=-1 2 5 4 -4 11 -5 -7 13 12 -11 -2 -10 -3
right_child=1 8 3 6 -6 7 -8 -9 9 10 -12 -13 -14 -15
leaf_value=-0.1600046155052301 0.29347997498941325 0.24606291136906652 0.0080584245870730011 -0.091872846854320039 0.24093478094538201 0.59995666332899455 0.040736689093286205 0.22417434831014046 -0.095680357650417713 -0.12344577956571663 0.66836173429846812 1.024416402949939 -0.14639289746933193 -0.026542684629304869
leaf_weight=15535.102522730827 539.5597442984581 952.63826107978821 8281.1909230947495 7414.2579812407494 4174.3486693501472 403.6199466586113 3835.5010707378387 2151.0004831552505 2442.662004172802 519.86149120330811 162.53608000278473 351.1700119972229 3992.5539537668228 1541.7805231809616
leaf_count=18844 392 920 8421 6182 2147 409 4542 1621 2369 257 133 322 3888 1770
internal_value=-0.00102228 0.000108231 0.000523812 0.000181039 0.000914155 0.00286393 -0.000625521 0.00180383 -0.00105948 -0.00152822 0.00149324 0.00582851 -0.00185799 0.000254985
internal_weight=52297.8 36762.7 27150.6 23705.3 12455.5 3445.35 11249.8 2554.62 9612.03 7117.61 682.398 890.73 6435.22 2494.42
internal_count=52217 33373 24036 21292 10568 2744 10724 2030 9337 6647 390 714 6257 2690
is_linear=0
shrinkage=0.0386495


Tree=28
num_leaves=15
num_cat=0
split_feature=9 12 32 16 11 2 37 6 13 29 28 52 0 6
split_gain=103.175 12.0063 10.546 9.0334 8.04218 7.71797 5.87081 3.80861 5.60955 4.7359 4.33164 3.84651 3.15344 3.02228
threshold=1.0000000180025095e-35 -0.1825786158442497 25.500000000000004 -0.7225765287876128 0.30036422610282904 -6.903559446334838 -0.75974860787391651 26.231637001037601 2.181377768516541 214.51734924316409 17.648184776306156 1.0000000180025095e-35 9.0044999122619647 -23.102403640747067
decision_type=2 2 2 2 2 2 2 2 2 2 2 2 2 2
left_child=-1 2 5 4 -4 6 -2 11 9 -9 -10 -3 -5 -7
right_child=1 7 3 12 -6 13 -8 8 10 -11 -12 -13 -14 -15
leaf_value=-0.15382051022256546 1.6666046390438611 -0.12194251330213771 0.057330222345396316 -0.012662779900328588 0.47578405901203658 0.57877768561743448 0.69577143386770013 -0.094463770807574704 0.547146035344107 -2.5128165738060244 0.0093017180690585718 0.055341599083898789 -0.11218961288500631 0.033165407539235123
leaf_weight=15130.245065450668 125.70734685659409 6892.5111030340195 15419.325983583927 7743.1006838083267 593.88766592741013 351.14310055971146 827.62885773181915 1237.6613808274269 119.2882005572319 69.698641657829285 138.33083015680313 1337.667106449604 1095.8210573196411 1215.7666427493095
leaf_count=18480 81 6887 12995 7841 190 320 611 871 119 26 105 1419 1128 1144
internal_value=-0.00103736 5.64478e-05 0.000473477 0.000229247 0.00077846 0.00285675 0.00561104 -0.00110287 0.000618488 -0.000369912 0.00582192 -0.00143731 -0.000759139 0.00113901
internal_weight=52297.8 37167.5 27372.4 24852.1 16013.2 2520.25 953.336 9795.16 1564.98 1307.36 257.619 8230.18 8838.92 1566.91
internal_count=52217 33737 24310 22154 13185 2156 692 9427 1121 897 224 8306 8969 1464
is_linear=0
shrinkage=0.0386495


Tree=29
num_leaves=15
num_cat=0
split_feature=7 52 0 13 38 49 22 21 31 9 23 35 35 13
split_gain=105.68 12.0359 11.2266 12.7711 9.38259 8.32204 8.14734 9.02544 6.70601 6.46283 5.27264 4.33529 4.15648 3.97484
threshold=1.0000000180025095e-35 1.0000000180025095e-35 0.15049999952316287 0.99998766183853161 -1.0107515454292295 1.0000000180025095e-35 0.54204639792442333 -680.93545532226551 5.5000000000000009 0.16497694700956347 0.1179218962788582 31.878933906555179 243.22550201416018 2.0935496091842656
decision_type=2 2 2 2 2 2 2 2 2 2 2 2 2 2
left_child=10 6 3 4 -3 -5 7 9 -9 -2 11 -1 -8 -4
right_child=1 2 13 5 -6 -7 12 8 -10 -11 -12 -13 -14 -15
leaf_value=0.43481417247421794 1.2826908997414459 1.6687147095629751 -0.11512159425463069 0.12109156305009032 0.90180564592926127 0.50019592789873069 -0.1186711753401464 0.59067111249111626 -0.004667694990226106 -0.010301593734262517 -0.14787541778353863 -0.14831972533897628 0.11430562164970791 0.22417859731757395
leaf_weight=44.411116898059845 319.01724308729172 119.03239369392395 2204.9796345233917 2349.4431568980217 682.7088720202446 742.86979603767395 5687.2960077524185 562.11787223815918 21874.624761939049 250.86100280284882 16101.008779704571 147.77313482761383 606.73389393091202 604.90600031614304
leaf_count=28 136 72 1954 1558 526 802 6384 339 19840 91 19112 218 651 506
internal_value=-0.00104657 0.000120664 0.00159877 0.00294294 0.00730773 0.00178856 -0.000215631 0.000119169 -4.57874e-07 0.0049139 -0.00362919 0.00253773 -0.00144829 -0.000244185
internal_weight=52297.8 36004.6 6703.94 3894.05 801.741 3092.31 29300.7 23006.6 22436.7 569.878 16293.2 192.184 6294.03 2809.89
internal_count=52217 32859 5418 2958 598 2360 27441 20406 20179 227 19358 246 7035 2460
is_linear=0
shrinkage=0.0386495


Tree=30
num_leaves=15
num_cat=0
split_feature=7 32 2 16 52 13 16 9 22 29 38 16 9 13
split_gain=103.358 10.5305 11.2413 7.30383 8.16735 12.8456 5.00855 4.99255 4.66232 9.35031 3.49134 2.86715 2.28683 2.08089
threshold=0.00092546257656067621 45.500000000000007 -6.3825840950012198 -0.7819789946079253 1.0000000180025095e-35 0.97004190087318432 2.370430707931519 0.67451679706573497 0.41949681937694555 306.63603210449224 0.044070519506931312 -2.9281172752380367 1.0000000180025095e-35 1.0742947459220888
decision_type=2 2 2 2 2 2 2 2 2 2 2 2 2 2
left_child=12 2 8 4 7 -6 11 -3 9 -2 -5 -4 -1 -10
right_child=1 3 6 10 5 -7 -8 -9 13 -11 -12 -13 -14 -15
leaf_value=-0.14216010045094876 0.4722324525324012 -0.0091854823885537968 0.61933626598086844 -0.08619164038639951 1.6525764364977804 0.10467061863099897 -0.1842595182485772 0.22304500952929993 -0.12839444188394913 0.45572714382955037 -0.001027018995401313 0.079031199940406527 -0.14617268001267342 0.76079927530408786
leaf_weight=14966.101556301117 1426.5807579755783 13491.977753341198 608.76069504022598 7102.8285244107246 534.36123079061508 2908.5899121165276 713.30489575862885 68.275870084762573 241.37635254859924 177.66024851799011 3993.2091543674469 3892.3578482866287 1530.3649260401726 106.28485471010208
leaf_count=18289 1113 11958 468 7774 399 2110 538 21 140 54 3858 3645 1433 99
internal_value=-0.00103785 0.000141828 0.00146505 -0.000193659 0.000307127 0.00198856 0.000515138 -0.000115745 0.0039699 0.00484843 -0.000966187 0.00100136 -0.00356296 0
internal_weight=51762 35265.6 7166.33 28099.2 17003.2 3442.95 5214.42 13560.3 1951.9 1604.24 11096 4501.12 16496.5 347.661
internal_count=51899 32177 6057 26120 14488 2509 4651 11979 1406 1167 11632 4113 19722 239
is_linear=0
shrinkage=0.0386495


Tree=31
num_leaves=15
num_cat=0
split_feature=7 4 16 31 2 16 0 23 35 5 32 20 29 44
split_gain=103.125 10.3292 7.32584 9.36368 5.37344 5.31317 11.0149 4.56782 4.06768 12.458 6.356 2.79945 2.50636 3.00647
threshold=0.00092546257656067621 -4.0185499191284171 -2.9281172752380367 121.50000000000001 -5.1535551548004142 -1.2123424410820005 0.61349999904632579 1.3297854065895083 708.29150390625011 -46.725141525268548 278.50000000000006 -6.4238324165344229 117.53787994384767 0.81174489855766307
decision_type=2 2 2 2 2 2 2 2 2 2 2 2 2 2
left_child=-1 2 3 4 -2 6 7 -3 10 -10 -4 -5 -7 -14
right_child=1 5 8 11 -6 12 -8 -9 9 -11 -12 -13 13 -15
leaf_value=-0.136665677521917 0.65174406096399495 0.056941755728511463 0.05476441791857091 0.29056486129981535 0.4904565124406054 -0.092276964013258328 1.7220395073901575 -0.25255663814132012 0.50492443372027906 -0.095055357701233537 -0.045983919121827123 -0.055773502171683267 -0.036897842717878569 -1.7609322727392791
leaf_weight=16496.46648234129 692.70685529708862 6396.0544535517693 11457.771169483662 344.40440386533737 626.057153403759 7778.8029376268387 59.076471209526062 1822.7890809774399 449.25958704948425 454.83909100294113 3740.8103321194649 714.22597360610962 641.24828344583511 87.522305309772491
leaf_count=19722 439 6229 10260 358 421 8638 12 515 146 361 3859 692 211 36
internal_value=-0.00103914 0.000139211 0.000770885 0.0027777 0.00494874 -0.000552789 0.000138039 9.45552e-06 0.000470692 0.00299404 0.0003164 1.42766e-05 -0.00123166 0.000885061
internal_weight=51762 35265.6 18480.1 2377.39 1318.76 16785.5 8277.92 8218.84 16102.7 904.099 15198.6 1058.63 8507.57 728.771
internal_count=51899 32177 16536 1910 860 15641 6756 6744 14626 507 14119 1050 8885 247
is_linear=0
shrinkage=0.0386495


Tree=32
num_leaves=15
num_cat=0
split_feature=7 32 2 16 51 16 0 11 6 21 35 27 13 6
split_gain=102.707 10.4957 9.35475 5.68308 8.88662 8.09578 5.1957 4.42373 3.89398 7.11423 3.78962 3.71397 7.64006 3.34075
threshold=1.0000000180025095e-35 45.500000000000007 -6.3825840950012198 -0.7819789946079253 1.0000000180025095e-35 -0.99831548333168019 0.11850000172853471 0.016035271808505062 18.142142295837406 267.16377258300787 30.349913597106937 -0.0056927194818854323 3.4980123043060307 6.2722048759460458
decision_type=2 2 2 2 2 2 2 2 2 2 2 2 2 2
left_child=-1 2 8 4 5 -3 -6 10 9 -2 -4 12 -5 -13
right_child=1 3 7 11 6 -7 -8 -9 -10 -11 -12 13 -14 -15
leaf_value=-0.1313836115286732 0.52086420498386932 0.18264010004026998 0.20102334904033634 -0.0054869035420975678 -0.071101887257047247 0.43008473332649261 0.047613950518984434 -0.01504271373606134 -0.026866184526446617 0.63147290848281901 0.58622830627618705 -0.11737032333754668 0.40187830026187343 0.02364378026824749
leaf_weight=16021.429345190525 1529.3237758874893 3798.8435496091843 894.72750920057297 4050.726423561573 7382.4912573099136 381.46670323610306 5875.8507893681526 4057.9754742383957 270.74872183799744 151.82971602678299 301.31005960702896 5784.9167822003365 59.342618644237518 1201.0518543720245
leaf_count=19154 1186 3019 818 3779 6016 281 5688 3583 133 87 302 6573 39 1241
internal_value=-0.00104401 0.000107137 0.001426 -0.000223963 0.000208427 0.00176368 -0.000277759 0.000563626 0.00371467 0.00441015 0.00262795 -0.000908651 0 -0.00145092
internal_weight=51762 35740.6 7205.92 28534.7 17438.7 4180.31 13258.3 5254.01 1951.9 1681.15 1196.04 11096 4110.07 6985.97
internal_count=51899 32745 6109 26636 15004 3300 11704 4703 1406 1273 1120 11632 3818 7814
is_linear=0
shrinkage=0.0386495


Tree=33
num_leaves=15
num_cat=0
split_feature=7 4 32 13 28 0 32 8 45 35 14 13 12 23
split_gain=98.9945 9.97857 5.94439 8.46051 7.96596 4.39112 4.38509 6.02549 4.15477 5.41472 3.28799 3.49317 2.98406 1.92866
threshold=1.0000000180025095e-35 -4.0185499191284171 87.500000000000014 0.70976710319519054 6.2739419937133798 11.536000251770021 29.500000000000004 0.0010703282896429302 1.0000000180025095e-35 243.22550201416018 -0.80500614643096913 0.83712381124496471 -0.32159784436225886 0.16143676638603213
decision_type=2 2 2 2 2 2 2 2 2 2 2 2 2 2
left_child=13 2 3 4 -2 -5 7 -3 9 -8 -4 -12 -9 -1
right_child=1 6 10 5 -6 -7 8 12 -10 -11 11 -13 -14 -15
leaf_value=-0.023379785592596063 0.23467398206158832 1.6257485890038108 -0.12911937428058032 0.15672490918558651 -5.8135470253258079 -0.14614866715074717 -0.047190998169549463 0.5833932592277522 -0.13177144150438455 0.17243960598292568 -0.058717772629652318 0.034176774460953213 -0.061433261947158167 -0.12630569497267566
leaf_weight=234.76732331514359 84.101686656475067 43.509133875370026 1191.2935856580734 6477.6999241113663 109.34815239906311 476.68060564994812 7609.0456444621086 677.76649844646454 5826.6437200903893 1360.7242940664291 1112.2921112775803 9204.9828901290894 1566.5169882774353 15786.662021875381
leaf_count=335 31 38 1039 5244 32 469 7001 581 5989 1096 910 9016 1299 18819
internal_value=-0.0010732 5.69014e-05 0.000676339 0.00155231 0.00953202 0.00131933 -0.000616148 0.000945959 -0.000861691 -0.000331475 0.00012707 0.000353857 0.000636041 -0.00359755
internal_weight=51762 35740.6 18656.4 7147.83 193.45 6954.38 17084.2 2287.79 14796.4 8969.77 11508.6 10317.3 2244.28 16021.4
internal_count=51899 32745 16741 5776 63 5713 16004 1918 14086 8097 10965 9926 1880 19154
is_linear=0
shrinkage=0.0386495


Tree=34
num_leaves=15
num_cat=0
split_feature=8 4 33 2 12 32 12 8 36 8 35 27 23 23
split_gain=96.925 9.18181 6.07941 5.51299 7.89752 4.48104 5.19199 7.12753 4.82867 4.21903 3.84288 21.0607 4.06118 3.56489
threshold=1.0000000180025095e-35 -4.0185499191284171 246.41666412353518 -6.3825840950012198 -1.3620072603225706 29.500000000000004 -0.32159784436225886 0.0010703282896429302 1.1328400373458865 0.055564954876899726 708.29150390625011 0.004864167422056199 0.60977554321289074 1.7820773124694826
decision_type=2 2 2 2 2 2 2 2 2 2 2 2 2 2
left_child=-1 2 3 4 -2 6 7 -3 9 -7 12 -12 -4 -10
right_child=1 5 10 -5 -6 8 -8 -9 13 -11 11 -13 -14 -15
leaf_value=-0.12142403757145138 0.041423569878465037 1.5629141488484615 -0.0098157156799226677 0.047488646816274641 0.35652665424713759 -0.042154221810598663 -0.057498733070376097 0.56084537631281628 -0.034147607631903651 -0.12700336829480341 0.028208331944559944 0.57306362535877819 -0.33275050622449792 1.5540484922817313
leaf_weight=15363.026806414127 2325.6606038212776 32.12982165813446 4385.2093755602837 8390.1045921444893 1720.5209871530533 10179.431138157845 1603.3324101567268 680.54239100217819 195.15147918462753 4622.4249709248543 1114.9107977151871 59.543902397155762 836.75083822011948 253.29446578025818
leaf_count=18661 1824 21 5015 7960 977 10447 1354 585 137 3749 693 32 401 43
internal_value=-0.00107933 5.68278e-06 0.000600083 0.0010992 0.002275 -0.000628264 0.00094321 0.00368836 -0.000870812 -0.000993615 -0.000361309 0.00161804 -0.000818026 0.00304028
internal_weight=51762 36399 18832.7 12436.3 4046.18 17566.3 2316 712.672 15250.3 14801.9 6396.41 1174.45 5221.96 448.446
internal_count=51899 33238 16902 10761 2801 16336 1960 606 14376 14196 6141 725 5416 180
is_linear=0
shrinkage=0.0386495


Tree=35
num_leaves=15
num_cat=0
split_feature=41 19 24 2 16 9 33 8 1 28 12 8 23 35
split_gain=98.7623 7.7119 5.57093 7.00529 4.53073 14.791 5.24538 4.11423 3.99278 3.56434 3.95673 3.32216 1.55071 1.04494
threshold=1.0000000180025095e-35 -0.10176026076078414 28.574430465698246 -10.72192335128784 2.370430707931519 3.3104048967361455 49.049999237060554 0.0039962206501513728 -6.9372181892395011 3.0934214591979985 -1.1791634559631345 0.055564954876899726 0.30292455852031713 13.478477478027346
decision_type=2 2 2 2 2 2 2 2 2 2 2 2 2 2
left_child=1 2 9 7 5 6 -3 -4 -7 10 -1 -5 -11 -2
right_child=13 4 3 11 -6 8 -8 -9 -10 12 -12 -13 -14 -15
leaf_value=0.11212734960108095 0.37366112563611259 0.10457748772905473 -0.1594932923061447 0.15458209532101802 -0.11681772006668885 0.1037211473137743 -0.032610637053063239 0.74143906304338869 1.6477957576288109 0.040407820147160357 2.6010994831520295 -0.03921401381183099 -0.098382248270403261 -0.11673105399833979
leaf_weight=496.15397995710373 74.30021470785141 4293.6621432304382 174.25810128450394 2103.129123032093 1358.9563836455345 130.70942372083664 21707.81253272295 1371.9353981018066 201.44100737571716 802.1684861779213 68.339087665081024 1260.9275622367859 2523.7277268767357 15860.307277441025
leaf_count=453 102 3937 106 1737 1362 27 21730 826 47 673 38 774 1641 18770
internal_value=-0.0011288 -1.86885e-05 0.000976147 0.00184209 -0.000336986 -0.00022217 -0.00032812 0.00400368 0.00785071 -0.000102296 0.0027135 0.000829567 -0.000598976 -0.00366722
internal_weight=52427.8 36493.2 8800.64 4910.25 27692.6 26333.6 26001.5 1546.19 332.15 3890.39 564.493 3364.06 3325.9 15934.6
internal_count=52223 33351 6248 3443 27103 25741 25667 932 74 2805 491 2511 2314 18872
is_linear=0
shrinkage=0.0386495


Tree=36
num_leaves=15
num_cat=0
split_feature=41 12 31 23 0 21 11 11 20 0 22 34 28 25
split_gain=97.4857 7.50325 8.29072 12.748 7.29306 5.26098 5.03516 4.68907 4.16062 3.2273 3.57876 3.19019 2.80064 2.33702
threshold=1.0000000180025095e-35 -0.42981591820716852 99.500000000000014 1.7820773124694826 0.053500000387430198 105.62543106079103 0.47420547902584081 0.30036422610282904 -145.01766204833982 0.049499999731779105 0.064730096608400359 12.605622768402101 69.799926757812514 -2.6842112674785309e-05
decision_type=2 2 2 2 2 2 2 2 2 2 2 2 2 2
left_child=1 2 3 4 -1 -5 7 -4 -8 11 -11 13 -12 -3
right_child=-2 9 6 5 -6 -7 8 -9 -10 10 12 -13 -14 -15
leaf_value=0.3846106926056182 -0.11221945209608999 -0.13009595178217601 -0.0038877265017725777 0.72459693277716364 0.041343336317788679 2.1783305232512715 1.6988917345816366 0.19464060233117816 -0.14905490621903933 0.13453020649460792 -0.030901973054683118 -0.21849979304869158 -0.65198049820165349 0.43310233889475658
leaf_weight=1045.5466434955597 15934.607492148876 121.19554156064987 11778.852409660816 485.20944219827652 7064.0464960932732 107.14172494411469 40.081469297409058 682.0184331536293 1524.863313794136 31.23619419336319 10696.726709544659 1986.6800146102905 884.68812340497971 44.934440076351166
leaf_count=800 18872 113 11668 125 6510 43 16 558 1244 21 10526 1328 368 31
internal_value=-0.00114362 -4.06789e-05 0.000388932 0.00132679 0.000917845 0.00680602 -0.000188912 6.62241e-05 -0.00225492 -0.000754161 -0.000492654 -0.00213611 -0.000533704 0.00282084
internal_weight=52427.8 36493.2 22727.8 8701.94 8109.59 592.351 14025.8 12460.9 1564.94 13765.5 11612.7 2152.81 11581.4 166.13
internal_count=52223 33351 20964 7478 7310 168 13486 12226 1260 12387 10915 1472 10894 144
is_linear=0
shrinkage=0.0386495


Tree=37
num_leaves=15
num_cat=0
split_feature=9 12 31 29 35 10 10 10 2 35 13 20 28 10
split_gain=94.9759 8.66345 7.86902 10.8511 9.86417 5.20639 4.75005 6.50046 3.43976 3.97938 5.05481 3.39635 2.80463 0.915264
threshold=1.0000000180025095e-35 -0.42981591820716852 115.50000000000001 214.51734924316409 121.68557739257814 0.0096812709234654921 0.19900236278772357 0.138402134180069 25.521059989929203 28.543949127197269 0.70976710319519054 -145.01766204833982 20.153746604919437 0.0096812709234654921
decision_type=2 2 2 2 2 2 2 2 2 2 2 2 2 2
left_child=-1 2 3 5 -5 -2 7 -4 9 10 -3 -8 -11 -10
right_child=1 8 6 4 -6 -7 11 -9 13 12 -12 -13 -14 -15
leaf_value=-0.10788222154599704 0.33699982991857053 -1.9717634544271871 -0.0069857713648125395 0.34362876203845311 2.2237138058375687 0.011318948657488115 1.6332303452690378 0.23619866650809082 -0.013664580444161321 -0.10451621614962041 -0.016628215912665351 -0.097928711132735449 0.015411594888788455 -0.92157416233174327
leaf_weight=15170.240641713142 1979.2296193242073 274.04950422048569 10286.835860192776 941.66905224323273 162.177250623703 6734.3926265835762 39.107103109359741 687.86669361591339 110.05877816677094 6517.034384906292 4544.9948356151581 1991.2969733476639 1990.4954971671104 998.37962734699249
leaf_count=18474 1839 96 10312 281 71 6351 17 549 89 6088 4262 1663 1759 372
internal_value=-0.00114293 -9.16001e-05 0.000375357 0.00120224 0.00481842 0.000736493 -0.000244487 6.82448e-05 -0.000833851 -0.000655904 0.000221375 -0.00196179 -0.00115958 -0.00291603
internal_weight=52427.8 37257.6 22822.6 9817.47 1103.85 8713.62 13005.1 10974.7 14435 13326.6 4819.04 2030.4 8507.53 1108.44
internal_count=52223 33749 21083 8542 352 8190 12541 10861 12666 12205 4358 1680 7847 461
is_linear=0
shrinkage=0.0386495


Tree=38
num_leaves=15
num_cat=0
split_feature=41 45 29 38 35 36 49 54 10 50 6 34 10 35
split_gain=97.0553 6.32116 8.06858 11.0079 28.1551 10.1045 7.96076 6.27729 6.74185 5.55768 5.04785 8.45416 4.50601 3.14188
threshold=1.0000000180025095e-35 1.0000000180025095e-35 214.51734924316409 -0.65863394737243641 50.55412673950196 1.1328400373458865 1.0000000180025095e-35 0.075510084629058852 0.011181907728314401 1.0000000180025095e-35 -18.041157722473141 521.22842407226574 0.25954373180866247 56.629188537597663
decision_type=2 2 2 2 2 2 2 2 2 2 2 2 2 2
left_child=1 2 9 4 -4 -5 10 8 -8 12 11 -3 -1 -11
right_child=-2 6 3 5 -6 -7 7 -9 -10 13 -12 -13 -14 -15
leaf_value=0.020671627737072405 -0.10371262297497089 -0.039871835663276275 -0.052633889280858694 -0.00022853259538940538 2.1379961812268693 3.121350002995058 0.86879253495032815 -0.0057097648098750091 0.12327384839574328 0.34958917606447082 -0.14705336739759578 0.2592488422047457 -0.080500482299238882 -0.31752468365182912
leaf_weight=14541.472118675709 15934.607492148876 2852.0385770201683 419.07101225852966 1642.2895445823669 262.09113985300064 119.0981063246727 373.31204265356064 5433.5364362597466 718.36315095424652 183.52611970901489 7069.5189284086227 154.39617282152176 2683.0065861940384 41.501020312309265
leaf_count=14069 18872 2683 96 569 92 27 381 6388 684 142 5737 79 2360 44
internal_value=-0.00114918 -4.86746e-05 0.000414271 0.00249505 0.00667231 0.000841016 -0.000606866 0.000438156 0.00311127 0.000119432 -0.00128933 1.8266e-05 3.68561e-05 0.00612876
internal_weight=52427.8 36493.2 19892.1 2442.55 681.162 1761.39 16601.2 6525.21 1091.68 17449.5 10076 3006.43 17224.5 225.027
internal_count=52223 33351 17399 784 188 596 15952 7453 1065 16615 8499 2762 16429 186
is_linear=0
shrinkage=0.0386495


Tree=39
num_leaves=15
num_cat=0
split_feature=41 32 8 13 2 29 27 21 12 21 13 36 16 35
split_gain=96.4852 7.112 7.15932 5.78955 4.82177 4.64527 5.20633 4.43121 4.1363 5.99517 7.8632 4.49624 2.83898 4.42413
threshold=1.0000000180025095e-35 87.500000000000014 0.024179616943001751 0.70976710319519054 -6.3825840950012198 48.388669967651374 -0.12603783607482907 -47.167438507080071 -0.42981591820716852 -680.93545532226551 1.0742947459220888 -0.51980823278427113 -2.2877086400985713 129.36710357666018
decision_type=2 2 2 2 2 2 2 2 2 2 2 2 2 2
left_child=1 2 3 7 -5 -4 -7 -1 9 10 -3 -11 -10 -14
right_child=-2 8 5 4 -6 6 -8 -9 12 11 -12 -13 13 -15
leaf_value=19.051327298370222 -0.099704177483612183 2.6144914097910648 -0.039133636020642314 0.40670233297012259 0.094098518049310936 0.62922067818249816 0.059223123690841054 0.96008852349990614 -0.15638594751822563 0.3735647846243183 -0.27810476010285284 -0.012814840790265845 -0.086108482020156571 0.10263164341166367
leaf_weight=56.477252066135406 15934.607492148876 65.299424529075623 4398.6340582370758 1501.7281112670898 4556.270888209343 437.70861446857452 2619.2058404684067 72.939974844455719 2687.7628951072693 772.4690043926239 87.3969766497612 14209.810219705105 3524.0300278067589 1503.4876682758331
leaf_count=12 18872 28 4895 1130 4102 174 1188 53 1977 520 40 13783 3958 1491
internal_value=-0.00115657 -5.92913e-05 0.000637109 0.00160964 0.00142379 -0.00016244 0.000985053 0.00971367 -0.00047764 -0.000102131 0.00745859 -0.000184043 -0.00120654 -0.000647658
internal_weight=52427.8 36493.2 13643 6187.42 6058 7455.55 3056.91 129.417 22850.3 15135 152.696 14982.3 7715.28 5027.52
internal_count=52223 33351 11554 5297 5232 6257 1362 65 21797 14371 68 14303 7426 5449
is_linear=0
shrinkage=0.0386495


Tree=40
num_leaves=15
num_cat=0
split_feature=41 32 6 29 14 10 20 52 38 26 28 10 38 25
split_gain=96.2801 6.7608 4.80644 8.4058 5.8082 4.6637 3.36472 3.67338 4.2371 3.43606 2.44874 1.45445 1.18593 1.10982
threshold=1.0000000180025095e-35 87.500000000000014 1.0000000180025095e-35 52.07323074340821 1.6659767031669619 0.0096812709234654921 147.57876586914065 1.0000000180025095e-35 0.67169889807701122 -0.11235036700963973 0.68223765492439281 0.0083630620501935499 -0.41926833987236017 -2.6978425182733185e-07
decision_type=2 2 2 2 2 2 2 2 2 2 2 2 2 2
left_child=1 2 3 5 -5 -1 7 8 -3 -9 -4 -12 -8 -2
right_child=13 6 10 4 -6 -7 12 9 -10 -11 11 -13 -14 -15
leaf_value=0.23289665635284371 -0.095850656579023127 -0.042575414384282494 0.45222361907186126 0.52055458503498953 -0.085270417861110906 -0.026287304852879174 -0.11064271745951874 -0.37819344235906521 0.029251140816283164 0.16246113047139765 0.23256901875463681 -0.072606304839228836 -0.78659386868192449 -0.095850656579023127
leaf_weight=1726.9028629660606 2736.0820864439011 14842.697032392025 42.169866263866425 2893.8684626221657 627.64568239450455 3961.697869181633 214.47108125686646 380.57969564199448 3407.5619922876358 3314.5703017115593 597.91390639543533 3676.1444978713989 666.50768750905991 12993.856418371201
leaf_count=1737 3050 15683 39 1485 305 4597 63 194 2964 2802 515 2866 172 15679
internal_value=-0.00114402 -4.92483e-05 0.000633609 0.001134 0.00261888 0.00020401 -0.000456452 -0.000359264 -0.00058605 0.000744854 -0.000420752 -0.000526865 -0.00280548 -0.00367008
internal_weight=52082.7 36352.7 13526.3 9210.11 3521.51 5688.6 22826.4 21945.4 18250.3 3695.15 4316.23 4274.06 880.979 15729.9
internal_count=52151 33422 11544 8124 1790 6334 21878 21643 18647 2996 3420 3381 235 18729
is_linear=0
shrinkage=0.0386495


Tree=41
num_leaves=15
num_cat=0
split_feature=41 45 49 54 34 15 13 32 6 13 4 4 34 20
split_gain=94.8854 6.21001 8.34843 6.96942 6.81971 9.81268 9.98476 6.4834 6.42321 4.86374 4.27651 3.64794 4.85647 3.34572
threshold=1.0000000180025095e-35 1.0000000180025095e-35 1.0000000180025095e-35 0.075510084629058852 287.97561645507818 -17.41688251495361 1.2535185217857363 87.500000000000014 -11.763752937316893 0.70976710319519054 -18.773933410644528 -4.0185499191284171 521.22842407226574 -8.4280409812927228
decision_type=2 2 2 2 2 2 2 2 2 2 2 2 2 2
left_child=1 4 11 8 7 6 -6 9 -4 -1 -9 12 -3 -5
right_child=-2 2 3 13 5 -7 -8 10 -10 -11 -12 -13 -14 -15
leaf_value=0.16967079095483661 -0.092146072496710599 -0.083597835542001578 0.78248602341556206 0.16478592901534614 0.18880590585070697 0.12859426448731887 -0.017504238279964845 0.098348695807770156 0.15196941989747018 0.068307783799145066 -0.038362342801229195 -0.17977459529297835 0.2980581255978661 -0.034581777710684616
leaf_weight=204.0896880030632 15729.938504815102 5845.740129172802 403.60796159505844 1037.6476918458939 203.83260107040405 1661.3018444776535 88.605107665061951 1174.5523829460144 690.2946258187294 6871.9409638047218 9670.5508731007576 3606.7885249853134 497.68729507923126 4396.0912489295006
leaf_count=53 18729 4877 383 1186 105 1338 85 1048 677 5642 9193 3326 271 5238
internal_value=-0.00116235 -7.55161e-05 -0.00063159 0.000435726 0.000382614 0.00255151 0.00909054 0.000142671 0.00324936 0.00105505 -0.000447363 -0.00133755 -0.000765439 -0.000121028
internal_weight=52082.7 36352.7 16477.9 6527.64 19874.9 1953.74 292.438 17921.1 1093.9 7076.03 10845.1 9950.22 6343.43 5433.74
internal_count=52151 33422 15958 7484 17464 1528 190 15936 1060 5695 10241 8474 5148 6424
is_linear=0
shrinkage=0.0386495


Tree=42
num_leaves=15
num_cat=0
split_feature=41 45 31 26 12 29 2 26 49 4 20 32 10 22
split_gain=95.2667 6.22412 9.0559 6.24017 6.48671 13.2856 4.06141 5.48204 3.5442 3.24008 2.95036 2.67965 3.07107 2.52461
threshold=1.0000000180025095e-35 1.0000000180025095e-35 31.500000000000004 -0.013537499587982891 -0.32159784436225886 214.51734924316409 -6.903559446334838 -0.028556370176374909 1.0000000180025095e-35 -4.8771378993988028 -8.4280409812927228 69.500000000000014 0.22467199712991717 0.32322971522808081
decision_type=2 2 2 2 2 2 2 2 2 2 2 2 2 2
left_child=1 3 6 11 5 -5 7 -3 13 -6 -10 12 -1 -4
right_child=-2 2 8 4 9 -7 -8 -9 10 -11 -12 -13 -14 -15
leaf_value=0.12150346449503534 -0.088584668896543331 0.62193778676981459 -0.068913746757101726 0.072505716984172935 0.33776240603836594 0.97026017707497836 0.12009160550156069 0.28147724478857133 0.14658066599563516 -0.039447207049778533 -0.036431522226952458 -0.067729960972631384 -0.084004982141345441 -0.1741542664879073
leaf_weight=953.05991810560226 15729.938504815102 145.07455831766129 5225.3002805709839 7263.2429468035698 638.39321595430374 844.17248266935349 1708.2435961961746 494.91646558046341 1005.0208341479301 4977.2206554412842 4307.5789908766747 4180.7398601770401 1018.044381916523 3591.7227517366409
leaf_count=806 18729 87 4318 6006 372 322 1616 407 1151 4536 5145 4575 847 3234
internal_value=-0.00115733 -6.83149e-05 -0.000625044 0.000390358 0.000850649 0.0015505 0.00158711 0.00422255 -0.000996962 -0.00014962 -0.000195622 -0.000626944 0.000527243 -0.00147307
internal_weight=52082.7 36352.7 16477.9 19874.9 13723 8107.42 2348.23 639.991 14129.6 5615.61 5312.6 6151.84 1971.1 8817.02
internal_count=52151 33422 15958 17464 11236 6328 2110 494 13848 4908 6296 6228 1653 7552
is_linear=0
shrinkage=0.0386495


end of trees

feature_importances:
price_log=30
distance_to_resistance=27
volume_lag_7d=27
price_std_7d=24
return_60d=22
volume_std_60d=22
return_3d=21
return_14d=21
vol_regime_60_30=20
bb_width=20
rsi_missing=20
events_next_30d_major=19
return_30d=17
price_std_30d=16
price_zscore_30d=16
volume_lag_1d=16
volume_mean_30d=16
volume_std_30d=16
price_std_14d=15
macd_histogram=15
item_type_sticker=15
price_lag_1d=13
trend_divergence_30_60=12
macd_signal=12
volume_log_change_1d=12
return_1d=11
return_7d=11
price_std_20d=11
price_std_60d=10
volume_zscore_30d=10
autocorr_7d=9
events_next_30d_game_update=9
bb_pct_b=8
log_return_7d=7
autocorr_1d=7
rsi_14=7
price_accel_7d=6
distance_to_support=6
item_type_skin=6
macd_line=5
item_volume_vs_market_30d=4
log_return_1d=3
volume_log_change_7d=3
volume_price_conf_7d=2
dow_sin=1
dow_cos=1
item_type_graffiti=1

parameters:
[boosting: gbdt]
[objective: quantile]
[metric: quantile]
[tree_learner: serial]
[device_type: cpu]
[data_sample_strategy: bagging]
[data: ]
[valid: ]
[num_iterations: 1000]
[learning_rate: 0.0386495]
[num_leaves: 15]
[num_threads: -1]
[seed: 73]
[deterministic: 0]
[force_col_wise: 0]
[force_row_wise: 0]
[histogram_pool_size: -1]
[max_depth: 5]
[min_data_in_leaf: 30]
[min_sum_hessian_in_leaf: 0.001]
[bagging_fraction: 0.7]
[pos_bagging_fraction: 1]
[neg_bagging_fraction: 1]
[bagging_freq: 5]
[bagging_seed: 5921]
[bagging_by_query: 0]
[feature_fraction: 0.65]
[feature_fraction_bynode: 1]
[feature_fraction_seed: 22355]
[extra_trees: 0]
[extra_seed: 3536]
[early_stopping_round: 0]
[early_stopping_min_delta: 0]
[first_metric_only: 0]
[max_delta_step: 0]
[lambda_l1: 1.5]
[lambda_l2: 2]
[linear_lambda: 0]
[min_gain_to_split: 0.1]
[drop_rate: 0.1]
[max_drop: 50]
[skip_drop: 0.5]
[xgboost_dart_mode: 0]
[uniform_drop: 0]
[drop_seed: 14602]
[top_rate: 0.2]
[other_rate: 0.1]
[min_data_per_group: 100]
[max_cat_threshold: 32]
[cat_l2: 10]
[cat_smooth: 10]
[max_cat_to_onehot: 4]
[top_k: 20]
[monotone_constraints: ]
[monotone_constraints_method: basic]
[monotone_penalty: 0]
[feature_contri: ]
[forcedsplits_filename: ]
[refit_decay_rate: 0.9]
[cegb_tradeoff: 1]
[cegb_penalty_split: 0]
[cegb_penalty_feature_lazy: ]
[cegb_penalty_feature_coupled: ]
[path_smooth: 0]
[interaction_constraints: ]
[verbosity: -1]
[saved_feature_importance_type: 0]
[use_quantized_grad: 0]
[num_grad_quant_bins: 4]
[quant_train_renew_leaf: 0]
[stochastic_rounding: 1]
[linear_tree: 0]
[max_bin: 63]
[max_bin_by_feature: ]
[min_data_in_bin: 3]
[bin_construct_sample_cnt: 200000]
[data_random_seed: 277]
[is_enable_sparse: 1]
[enable_bundle: 1]
[use_missing: 1]
[zero_as_missing: 0]
[feature_pre_filter: 0]
[pre_partition: 0]
[two_round: 0]
[header: 0]
[label_column: ]
[weight_column: ]
[group_column: ]
[ignore_column: ]
[categorical_feature: ]
[forcedbins_filename: ]
[precise_float_parser: 0]
[parser_config_file: ]
[objective_seed: 8155]
[num_class: 1]
[is_unbalance: 0]
[scale_pos_weight: 1]
[sigmoid: 1]
[boost_from_average: 1]
[reg_sqrt: 0]
[alpha: 0.9]
[fair_c: 1]
[poisson_max_delta_step: 0.7]
[tweedie_variance_power: 1.5]
[lambdarank_truncation_level: 30]
[lambdarank_norm: 1]
[label_gain: ]
[lambdarank_position_bias_regularization: 0]
[eval_at: ]
[multi_error_top_k: 1]
[auc_mu_weights: ]
[num_machines: 1]
[local_listen_port: 12400]
[time_out: 120]
[machine_list_filename: ]
[machines: ]
[gpu_platform_id: -1]
[gpu_device_id: -1]
[gpu_use_dp: 0]
[num_gpu: 1]

end of parameters

pandas_categorical:[]
