tree
version=v4
num_class=1
num_tree_per_iteration=1
label_index=0
max_feature_idx=19
objective=quantile
feature_names=event_decay_major event_density_30d_major event_density_90d_major event_decay_operation event_density_30d_operation event_density_90d_operation event_decay_case_drop event_density_30d_case_drop event_density_90d_case_drop event_decay_update event_density_30d_update event_density_90d_update event_decay_game_update event_density_30d_game_update event_density_90d_game_update event_decay_major_weighted event_decay_operation_weighted event_decay_case_drop_weighted event_decay_update_weighted event_decay_game_update_weighted
feature_infos=[0.031220927834510803:0.98347145318984985] [0:2] [0:3] [1.5229979055675358e-08:0.95349693298339844] [0:1] [0:1] [0:0.93106275796890259] [0:1] [0:3] none none none [0:0.86687791347503662] [0:2] [0:3] [0:0.98347145318984985] [0:0.95349693298339844] [0:0.93106275796890259] none [0:0.26006338000297546]
tree_sizes=1003 1046 1032 1048 1030 1044 1027 1035 1024 1034 1042 1037 1038 1032 1029 1049 1041 1037 1038 1039 1030 1030 1028 1047 1039

Tree=0
num_leaves=8
num_cat=0
split_feature=19 15 16 19 15 12 6
split_gain=78.1553 125.488 125.037 108.647 80.7954 44.4859 23.8004
threshold=5.1752252656911421e-12 1.0000000180025095e-35 1.0000000180025095e-35 2.7783073619502834e-09 0.082325432449579253 0.00098189854179509006 1.421712966021005e-06
decision_type=2 2 2 2 2 2 2
left_child=1 2 -1 6 -3 -5 -2
right_child=3 4 -4 5 -6 -7 -8
leaf_value=-11.12030078587922 -11.724310943037537 -11.959908991190719 -11.52265027679816 -11.482706893998905 -11.546660904946677 -11.632010407224699 -12.241413186292187
leaf_weight=41260.919560015202 5347.4748215079308 10315.057032346725 47489.310134768486 32043.632823467255 69797.265101611614 69979.289699316025 2711.2481459975243
leaf_count=50251 4513 10741 40357 30500 79116 61524 2542
internal_value=-11.5385 -11.538 -11.537 -11.5392 -11.539 -11.5389 -11.5433
internal_weight=278944 168863 88750.2 110082 80112.3 102023 8058.72
internal_count=279544 180465 90608 99079 89857 92024 7055
is_linear=0
shrinkage=1


Tree=1
num_leaves=8
num_cat=0
split_feature=19 15 16 19 15 16 6
split_gain=75.0741 118.592 121.944 99.6496 70.5932 43.4113 21.1238
threshold=5.1752252656911421e-12 1.0000000180025095e-35 1.0000000180025095e-35 2.7783073619502834e-09 0.082325432449579253 0.0023476403439417486 1.421712966021005e-06
decision_type=2 2 2 2 2 2 2
left_child=1 2 -1 6 -3 -5 -2
right_child=3 4 -4 5 -6 -7 -8
leaf_value=0.40300649289307788 -0.17911396723318912 -0.40617379821519223 0.01523839328492394 0.029760766565671795 -0.0079020750335108639 -0.13203697939315834 -0.67747610934005165
leaf_weight=41260.919560015202 5347.4748215079308 10315.057032346725 47489.310134768486 51306.384503304958 69797.265101611614 50716.538019478321 2711.2481459975243
leaf_count=50251 4513 10741 40357 46903 79116 45121 2542
internal_value=1.64698e-05 0.000496694 0.00140933 -0.000719686 -0.000513666 -0.000412629 -0.00459974
internal_weight=278944 168863 88750.2 110082 80112.3 102023 8058.72
internal_count=279544 180465 90608 99079 89857 92024 7055
is_linear=0
shrinkage=0.0362406


Tree=2
num_leaves=8
num_cat=0
split_feature=0 19 15 19 0 14 15
split_gain=142.487 88.1328 102.392 94.4827 44.7877 44.2103 29.124
threshold=0.059310715645551688 5.1752252656911421e-12 0.060988180339336402 2.7783073619502834e-09 0.039757162332534797 1.5000000000000002 1.0000000180025095e-35
decision_type=2 2 2 2 2 2 2
left_child=4 2 -2 -3 6 -6 -1
right_child=1 3 -4 -5 5 -7 -8
leaf_value=0.098081803735759476 0.16976825919381233 -0.33356298002362128 -0.019990490079458575 -0.024784827077332254 -0.54064390581209365 -0.12406577161873432 -0.58582391353428009
leaf_weight=3017.0011085271835 83954.228923857212 8058.722967505455 74611.333844780922 98611.504394829273 4684.715492784977 4589.9986075758934 1416.6919791698456
leaf_count=3223 85138 7055 83930 88865 4953 4918 1462
internal_value=3.4849e-05 0.000221257 0.000763237 -0.000583887 -0.00356764 -0.0050005 -0.000557585
internal_weight=278944 265236 158566 106670 13708.4 9274.71 4433.69
internal_count=279544 264988 169068 95920 14556 9871 4685
is_linear=0
shrinkage=0.0362406


Tree=3
num_leaves=8
num_cat=0
split_feature=19 15 16 19 15 19 17
split_gain=67.2625 111.342 118.827 81.5456 59.7252 40.6527 21.4617
threshold=5.1752252656911421e-12 1.0000000180025095e-35 1.0000000180025095e-35 2.7783073619502834e-09 0.082325432449579253 0.00029456955962814396 6.0955099456805339e-07
decision_type=2 2 2 2 2 2 2
left_child=1 2 -1 6 -3 -5 -2
right_child=3 4 -4 5 -6 -7 -8
leaf_value=0.38224878601977508 -0.13952519677826589 -0.3850162424932545 0.01576654727937608 0.056985273676143013 -0.0068912314367042486 -0.085997720324982596 -0.61536937761593347
leaf_weight=41260.919560015202 4936.7595383524895 10315.057032346725 47489.310134768486 32043.632823467255 69797.265101611614 69979.289699316025 3121.9634291529655
leaf_count=50251 4189 10741 40357 30500 79116 61524 2866
internal_value=4.88734e-05 0.000503428 0.00138772 -0.000647907 -0.00047554 -0.000370083 -0.00415791
internal_weight=278944 168863 88750.2 110082 80112.3 102023 8058.72
internal_count=279544 180465 90608 99079 89857 92024 7055
is_linear=0
shrinkage=0.0362406


Tree=4
num_leaves=8
num_cat=0
split_feature=0 6 0 0 0 14 15
split_gain=123.431 62.2221 112.846 52.1679 38.5167 36.8619 26.3421
threshold=0.059310715645551688 1.0000000180025095e-35 0.14109827578067782 0.46071977913379675 0.039757162332534797 1.5000000000000002 1.0000000180025095e-35
decision_type=2 2 2 2 2 2 2
left_child=4 3 -3 -2 6 -6 -1
right_child=1 2 -4 -5 5 -7 -8
leaf_value=0.094737332546914188 0.14094470872021597 -0.28124306262994814 0.014475240218754815 -0.02878396461164151 -0.51533292750966575 -0.11870270797325945 -0.55064007327905518
leaf_weight=3017.0011085271835 68239.028729975224 16386.781429409981 153960.37586164474 26649.604109942913 4684.715492784977 4589.9986075758934 1416.6919791698456
leaf_count=3223 65550 16005 156356 27077 4953 4918 1462
internal_value=5.50728e-05 0.000228581 -0.000185429 0.000972392 -0.00329784 -0.00462664 -0.000505489
internal_weight=278944 265236 170347 94888.6 13708.4 9274.71 4433.69
internal_count=279544 264988 172361 92627 14556 9871 4685
is_linear=0
shrinkage=0.0362406


Tree=5
num_leaves=8
num_cat=0
split_feature=16 15 15 16 12 5 6
split_gain=41.9637 227.032 70.8528 21.3644 22.0296 13.3618 0.725714
threshold=1.0000000180025095e-35 1.0000000180025095e-35 0.060988180339336402 1.3343175009339349e-08 1.9899862140071448e-11 1.0000000180025095e-35 1.7914386063466739e-07
decision_type=2 2 2 2 2 2 2
left_child=1 6 -3 5 -5 -2 -1
right_child=3 2 -4 4 -6 -7 -8
leaf_value=0.36328793419754934 -0.15287017785800916 -0.59668940499154088 -0.033813596629520083 0.032738412318334527 -0.05260467292873075 -0.17383342828997167 0.3678712649851073
leaf_weight=19411.491468310356 2889.4670998454094 4689.4587137699127 72825.970786631107 46047.72313451767 111374.79087215662 277.03017675876617 21829.584213078022
leaf_count=22954 2209 4904 81488 39701 100442 200 27316
internal_value=5.54659e-05 0.000572154 -0.000583066 -0.00032629 -0.000266619 -0.00327466 0.00274475
internal_weight=279346 118757 77515.4 160589 157423 3166.5 41241.1
internal_count=279214 136662 86392 142552 140143 2409 50270
is_linear=0
shrinkage=0.0362406


Tree=6
num_leaves=8
num_cat=0
split_feature=0 17 0 15 16 12 15
split_gain=100.675 65.5949 87.5294 84.1406 35.886 45.1574 9.44857
threshold=0.059310715645551688 8.9571930317333694e-08 0.14109827578067782 0.060988180339336402 0.22697485983371737 1.0000000180025095e-35 1.0000000180025095e-35
decision_type=2 2 2 2 2 2 2
left_child=4 3 -3 -2 5 -1 -6
right_child=1 2 -4 -5 6 -7 -8
leaf_value=-0.37568083784524209 0.12463200970026964 -0.30232898049156254 -0.021274711121144339 -0.029848803511246982 -0.27367284714647655 -0.01059100055669724 0.28413678415087845
leaf_weight=7372.3308629393578 95727.994073033333 8181.1753044724464 88123.320354759693 73440.075761914253 535.89028245210648 5915.2924437522888 49.437381744384766
leaf_count=7734 96246 7135 79065 82202 481 6287 64
internal_value=6.65321e-05 0.000224002 -0.0005307 0.000653963 -0.00294269 -0.00255007 -0.0117434
internal_weight=279346 265473 96304.5 169168 13873 13287.6 585.328
internal_count=279214 264648 86200 178448 14566 14021 545
is_linear=0
shrinkage=0.0362406


Tree=7
num_leaves=8
num_cat=0
split_feature=0 19 15 19 19 12 4
split_gain=91.7695 67.283 87.5304 76.9469 43.486 62.4658 9.16822
threshold=0.059310715645551688 5.1752252656911421e-12 0.060988180339336402 2.7783073619502834e-09 0.00029456955962814396 1.0000000180025095e-35 1.0000000180025095e-35
decision_type=2 2 2 2 2 2 2
left_child=4 2 -2 -3 5 -1 -6
right_child=1 3 -4 -5 6 -7 -8
leaf_value=-0.36206593481137833 0.14782970216069483 -0.29137239357238859 -0.020872441717027814 -0.019802811133987207 -0.18111000236231178 0.12227128825456177 -0.21784026511393403
leaf_weight=7372.3308629393578 84161.381174981594 8090.4518399238586 74749.393919050694 98471.338560223579 661.83719342947006 4932.8387075662613 905.94420695304871
leaf_count=7734 85292 6987 83897 88472 592 5448 792
internal_value=8.0251e-05 0.000230603 0.000703196 -0.000473644 -0.00279276 -0.00206228 -0.00848654
internal_weight=279346 265473 158911 106562 13873 12305.2 1567.78
internal_count=279214 264648 169189 95459 14566 13182 1384
is_linear=0
shrinkage=0.0362406


Tree=8
num_leaves=8
num_cat=0
split_feature=0 17 15 0 15 14 3
split_gain=82.184 55.9231 76.407 70.9827 28.0483 65.2269 32.2698
threshold=0.059310715645551688 8.9571930317333694e-08 0.060988180339336402 0.14109827578067782 0.0357784852385521 1.5000000000000002 0.76980245113372814
decision_type=2 2 2 2 2 2 2
left_child=4 2 -2 -3 6 -6 -1
right_child=1 3 -4 -5 5 -7 -8
leaf_value=-0.084731584981932631 0.11536925820802571 -0.28081288005557992 -0.028010634603030667 -0.019786036623976148 -0.98664704420217719 0.026230028926109993 -0.20724950865295055
leaf_weight=9823.8489975333214 95727.994073033333 8181.1753044724464 73440.075761914253 88123.320354759693 1913.9026334881783 1427.6309313774109 707.56840848922729
leaf_count=10448 96246 7135 82202 79065 1612 1810 696
internal_value=8.82278e-05 0.00023052 0.000627523 -0.000466289 -0.00263057 -0.00553034 -0.0017049
internal_weight=279346 265473 169168 96304.5 13873 3341.53 10531.4
internal_count=279214 264648 178448 86200 14566 3422 11144
is_linear=0
shrinkage=0.0362406


Tree=9
num_leaves=8
num_cat=0
split_feature=0 19 15 19 19 12 16
split_gain=71.8861 60.7411 80.2741 63.563 35.9466 51.8649 9.70434
threshold=0.059310715645551688 5.1752252656911421e-12 0.060988180339336402 2.7783073619502834e-09 0.00029456955962814396 1.0000000180025095e-35 0.22697485983371737
decision_type=2 2 2 2 2 2 2
left_child=4 2 -2 -3 5 -1 -6
right_child=1 3 -4 -5 6 -7 -8
leaf_value=-0.33088328887291008 0.13829121107185727 -0.27063604975849759 -0.019100889172820774 -0.019068978571175257 -0.16654267462084235 0.12180118233354262 -0.2483492629520043
leaf_weight=7372.3308629393578 84161.381174981594 8090.4518399238586 74749.393919050694 98471.338560223579 1031.8911179304123 4932.8387075662613 535.89028245210648
leaf_count=7734 85292 6987 83897 88472 903 5448 481
internal_value=9.76654e-05 0.000230755 0.000679789 -0.000438359 -0.00244505 -0.00178046 -0.00762221
internal_weight=279346 265473 158911 106562 13873 12305.2 1567.78
internal_count=279214 264648 169189 95459 14566 13182 1384
is_linear=0
shrinkage=0.0362406


Tree=10
num_leaves=8
num_cat=0
split_feature=0 19 15 19 19 12 5
split_gain=74.9832 51.9468 70.4585 57.2634 35.2299 50.4652 10.8563
threshold=0.059310715645551688 5.1752252656911421e-12 0.060988180339336402 2.7783073619502834e-09 0.00039198731246870017 1.0000000180025095e-35 1.0000000180025095e-35
decision_type=2 2 2 2 2 2 2
left_child=4 2 -2 -3 5 -1 -6
right_child=1 3 -4 -5 6 -7 -8
leaf_value=-0.37443775852202171 0.13013357443786727 -0.26082803400751131 -0.013748221923955337 -0.012710559943526479 -0.16895416292976823 0.082411433560338296 -0.20831283729677913
leaf_weight=7149.1703702807426 83847.937754273415 8069.2312451601028 74431.860151529312 98717.590568959713 681.63858032226562 5186.7315331101418 655.30752849578857
leaf_count=7544 84959 7070 83681 88715 597 5712 594
internal_value=0.000110873 0.000246063 0.000662903 -0.000371272 -0.00250581 -0.00189406 -0.00810409
internal_weight=278739 265067 158280 106787 13672.8 12335.9 1336.95
internal_count=278872 264425 168640 95785 14447 13256 1191
is_linear=0
shrinkage=0.0362406


Tree=11
num_leaves=8
num_cat=0
split_feature=0 19 15 19 15 12 19
split_gain=67.5468 48.2293 66.0266 53.2816 33.9612 72.2058 50.349
threshold=0.059310715645551688 5.1752252656911421e-12 0.060988180339336402 2.7783073619502834e-09 0.0357784852385521 1.0000000180025095e-35 0.00029456955962814396
decision_type=2 2 2 2 2 2 2
left_child=4 2 -2 -3 6 -6 -1
right_child=1 3 -4 -5 5 -7 -8
leaf_value=-0.025510667847082818 0.12541745421309416 -0.25137546673819416 -0.013249977963852666 -0.01224992148741094 -1.1112997257751851 0.038172678186041309 -0.18922568501320627
leaf_weight=8702.6949515342712 83847.937754273415 8069.2312451601028 74431.860151529312 98717.590568959713 1873.0210718512535 1533.1069982647896 1564.0249905586243
leaf_count=9630 84959 7070 83681 88715 1510 1923 1384
internal_value=0.000110514 0.000238834 0.000640486 -0.000355988 -0.002373 -0.00551332 -0.00132543
internal_weight=278739 265067 158280 106787 13672.8 3406.13 10266.7
internal_count=278872 264425 168640 95785 14447 3433 11014
is_linear=0
shrinkage=0.0362406


Tree=12
num_leaves=8
num_cat=0
split_feature=0 19 15 19 15 12 19
split_gain=63.1948 44.6986 60.9443 47.5469 32.3653 68.0279 45.7422
threshold=0.059310715645551688 5.1752252656911421e-12 0.060988180339336402 2.7783073619502834e-09 0.0357784852385521 1.0000000180025095e-35 0.00029456955962814396
decision_type=2 2 2 2 2 2 2
left_child=4 2 -2 -3 6 -6 -1
right_child=1 3 -4 -5 5 -7 -8
leaf_value=-0.024586145662083274 0.12087224906592953 -0.24226546628045831 -0.012769790669197537 -0.01180597685030849 -1.0710255449179191 0.036789277012250439 -0.18236803060701451
leaf_weight=8702.6949515342712 83847.937754273415 8069.2312451601028 74431.860151529312 98717.590568959713 1873.0210718512535 1533.1069982647896 1564.0249905586243
leaf_count=9630 84959 7070 83681 88715 1510 1923 1384
internal_value=0.000107563 0.000231686 0.000618361 -0.000340936 -0.0022946 -0.00536028 -0.0012718
internal_weight=278739 265067 158280 106787 13672.8 3406.13 10266.7
internal_count=278872 264425 168640 95785 14447 3433 11014
is_linear=0
shrinkage=0.0362406


Tree=13
num_leaves=8
num_cat=0
split_feature=0 16 6 0 12 16 3
split_gain=57.0538 43.715 38.4385 24.4916 22.7668 21.2097 3.96041
threshold=0.059310715645551688 1.0000000180025095e-35 1.0000000180025095e-35 0.039757162332534797 1.0000000180025095e-35 0.0073615303263068208 0.29700618982315069
decision_type=2 2 2 2 2 2 2
left_child=3 2 -2 6 -5 -3 -1
right_child=1 5 -4 4 -6 -7 -8
leaf_value=-0.099007182217888526 0.19914563437736835 -0.044466192719112965 0.037322377705707642 -0.46149700570167668 -0.089927815686790924 0.04204249168954971 0.134958543042314
leaf_weight=2822.895565867424 39237.836053907871 109250.97410726547 72636.455467641354 4326.2748044133186 4956.2603499293327 43941.354091107845 1567.4172919988632
leaf_count=3008 44889 95744 84175 4536 5215 39617 1688
internal_value=0.00010564 0.000223587 0.000768284 -0.0021768 -0.00323164 -0.000173846 4.13095e-05
internal_weight=278739 265067 111874 13672.8 9282.54 153192 4390.31
internal_count=278872 264425 129064 14447 9751 135361 4696
is_linear=0
shrinkage=0.0362406


Tree=14
num_leaves=8
num_cat=0
split_feature=0 17 15 0 15 12 3
split_gain=50.3186 35.6859 57.3008 45.88 26.7906 56.563 22.0175
threshold=0.059310715645551688 8.9571930317333694e-08 0.060988180339336402 0.14109827578067782 0.0357784852385521 1.0000000180025095e-35 0.76980245113372814
decision_type=2 2 2 2 2 2 2
left_child=4 2 -2 -3 6 -6 -1
right_child=1 3 -4 -5 5 -7 -8
leaf_value=-0.051572428000309034 0.096628968724273581 -0.23281041945077705 -0.023361344384368814 -0.010372900918921658 -1.0154859916003489 0.038715050111471194 -0.18403763063572845
leaf_weight=9544.9133952260017 95701.96137291193 8146.1214001774788 73129.494126200676 88089.042820632458 1873.0210718512535 1533.1069982647896 721.80654686689377
leaf_count=10293 96000 7196 81995 79234 1510 1923 721
internal_value=0.000107951 0.000218728 0.000536324 -0.000337885 -0.0020355 -0.00482491 -0.0011044
internal_weight=278739 265067 168831 96235.2 13672.8 3406.13 10266.7
internal_count=278872 264425 177995 86430 14447 3433 11014
is_linear=0
shrinkage=0.0362406


Tree=15
num_leaves=8
num_cat=0
split_feature=16 16 17 15 16 0 12
split_gain=38.3879 108.022 74.6852 49.8268 145.499 34.868 29.0431
threshold=0.0023476403439417486 0.0073615303263068208 0.05602418631315232 1.0000000180025095e-35 1.0000000180025095e-35 0.059310715645551688 0.00098189854179509006
decision_type=2 2 2 2 2 2 2
left_child=3 2 -2 4 -1 -5 -3
right_child=1 6 -4 5 -6 -7 -8
leaf_value=0.30669430656796787 -0.75247354308063918 0.088301700999873597 -0.028836558286992019 -0.43251502091181099 -0.00022000332360859093 -0.020550640448417975 -0.062535160512507001
leaf_weight=41155.591521918774 10721.244786083698 26132.917419970036 7038.5314657688141 4265.4414840936661 94993.292899310589 74676.842334330082 20296.402402579784
leaf_count=50122 8218 23208 5763 4360 84955 83691 18905
internal_value=0.00012622 -0.000651247 -0.00305521 0.000358492 0.000778631 -0.000365419 0.000267172
internal_weight=279280 64189.1 17759.8 215091 136149 78942.3 46429.3
internal_count=279222 56094 13981 223128 135077 88051 42113
is_linear=0
shrinkage=0.0362406


Tree=16
num_leaves=8
num_cat=0
split_feature=16 15 3 15 3 2 0
split_gain=36.4763 177.907 41.041 21.9784 19.3875 1.85208 0.501735
threshold=1.0000000180025095e-35 1.0000000180025095e-35 0.0027929162606596951 1.0000000180025095e-35 4.4477250327190638e-08 1.0000000180025095e-35 0.14109827578067782
decision_type=2 2 2 2 2 2 2
left_child=1 5 -3 4 -2 -1 -5
right_child=3 2 -4 6 -6 -7 -8
leaf_value=0.29557951756539153 -0.18420690817221488 -0.15123023475870581 0.055842863261844775 0.12095974185921951 -0.020022244941704841 0.29557951756539153 0.24330374747972577
leaf_weight=12683.246882498264 3264.6295022368431 42032.452295005322 35463.015650331974 596.33841729164124 154562.86622804403 28472.344639420509 2205.3706992268562
leaf_count=15836 2381 44176 42155 772 136914 34286 2702
internal_value=0.000130394 0.000612415 -0.000409648 -0.000225321 -0.000282125 0.00253823 0.00295413
internal_weight=279280 118651 77495.5 160629 157827 41155.6 2801.71
internal_count=279222 136453 86331 142769 139295 50122 3474
is_linear=0
shrinkage=0.0362406


Tree=17
num_leaves=8
num_cat=0
split_feature=16 15 3 15 2 2 15
split_gain=37.0501 168.822 36.7065 20.6635 18.6951 2.07798 0.42922
threshold=1.0000000180025095e-35 1.0000000180025095e-35 0.0027929162606596951 1.0000000180025095e-35 2.5000000000000004 1.0000000180025095e-35 0.042977644130587585
decision_type=2 2 2 2 2 2 2
left_child=1 5 -3 4 -2 -1 -5
right_child=3 2 -4 6 -6 -7 -8
leaf_value=0.28486753530531472 -0.034565748238895182 -0.14574955867781286 0.053819083787746295 0.11788689339048833 0.11304942216393679 0.28486753530531472 0.23437208253980343
leaf_weight=12683.246882498264 144764.36285722256 42032.452295005322 35463.015650331974 606.38038545846939 13063.132873058319 28472.344639420509 2195.3287310600281
leaf_count=15836 128035 44176 42155 785 11260 34286 2689
internal_value=0.000139909 0.000625701 -0.0003699 -0.000218591 -0.000273679 0.00250169 0.00286424
internal_weight=279280 118651 77495.5 160629 157827 41155.6 2801.71
internal_count=279222 136453 86331 142769 139295 50122 3474
is_linear=0
shrinkage=0.0362406


Tree=18
num_leaves=8
num_cat=0
split_feature=19 3 17 3 15 15 6
split_gain=39.6862 77.969 61.2811 49.0433 36.636 30.2869 17.1694
threshold=0.00029456955962814396 0.0079622003249824064 0.05602418631315232 0.0027929162606596951 1.0000000180025095e-35 0.49803984165191656 0.50766482949256908
decision_type=2 2 2 2 2 2 2
left_child=3 6 -3 4 -1 -5 -2
right_child=1 2 -4 5 -6 -7 -8
leaf_value=0.036806678281248471 0.06089746728540598 -0.40693191467438311 -2.046099899178089e-05 0.14205509795487661 -0.12400941410617605 -0.0011363427264471703 -0.15963061422110675
leaf_weight=77263.074550390244 33293.110331654549 19768.521339714527 13654.297962009907 62701.36266040802 43515.573745310307 25423.773764431477 3660.5499601364136
leaf_count=75381 29566 16420 12545 66343 45943 29907 3117
internal_value=0.000144326 -0.000599672 -0.0018684 0.00039523 -7.86677e-05 0.00104533 0.000546376
internal_weight=279280 70376.5 33422.8 208904 120779 88125.1 36953.7
internal_count=279222 61648 28965 217574 121324 96250 32683
is_linear=0
shrinkage=0.0362406


Tree=19
num_leaves=8
num_cat=0
split_feature=16 15 3 15 3 8 15
split_gain=36.5099 159.908 31.7387 20.1193 18.5957 0.879562 0.394635
threshold=1.0000000180025095e-35 1.0000000180025095e-35 0.0027929162606596951 1.0000000180025095e-35 4.4477250327190638e-08 1.5000000000000002 0.042977644130587585
decision_type=2 2 2 2 2 2 2
left_child=1 5 -3 4 -2 -1 -5
right_child=3 2 -4 6 -6 -7 -8
leaf_value=0.26939559830651133 -0.17769825844029544 -0.13597332873211185 0.050477903682859197 0.11679797082102875 -0.018128313768830392 0.27967740005213787 0.2263163540493586
leaf_weight=34015.727671980858 3264.6295022368431 42032.452295005322 35463.015650331974 606.38038545846939 154562.86622804403 7139.8638499379158 2195.3287310600281
leaf_count=41106 2381 44176 42155 785 136914 9016 2689
internal_value=0.000148159 0.000630392 -0.000338547 -0.000207712 -0.000262075 0.00245618 0.00283427
internal_weight=279280 118651 77495.5 160629 157827 41155.6 2801.71
internal_count=279222 136453 86331 142769 139295 50122 3474
is_linear=0
shrinkage=0.0362406


Tree=20
num_leaves=8
num_cat=0
split_feature=16 15 0 15 8 2 0
split_gain=35.4002 153.793 38.816 19.4518 17.3937 1.68244 0.355545
threshold=1.0000000180025095e-35 1.0000000180025095e-35 0.059310715645551688 1.0000000180025095e-35 1.5000000000000002 1.0000000180025095e-35 0.14109827578067782
decision_type=2 2 2 2 2 2 2
left_child=1 5 -3 4 -2 -1 -5
right_child=3 2 -4 6 -6 -7 -8
leaf_value=0.25963253727382762 -0.037495335016311859 -0.45049898817443218 -0.015694936121533866 0.11256514101687616 0.052549515153268139 0.25963253727382762 0.21811451114187208
leaf_weight=12689.748144328594 128898.02108699083 4184.0738071203232 73055.232237935066 626.4643217921257 28977.442382156849 28541.27028375864 2168.2926632761955
leaf_count=15847 113410 4229 82155 811 25753 34375 2681
internal_value=0.00014758 0.000622971 -0.00033042 -0.000202613 -0.00025599 0.00241027 0.00279225
internal_weight=279141 118470 77239.3 160670 157875 41231 2794.76
internal_count=279261 136606 86384 142655 139163 50222 3492
is_linear=0
shrinkage=0.0362406


Tree=21
num_leaves=8
num_cat=0
split_feature=16 0 6 3 8 6 6
split_gain=34.4931 25.1809 30.3798 24.6014 15.6025 36.7265 20.094
threshold=1.0000000180025095e-35 0.080061092972755446 3.6594201446860103e-07 2.14092125361276e-07 1.5000000000000002 0.029156521894037727 0.50766482949256908
decision_type=2 2 2 2 2 2 2
left_child=1 3 -3 -1 5 -2 -6
right_child=4 2 -4 -5 6 -7 -8
leaf_value=0.16790726718501836 -0.0070189346833606286 0.18978116230311909 0.043725029357810287 -0.22458328190892951 0.10847632407720569 -0.26969195793742029 -0.10892917482677471
leaf_weight=3959.3697485327721 108923.12137168646 35057.32174372673 69960.2330301404 9493.3999507427216 22151.24709713459 22276.82780110836 7319.0241842865944
leaf_count=4561 97242 40247 81740 10058 19928 19022 6463
internal_value=0.000147747 0.000617007 0.000806379 -0.000857209 -0.000197927 -0.000367434 0.000554854
internal_weight=279141 118470 105018 13452.8 160670 131200 29470.3
internal_count=279261 136606 121987 14619 142655 116264 26391
is_linear=0
shrinkage=0.0362406


Tree=22
num_leaves=8
num_cat=0
split_feature=0 6 0 0 0 12 15
split_gain=29.5869 28.6515 75.342 51.017 18.3129 24.5764 11.378
threshold=0.059310715645551688 1.0000000180025095e-35 0.2486691623926163 0.46071977913379675 0.039757162332534797 1.0000000180025095e-35 1.0000000180025095e-35
decision_type=2 2 2 2 2 2 2
left_child=4 3 -3 -2 6 -6 -1
right_child=1 2 -4 -5 5 -7 -8
leaf_value=0.12142888156539208 0.10545250763866296 -0.18166672626628325 0.031751355734176041 -0.042910640985315815 -0.35368174848269662 -0.03964962010242188 -0.31449962356680156
leaf_weight=3027.6184350252151 68351.905792891979 26172.714351415634 144104.66012948751 26742.482005357742 4369.7373452782631 4921.9858011603355 1449.4410667419434
leaf_count=3235 65585 26143 145853 27123 4541 5275 1506
internal_value=0.000150395 0.000235562 -4.55491e-05 0.00073949 -0.001487 -0.00240521 0.000406631
internal_weight=279141 265372 170277 95094.4 13768.8 9291.72 4477.06
internal_count=279261 264704 171996 92708 14557 9816 4741
is_linear=0
shrinkage=0.0362406


Tree=23
num_leaves=8
num_cat=0
split_feature=19 15 16 19 3 3 3
split_gain=32.4445 55.1306 94.8592 47.71 32.4668 26.7959 15.1002
threshold=2.4911049785469877e-11 1.0000000180025095e-35 1.0000000180025095e-35 2.7783073619502834e-09 0.0079622003249824064 0.0054398581851273784 1.1335085901009736e-06
decision_type=2 2 2 2 2 2 2
left_child=1 2 -1 6 -5 -3 -2
right_child=3 5 -4 4 -6 -7 -8
leaf_value=0.23952384700541354 -0.12629526440723843 -0.096090608383799667 0.00078469751681620582 0.041785064026712601 -0.089352354829616121 0.064059337521923013 -0.52209637705895517
leaf_weight=41231.018428087234 3449.7175721526146 46865.065689623356 49689.839914441109 51336.804421067238 50877.918217301369 33168.997340500355 2521.1833441853523
leaf_count=50222 2862 50144 42125 46651 45139 39732 2386
internal_value=0.000151907 0.000462854 0.00107355 -0.000338947 -0.000154433 -0.000230245 -0.00348794
internal_weight=279141 170955 90920.9 108186 102215 80034.1 5970.9
internal_count=279261 182223 92347 97038 91790 89876 5248
is_linear=0
shrinkage=0.0362406


Tree=24
num_leaves=8
num_cat=0
split_feature=19 3 6 3 15 15 3
split_gain=32.3907 57.5043 53.1131 36.8984 31.121 28.4084 20.33
threshold=0.00029456955962814396 0.0079622003249824064 0.12166240811347963 0.0027929162606596951 1.0000000180025095e-35 0.49803984165191656 1.3946797139396952e-07
decision_type=2 2 2 2 2 2 2
left_child=3 6 -3 4 -1 -5 -2
right_child=1 2 -4 5 -6 -7 -8
leaf_value=0.036106337062151515 -0.099406721303747947 -0.37128406639284317 0.023020511033563503 0.12908695882417398 -0.10030810273672784 -0.0060078839914976161 0.070031971373071739
leaf_weight=77285.451682627201 2721.2359634637833 20345.635369002819 13128.463676571846 63004.97026604414 43275.173186123371 25452.950811803341 33926.663971722126
leaf_count=75256 2706 16934 12035 66558 45975 29999 29798
internal_value=0.000162453 -0.000511207 -0.00159746 0.000388715 -2.3297e-05 0.000950861 0.000479504
internal_weight=279141 70122 33474.1 209019 120561 88457.9 36647.9
internal_count=279261 61473 28969 217788 121231 96557 32504
is_linear=0
shrinkage=0.0362406


end of trees

feature_importances:
event_decay_major_weighted=41
event_decay_major=28
event_decay_game_update_weighted=28
event_decay_operation_weighted=19
event_decay_operation=17
event_decay_game_update=12
event_decay_case_drop=11
event_decay_case_drop_weighted=6
event_density_90d_major=4
event_density_90d_case_drop=3
event_density_90d_game_update=3
event_density_90d_operation=2
event_density_30d_operation=1

parameters:
[boosting: gbdt]
[objective: quantile]
[metric: quantile]
[tree_learner: serial]
[device_type: cpu]
[data_sample_strategy: bagging]
[data: ]
[valid: ]
[num_iterations: 1000]
[learning_rate: 0.0362406]
[num_leaves: 23]
[num_threads: -1]
[seed: 91]
[deterministic: 0]
[force_col_wise: 0]
[force_row_wise: 0]
[histogram_pool_size: -1]
[max_depth: 3]
[min_data_in_leaf: 5]
[min_sum_hessian_in_leaf: 0.001]
[bagging_fraction: 0.7]
[pos_bagging_fraction: 1]
[neg_bagging_fraction: 1]
[bagging_freq: 5]
[bagging_seed: 2784]
[bagging_by_query: 0]
[feature_fraction: 0.7]
[feature_fraction_bynode: 1]
[feature_fraction_seed: 29510]
[extra_trees: 0]
[extra_seed: 8681]
[early_stopping_round: 0]
[early_stopping_min_delta: 0]
[first_metric_only: 0]
[max_delta_step: 0]
[lambda_l1: 1.5]
[lambda_l2: 1]
[linear_lambda: 0]
[min_gain_to_split: 0.1]
[drop_rate: 0.1]
[max_drop: 50]
[skip_drop: 0.5]
[xgboost_dart_mode: 0]
[uniform_drop: 0]
[drop_seed: 8477]
[top_rate: 0.2]
[other_rate: 0.1]
[min_data_per_group: 100]
[max_cat_threshold: 32]
[cat_l2: 10]
[cat_smooth: 10]
[max_cat_to_onehot: 4]
[top_k: 20]
[monotone_constraints: ]
[monotone_constraints_method: basic]
[monotone_penalty: 0]
[feature_contri: ]
[forcedsplits_filename: ]
[refit_decay_rate: 0.9]
[cegb_tradeoff: 1]
[cegb_penalty_split: 0]
[cegb_penalty_feature_lazy: ]
[cegb_penalty_feature_coupled: ]
[path_smooth: 0]
[interaction_constraints: ]
[verbosity: -1]
[saved_feature_importance_type: 0]
[use_quantized_grad: 0]
[num_grad_quant_bins: 4]
[quant_train_renew_leaf: 0]
[stochastic_rounding: 1]
[linear_tree: 0]
[max_bin: 63]
[max_bin_by_feature: ]
[min_data_in_bin: 3]
[bin_construct_sample_cnt: 200000]
[data_random_seed: 335]
[is_enable_sparse: 1]
[enable_bundle: 1]
[use_missing: 1]
[zero_as_missing: 0]
[feature_pre_filter: 0]
[pre_partition: 0]
[two_round: 0]
[header: 0]
[label_column: ]
[weight_column: ]
[group_column: ]
[ignore_column: ]
[categorical_feature: ]
[forcedbins_filename: ]
[precise_float_parser: 0]
[parser_config_file: ]
[objective_seed: 29977]
[num_class: 1]
[is_unbalance: 0]
[scale_pos_weight: 1]
[sigmoid: 1]
[boost_from_average: 1]
[reg_sqrt: 0]
[alpha: 0.1]
[fair_c: 1]
[poisson_max_delta_step: 0.7]
[tweedie_variance_power: 1.5]
[lambdarank_truncation_level: 30]
[lambdarank_norm: 1]
[label_gain: ]
[lambdarank_position_bias_regularization: 0]
[eval_at: ]
[multi_error_top_k: 1]
[auc_mu_weights: ]
[num_machines: 1]
[local_listen_port: 12400]
[time_out: 120]
[machine_list_filename: ]
[machines: ]
[gpu_platform_id: -1]
[gpu_device_id: -1]
[gpu_use_dp: 0]
[num_gpu: 1]

end of parameters

pandas_categorical:[]
