tree
version=v4
num_class=1
num_tree_per_iteration=1
label_index=0
max_feature_idx=54
objective=quantile
feature_names=price_lag_1d return_1d return_3d return_7d return_14d return_30d return_60d price_std_7d price_std_14d price_std_20d price_std_30d price_std_60d price_zscore_30d vol_regime_60_30 trend_divergence_30_60 price_accel_7d price_log price_tier log_return_1d log_return_7d autocorr_1d autocorr_7d bb_pct_b bb_width rsi_14 macd_line macd_signal macd_histogram distance_to_support distance_to_resistance volume_missing volume_lag_1d volume_lag_7d volume_mean_30d volume_std_30d volume_std_60d volume_log_change_1d volume_log_change_7d volume_zscore_30d volume_price_conf_7d volume_price_conf_1d rsi_missing macd_missing dow_sin dow_cos events_next_30d_major events_next_30d_operation events_next_30d_case_drop events_next_30d_update events_next_30d_game_update item_type_graffiti item_type_skin item_type_sticker item_type_unknown item_volume_vs_market_30d
feature_infos=[0.029999999329447746:726.3900146484375] [-99.499412536621094:500] [-99.499412536621094:500] [-99.253730773925781:500] [-99.464340209960938:500] [-99.891334533691406:500] [-99.876518249511719:500] [0:145.76338195800781] [0:108.56047821044922] [0:94.11773681640625] [0:93.483543395996094] [0:100.54641723632812] [-4.7309699058532715:5.2946515083312988] [0.7025722861289978:805.0294189453125] [-1113.655517578125:979983291908096] [-599.25372314453125:586.79248046875] [-3.5065579414367676:6.5880870819091797] [0:4] [-5.2971501350402832:5.2971501350402832] [-4.8978400230407715:5.2971501350402832] [-49749.70703125:45880.953125] [-49626.8671875:30638.298828125] [-0.51456832885742188:1.5621322393417358] [0.014894707128405571:16.253145217895508] [0:99.873260498046875] [-54.1455078125:48.291065216064453] [-42.52099609375:42.708404541015625] [-22.157054901123047:15.944230079650879] [1.9274705665090278e-14:19876.666015625] [1.1564822890834398e-14:109337.8359375] none [1:353904] [1:353904] [1:121047.3984375] [0:71124.4609375] [0:66775.7421875] [-6.9768147468566895:6.6359467506408691] [-8.5965585708618164:7.3008103370666504] [-4.8263401985168457:5.2918829917907715] [-98.480239868164062:500] [-99.499412536621094:500] [0:1] [0:1] [-0.97492790222167969:0.97492790222167969] [-0.90096884965896606:1] [0:2] [0:1] [0:1] none [0:2] [0:1] [0:1] [0:1] none [0.0010546381818130612:595.974609375]
tree_sizes=1696 1781 1790 1797 1786 1791 1776 1768 1797 1784 1784 1782 1789 1782 1793 1791 1775 1802 1783 1786 1788 1794 1790 1777 1780 1799 1780 1788 1795 1802 1807 1804 1785 1807 1798 1793 1796 1799 1788 1790

Tree=0
num_leaves=15
num_cat=0
split_feature=7 16 45 49 6 23 33 8 46 14 29 23 38 13
split_gain=363.765 81.0422 44.3548 41.3937 26.0245 35.9876 24.5377 19.6987 19.2378 18.715 17.3558 15.9834 15.7353 15.7324
threshold=1.0000000180025095e-35 -1.170377194881439 1.0000000180025095e-35 1.0000000180025095e-35 -2.2206811904907222 0.5218283236026765 19.783332824707035 0.73263433575630199 1.0000000180025095e-35 0.48771338164806372 22.655036926269535 1.6276183128356936 0.85446470975875866 0.71624350547790538
decision_type=2 2 2 2 2 2 2 2 2 2 2 2 2 2
left_child=7 3 8 4 5 -2 -7 -1 12 13 -4 -11 -3 -6
right_child=1 2 10 -5 9 6 -8 -9 -10 11 -12 -13 -14 -15
leaf_value=24.322133578297535 24.533825832848866 24.466683035071412 24.395881912341675 24.453585007384003 24.469071602443741 24.715114782869676 24.598517671006647 24.522278977047925 24.379317979303885 24.527640022694747 24.467907560910156 24.421981741103092 24.529868413852654 24.547992103313756
leaf_weight=35626.430750191212 6979.898438334465 15209.640201628208 11780.671215474606 12000.517462730408 508.16898483037949 635.3718980550766 2433.3270238637924 158.00697326660156 1643.3290967345238 12643.385558545589 4488.191986322403 3502.0154684782028 4332.1198976635933 6375.5529199242592
leaf_count=40204 7355 17096 14090 10115 71 377 1215 16 1892 10930 2781 774 5286 6162
internal_value=24.4444 24.4446 24.4444 24.4448 24.4449 24.4451 24.4455 24.444 24.4446 24.4448 24.4443 24.4447 24.4446 24.445
internal_weight=118317 82532.2 37454 45078.2 33077.7 10048.6 3068.7 35784.4 21185.1 23029.1 16268.9 16145.4 19541.8 6883.72
internal_count=118364 78144 41145 36999 26884 8947 1592 40220 24274 17937 16871 11704 22382 6233
is_linear=0
shrinkage=1


Tree=1
num_leaves=15
num_cat=0
split_feature=7 16 45 45 5 14 23 8 35 10 11 14 38 13
split_gain=362.107 80.6974 43.6085 37.1187 30.486 27.4352 21.0034 19.6987 19.2812 18.4966 79.4479 26.8038 17.4733 17.4277
threshold=1.0000000180025095e-35 -1.170377194881439 1.0000000180025095e-35 1.0000000180025095e-35 -1.0000000180025095e-35 0.39053946733474737 1.6276183128356936 0.73263433575630199 5.1930799484252939 0.092947561293840422 0.070665180683136 0.69093582034111034 0.85446470975875866 7.6813347339630136
decision_type=2 2 2 2 2 2 2 2 2 2 2 2 2 2
left_child=7 3 12 4 8 -6 -7 -1 -2 13 -11 -12 -3 -5
right_child=1 2 -4 9 5 6 -8 -9 -10 10 11 -13 -14 -15
leaf_value=-0.12169907808721625 0.27585442940497074 0.015081391492423456 -0.037615086222408244 0.0079912991243219125 0.14706968232683237 0.09409681829843243 -0.043445592991969477 0.07744486614715157 0.12814148237543907 0.16391863529618705 0.085086101232323075 -0.045888111235384318 0.078900514894039944 0.10051173394620895
leaf_weight=35626.430750191212 167.73500001430511 16671.839547514915 16268.863201797009 16071.069914519787 5006.102267563343 9964.286512196064 2635.5973843336105 158.00697326660156 7604.3117351531982 147.6234118938446 1751.8824208974838 953.84504187107086 4513.2496485114098 775.78406631946564
leaf_count=40204 86 18799 16871 14673 4563 9207 603 16 6924 17 405 129 5475 392
internal_value=-8.38376e-06 0.000173822 1.97066e-06 0.000316435 0.00044309 0.000327006 0.000201577 -0.000428814 0.000704939 0.000152866 0.000525806 0.000326267 0.000151782 8.92005e-05
internal_weight=118317 82532.2 37454 45078.2 25378 17606 12599.9 35784.4 7772.05 19700.2 2853.35 2705.73 21185.1 16846.9
internal_count=118364 78144 41145 36999 21383 14373 9810 40220 7010 15616 551 534 24274 15065
is_linear=0
shrinkage=0.00500363


Tree=2
num_leaves=15
num_cat=0
split_feature=7 16 45 49 5 23 33 23 8 46 29 38 28 54
split_gain=361.314 80.3414 43.29 40.7144 29.7276 32.7421 23.6036 20.5722 19.6987 19.0067 17.2146 15.4664 13.6081 12.935
threshold=1.0000000180025095e-35 -1.170377194881439 1.0000000180025095e-35 1.0000000180025095e-35 -1.5871190428733823 0.63722932338714611 23.683333396911625 1.6276183128356936 0.73263433575630199 1.0000000180025095e-35 22.655036926269535 0.85446470975875866 33.498147964477546 0.052989466115832336
decision_type=2 2 2 2 2 2 2 2 2 2 2 2 2 2
left_child=8 3 9 4 5 13 -7 -6 -1 11 -4 -3 -9 -2
right_child=1 2 10 -5 7 6 -8 12 -10 -11 -12 -13 -14 -15
leaf_value=-0.12109014032443324 0.18279311014183094 0.022051644192183292 -0.048131541625409821 0.0086237899014972273 0.09456226585242361 0.2813624387279075 0.13792820174371559 0.039705586313216579 0.077057360306746758 -0.064876268727256881 0.023533716889247245 0.084601538805112397 -0.1127714773469496 0.072890549621869735
leaf_weight=35626.430750191212 865.0030916929245 15209.640201628208 11780.671215474606 12000.517462730408 18966.867876112461 559.16002535820007 2157.2679169774055 2844.8032177090645 158.00697326660156 1643.3290967345238 4488.191986322403 4332.1198976635933 1480.7256732583046 6203.8924909234047
leaf_count=40204 837 17096 14090 10115 17558 284 887 528 16 1892 2781 5286 416 6374
internal_value=-8.84435e-06 0.000173162 1.68965e-06 0.000315459 0.000406073 0.000638219 0.00110697 0.000308178 -0.000428814 0.000150954 -0.000192213 0.000194674 -1.48439e-06 0.000456764
internal_weight=118317 82532.2 37454 45078.2 33077.7 9785.32 2716.43 23292.4 35784.4 21185.1 16268.9 19541.8 4325.53 7068.9
internal_count=118364 78144 41145 36999 26884 8382 1171 18502 40220 24274 16871 22382 944 7211
is_linear=0
shrinkage=0.00500363


Tree=3
num_leaves=15
num_cat=0
split_feature=7 16 45 49 6 32 29 26 46 14 29 13 23 10
split_gain=359.577 79.4847 42.8603 39.9962 25.5648 39.7785 21.184 19.6987 18.9125 18.3377 17.1583 16.0332 15.4897 15.2135
threshold=1.0000000180025095e-35 -1.170377194881439 1.0000000180025095e-35 1.0000000180025095e-35 -2.2206811904907222 16.500000000000004 62.780992507934577 0.014140774961560966 1.0000000180025095e-35 0.48771338164806372 22.655036926269535 0.71624350547790538 1.6276183128356936 0.092947561293840422
decision_type=2 2 2 2 2 2 2 2 2 2 2 2 2 2
left_child=7 3 8 4 5 6 -2 -1 -3 11 -4 -6 -11 -5
right_child=1 2 10 13 9 -7 -8 -9 -10 12 -12 -13 -14 -15
leaf_value=-0.12048424946393387 0.16575169042793708 0.036658742673723745 -0.047890708960632605 -0.0022157587526640851 0.023031806953334288 0.093229031814946933 0.32440856791035305 0.076671793404115604 -0.064551651560410511 0.081274402005755086 0.023415962760475317 0.10193237618442898 -0.022217808033290643 0.087733092212502084
leaf_weight=35626.430750191212 794.94654715061188 19541.760099291801 11780.671215474606 10121.785564899445 508.16898483037949 8805.8706926703453 447.78012043237686 158.00697326660156 1643.3290967345238 12643.385558545589 4488.191986322403 6375.5529199242592 3502.0154684782028 1878.7318978309631
leaf_count=40204 748 22382 14090 9765 71 7953 246 16 1892 10930 2781 6162 774 350
internal_value=-9.85565e-06 0.000171712 1.15581e-06 0.000313248 0.000403061 0.000614414 0.001455 -0.000428814 0.000149679 0.000310467 -0.000191782 0.000527454 0.000217434 6.50427e-05
internal_weight=118317 82532.2 37454 45078.2 33077.7 10048.6 1242.73 35784.4 21185.1 23029.1 16268.9 6883.72 16145.4 12000.5
internal_count=118364 78144 41145 36999 26884 8947 994 40220 24274 17937 16871 6233 11704 10115
is_linear=0
shrinkage=0.00500363


Tree=4
num_leaves=15
num_cat=0
split_feature=7 2 33 7 1 49 8 47 6 29 11 6 3 26
split_gain=357.633 42.3792 37.2388 25.7933 24.941 20.4092 19.6987 18.3101 12.9393 12.133 13.957 11.7456 11.6371 11.5057
threshold=1.0000000180025095e-35 -4.411670207977294 19.783332824707035 0.010124522261321546 -13.086080551147459 1.0000000180025095e-35 0.73263433575630199 1.0000000180025095e-35 39.386749267578132 284.33283996582037 0.029512804932892326 6.3500483036041269 -9.7178716659545881 0.0064556326251477012
decision_type=2 2 2 2 2 2 2 2 2 2 2 2 2 2
left_child=6 2 4 5 11 13 -1 -5 9 10 -4 -2 -11 -3
right_child=1 3 8 7 -6 -7 -8 -9 -10 12 -12 -13 -14 -15
leaf_value=-0.11988139026013135 0.28754872194037173 0.077979289650122463 0.080869584813028139 0.014360725885485603 0.1314807809776494 0.00095382486659877953 0.076288155737521235 -0.049603512319966118 -0.00050236532660492275 0.27673601464908537 0.022943461125233384 0.15447991482401041 0.020597938735692999 -0.015294142816593805
leaf_weight=35626.430750191212 520.81546014547348 19036.282202601433 4924.7580436468124 29449.819535911083 1723.6957157850266 8141.0740104317665 158.00697326660156 5161.4088174104691 3047.2096830606461 797.70355802774429 5693.8299757242203 195.82292944192886 1610.7202405333519 2229.049979865551
leaf_count=40204 312 17954 5340 28806 1399 8254 16 5302 2310 276 5603 114 263 2211
internal_value=-1.099e-05 0.000170086 0.000381072 0.000108939 0.000958142 0.000217917 -0.000428814 1.61256e-05 0.000292888 0.000361539 0.000287494 0.0017476 0.000684378 0.000299476
internal_weight=118317 82532.2 18514.6 64017.6 2440.33 29406.4 35784.4 34611.2 16074.2 13027 10618.6 716.638 2408.42 21265.3
internal_count=118364 78144 15617 62527 1825 28419 40220 34108 13792 11482 10943 426 539 20165
is_linear=0
shrinkage=0.00500363


Tree=5
num_leaves=15
num_cat=0
split_feature=7 16 49 45 12 35 23 54 26 10 11 12 13 32
split_gain=369.661 92.5515 48.0286 44.3381 20.3929 28.2862 25.5807 23.872 19.5717 16.2555 46.2058 29.0329 14.9645 14.7017
threshold=1.0000000180025095e-35 -1.0988626480102537 1.0000000180025095e-35 1.0000000180025095e-35 -0.18712335079908368 10.413458347320558 1.6276183128356936 2.3858748674392705 0.090403228998184218 0.092947561293840422 0.085318982601165785 -0.32768723368644709 1.2555651664733889 41.500000000000007
decision_type=2 2 2 2 2 2 2 2 2 2 2 2 2 2
left_child=-1 2 4 13 5 12 7 -6 -7 -4 -11 -12 -2 -3
right_child=1 3 9 -5 6 8 -8 -9 -10 10 11 -13 -14 -15
leaf_value=-0.11928154754372221 0.26496183787751043 0.079704235023754039 -0.0045717793567329849 -0.038544037502323873 0.080562756533471863 0.10679563914085764 -0.02569292892991604 0.29301224131133013 0.021146840968789073 0.15193467763083618 0.4440120833138877 -0.0082444494266224969 0.11690988520964717 0.014054326813756506
leaf_weight=35661.94737559557 795.39323508739471 4954.0356111526489 10330.884436666965 16067.417338848114 16162.163045763969 11721.440912544727 3009.0386348366737 1478.4740829467773 105.76619291305542 215.30484485626221 182.31701695919037 1647.8711826205254 338.58425140380859 15836.333608210087
leaf_count=40233 470 4865 10112 16644 14739 9744 642 1711 11 33 111 224 204 18830
internal_value=-4.49495e-06 0.000178793 0.000328515 -7.81907e-06 0.000426672 0.000583004 0.000328136 0.000400947 0.00050943 6.13158e-05 0.000468757 0.000205068 0.00134152 0.000144527
internal_weight=118507 82845 45987.2 36857.8 33610.9 12961.2 20649.7 17640.6 11827.2 12376.4 2045.49 1830.19 1133.98 20790.4
internal_count=118573 78340 38001 40339 27521 10429 17092 16450 9755 10480 368 335 674 23695
is_linear=0
shrinkage=0.00500363


Tree=6
num_leaves=15
num_cat=0
split_feature=7 0 45 49 5 23 23 29 7 29 34 28 33 10
split_gain=367.29 79.1453 45.7164 44.4287 27.3939 39.1429 22.0279 19.5528 18.7049 17.0184 30.885 24.8677 16.5093 16.2163
threshold=1.0000000180025095e-35 0.33624999225139623 1.0000000180025095e-35 1.0000000180025095e-35 -1.5871190428733823 0.59387630224227916 1.6276183128356936 167.42463684082034 0.0014980132691562178 167.42463684082034 22.610964775085453 11.766361713409426 54.183334350585945 0.092947561293840422
decision_type=2 2 2 2 2 2 2 2 2 2 2 2 2 2
left_child=-1 3 9 4 5 -2 -6 -4 -8 -3 11 -11 -7 -5
right_child=1 2 7 13 6 12 8 -9 -10 10 -12 -13 -14 -15
leaf_value=-0.11868470622130466 0.085043228692159481 0.024093492916079196 -0.044636575697583961 -0.0046880885161932539 0.10187631178647599 0.24661299456613717 0.18900008829100115 0.09760532559349458 -0.01044486962597062 0.23692286397400303 -0.05266391674933385 0.15287618640794698 0.14979284154688954 0.081477946918054101
leaf_weight=35661.94737559557 7169.7047709822655 19034.224102377892 14269.546948730946 10406.078919410706 19706.722699224949 1189.8986219167709 209.26263070106506 1714.0052889585495 4184.3973894715309 200.20395231246948 476.18805265426636 643.34691375494003 1623.1496429443359 2018.2944613695145
leaf_count=40233 7392 23120 16083 10160 18082 556 29 502 894 40 226 130 756 370
internal_value=-5.86331e-06 0.000176835 1.66168e-06 0.000313535 0.00040694 0.000628112 0.000314972 -0.000198393 -3.71294e-06 0.000159133 0.000709345 0.0012851 0.00112983 5.66746e-05
internal_weight=118507 82845 36337.5 46507.5 34083.1 9982.75 24100.4 15983.6 4393.66 20354 1319.74 843.551 2813.05 12424.4
internal_count=118573 78340 40101 38239 27709 8704 19005 16585 923 23516 396 170 1312 10530
is_linear=0
shrinkage=0.00500363


Tree=7
num_leaves=15
num_cat=0
split_feature=8 45 29 13 10 10 35 24 33 29 28 1 29 10
split_gain=355.501 70.6363 47.9462 34.6291 31.6904 31.6502 58.6962 31.8233 23.5875 41.1265 38.6663 22.8848 24.0251 20.9482
threshold=1.0000000180025095e-35 1.0000000180025095e-35 284.33283996582037 7.6813347339630136 0.021916233003139499 0.038523539900779731 50.321849822998054 60.847652435302741 38.549999237060554 167.42463684082034 11.766361713409426 -2.9409174919128414 72.998210906982436 0.081957817077636733
decision_type=2 2 2 2 2 2 2 2 2 2 2 2 2 2
left_child=-1 4 3 -3 11 6 -4 13 9 -6 -11 12 -2 -7
right_child=1 2 5 -5 8 7 -8 -9 -10 10 -12 -13 -14 -15
leaf_value=-0.11809085127499876 0.1384295023746101 -0.019464835981381035 0.25885715100791185 0.13778301307380872 0.061506106124565481 -0.034471166528314869 -0.12288917532820008 0.14536703845661136 0.023538266691251902 0.31953785284117892 0.14316369136723495 0.093474711552972392 0.21495599701345572 0.0498936252468032
leaf_weight=33597.190910696983 4006.2496085762978 30423.489497363567 297.85167551040649 837.68933773040771 4010.5053426623344 1171.8535199761391 223.94386434555054 262.81869262456894 23141.62718474865 272.20312541723251 801.28450787067413 15222.178381800652 512.77483296394348 3725.3112881183624
leaf_count=39090 4189 31498 60 502 4048 195 41 80 21194 65 198 16397 287 729
internal_value=-6.51332e-06 0.000165811 1.15818e-06 -7.54937e-05 0.00029246 0.000424096 0.00159952 0.000303205 0.000184427 0.000493421 0.00136399 0.000446509 0.000760605 0.000210041
internal_weight=118507 84909.8 36943 31261.2 47966.8 5681.78 521.796 5159.98 28225.6 5083.99 1073.49 19741.2 4519.02 4897.16
internal_count=118573 79483 33105 32000 46378 1105 101 1004 25505 4311 263 20873 4476 924
is_linear=0
shrinkage=0.00500363


Tree=8
num_leaves=15
num_cat=0
split_feature=8 0 49 0 47 33 47 12 54 23 23 10 11 12
split_gain=354.852 68.6172 38.2484 32.4827 29.1078 46.1401 24.2154 22.3978 26.5855 22.1393 16.1523 15.0163 38.8101 25.6172
threshold=1.0000000180025095e-35 0.33624999225139623 1.0000000180025095e-35 0.03024999983608723 1.0000000180025095e-35 171.78333282470706 1.0000000180025095e-35 -0.18712335079908368 0.045131690800189979 1.6276183128356936 0.35238884389400488 0.092947561293840422 0.085318982601165785 -0.32768723368644709
decision_type=2 2 2 2 2 2 2 2 2 2 2 2 2 2
left_child=-1 2 3 4 -2 -6 10 8 -5 -9 -3 -4 -13 -14
right_child=1 6 11 7 5 -7 -8 9 -10 -11 -12 12 13 -15
leaf_value=-0.11749996776206856 -0.045359141485912434 -0.0047889107465930378 -0.005188465273123821 0.23180556657986243 0.18558066484260585 -0.11747595870004451 -0.054376845850174729 0.10041367915333491 0.094703010625893591 -0.028073446814301548 0.057785890512416664 0.14716805538560332 0.40137150385148546 -0.0039060157491555129
leaf_weight=33597.190910696983 4089.795890390873 20311.021394491196 10611.380226552486 1317.6188513636589 314.224016726017 311.58629328012466 5645.9703431725502 17380.424664735794 9916.156601190567 2563.407416164875 10380.523521125317 240.57070231437683 169.40984338521957 1657.691094815731
leaf_count=39090 2310 25676 10329 1025 147 147 6219 16027 8427 595 8206 36 111 228
internal_value=-6.91099e-06 0.000165256 0.000288281 0.000371762 -1.3736e-05 0.000987714 5.94731e-07 0.000430307 0.000609798 0.000328777 5.62062e-05 5.13385e-05 0.000441404 0.000187059
internal_weight=118507 84909.8 48572.3 35893.2 4715.61 625.81 36337.5 31177.6 11233.8 19943.8 30691.5 12679.1 2067.67 1827.1
internal_count=118573 79483 39382 28678 2604 294 40101 26074 9452 16622 33882 10704 375 339
is_linear=0
shrinkage=0.00500363


Tree=9
num_leaves=15
num_cat=0
split_feature=7 16 49 29 13 5 23 11 47 23 7 10 11 12
split_gain=363.483 89.5684 45.8098 35.2674 30.4534 25.1806 38.3609 22.3451 20.2609 18.4876 17.877 15.8193 46.5002 27.8404
threshold=1.0000000180025095e-35 -1.0988626480102537 1.0000000180025095e-35 167.42463684082034 2.5830812454223637 -1.5871190428733823 0.59387630224227916 0.19810482859611514 1.0000000180025095e-35 1.6276183128356936 0.0014980132691562178 0.092947561293840422 0.085318982601165785 -0.32768723368644709
decision_type=2 2 2 2 2 2 2 2 2 2 2 2 2 2
left_child=-1 2 5 8 7 6 -2 -5 -3 -7 -11 -4 -13 -14
right_child=1 3 11 4 -6 9 -8 -9 -10 10 -12 12 13 -15
leaf_value=-0.11691204081454612 0.084241239057582212 -0.00044192395622319675 -0.004809402164060058 0.28033025781423604 0.12582829929671635 0.1032502205682435 0.19539788395489016 0.084114560163769475 -0.056634942079828415 0.18583059624330073 -0.0073725719139142417 0.14930302723535502 0.43912475704274645 -0.0088409883265672951
leaf_weight=35661.94737559557 7159.355366230011 29076.486335217953 10330.884436666965 120.68627321720123 149.92642253637314 19314.367354691029 2867.5184652805328 2385.9987885951996 5124.6887386441231 209.26263070106506 4060.3565385937691 215.30484485626221 182.31701695919037 1647.8711826205254
leaf_count=40233 7385 33344 10112 28 22 17911 1321 802 6143 29 875 33 111 224
internal_value=-8.07026e-06 0.000173678 0.000320969 -9.89944e-06 0.000544974 0.000416833 0.000627698 0.000409254 -5.32486e-05 0.000326818 2.6946e-05 5.99983e-05 0.00046194 0.000197451
internal_weight=118507 82845 45987.2 36857.8 2656.61 33610.9 10026.9 2506.69 34201.2 23584 4269.62 12376.4 2045.49 1830.19
internal_count=118573 78340 38001 40339 852 27521 8706 830 39487 18815 904 10480 368 335
is_linear=0
shrinkage=0.00500363


Tree=10
num_leaves=15
num_cat=0
split_feature=7 45 29 32 35 46 13 10 24 0 13 1 12 6
split_gain=348.732 78.858 42.7179 42.5325 67.8212 41.464 40.4904 36.2127 31.3934 29.4651 21.5559 20.5439 20.2843 22.4808
threshold=1.0000000180025095e-35 1.0000000180025095e-35 284.33283996582037 111.50000000000001 60.414289474487312 1.0000000180025095e-35 0.73632761836051952 0.020321623422205452 36.959634780883796 0.31024999916553503 7.6813347339630136 -2.9409174919128414 -0.18712335079908368 1.0000000180025095e-35
decision_type=2 2 2 2 2 2 2 2 2 2 2 2 2 2
left_child=-1 5 9 -4 6 7 -5 11 -6 10 -3 -2 13 -9
right_child=1 2 3 4 8 -7 -8 12 -10 -11 -12 -13 -14 -15
leaf_value=-0.11632705563885738 0.18978710535956653 0.0065300617580751064 0.016885971969948593 0.18643653084327608 0.38969702039438675 -0.046458243396818498 0.097424061221745906 0.054369675279649518 -0.022197040693745493 -0.039258296492258073 0.12668950938139956 0.11512313430505088 0.02742337245525393 0.12999878979292168
leaf_weight=35461.634676039219 4062.9971511363983 14963.269084095955 3593.3501886725426 504.6944488286972 239.42027342319489 3838.806968331337 169.04347157478333 5454.275444149971 831.84708046913147 15367.648121058941 782.19163221120834 12798.339949846268 17364.219537198544 3066.1217804551125
leaf_count=40057 3992 14637 609 74 143 3592 53 4703 168 16827 388 13893 16724 2912
internal_value=-5.35491e-06 0.000171968 -2.14594e-06 0.000411079 0.00105195 0.000308363 0.00229476 0.000353159 0.00026051 -7.33098e-05 7.84544e-05 0.000533951 0.000235069 0.000435408
internal_weight=118498 83036.2 36451.5 5338.36 1745.01 46584.8 673.738 42746 1071.27 31113.1 15745.5 16861.3 25884.6 8520.4
internal_count=118772 78715 32899 1047 438 45816 127 42224 311 31852 15025 17885 24339 7615
is_linear=0
shrinkage=0.00500363


Tree=11
num_leaves=15
num_cat=0
split_feature=7 45 29 32 35 46 13 10 11 0 13 18 9 14
split_gain=346.69 76.9068 42.836 42.8074 67.4826 40.893 40.4904 34.5857 30.636 29.2463 21.5685 19.2422 15.3937 15.1549
threshold=1.0000000180025095e-35 1.0000000180025095e-35 284.33283996582037 111.50000000000001 60.414289474487312 1.0000000180025095e-35 0.73632761836051952 0.020321623422205452 0.6558494269847871 0.31024999916553503 7.6813347339630136 -0.029850295744836327 0.58816435933113109 0.3400134295225144
decision_type=2 2 2 2 2 2 2 2 2 2 2 2 2 2
left_child=12 5 9 -4 6 7 -5 11 -6 10 -3 -2 -1 -9
right_child=1 2 3 4 8 -7 -8 13 -10 -11 -12 -13 -14 -15
leaf_value=-0.11574499751544992 0.18883747996256967 0.0064973877127142473 0.016801480730118262 0.18550367049809435 -0.0088195004213071741 -0.046225783305571033 0.096936586782218184 0.076728511087284776 0.56827843554645463 -0.039061862307115475 0.12605560132208377 0.11454710016452889 0.077085949829455172 0.03598978300720914
leaf_weight=35194.997908651829 4062.9971511363983 14963.269084095955 3593.3501886725426 504.6944488286972 963.7983301281929 3838.806968331337 169.04347157478333 7287.4914892315865 107.46902376413345 15367.648121058941 782.19163221120834 12798.339949846268 266.63676738739014 18597.125272572041
leaf_count=40030 3992 14637 609 74 236 3592 53 7531 75 16827 388 13893 27 16808
internal_value=-6.57329e-06 0.000170229 -1.71436e-06 0.000412083 0.00105502 0.000304926 0.00229476 0.000349414 0.000265505 -7.29765e-05 7.82218e-05 0.000526112 -0.000420768 0.00023399
internal_weight=118498 83036.2 36451.5 5338.36 1745.01 46584.8 673.738 42746 1071.27 31113.1 15745.5 16861.3 35461.6 25884.6
internal_count=118772 78715 32899 1047 438 45816 127 42224 311 31852 15025 17885 40057 24339
is_linear=0
shrinkage=0.00500363


Tree=12
num_leaves=15
num_cat=0
split_feature=7 16 45 49 11 25 33 29 33 28 45 10 11 5
split_gain=345.584 79.1383 43.9585 43.7675 20.795 30.1881 23.6729 20.7697 20.4606 23.5009 18.2525 17.8984 37.8989 22.2045
threshold=1.0000000180025095e-35 -1.170377194881439 1.0000000180025095e-35 1.0000000180025095e-35 0.19810482859611514 -0.00045651057735085482 366.68333435058599 167.42463684082034 46.849998474121101 11.766361713409426 1.0000000180025095e-35 0.092947561293840422 0.085318982601165785 3.9605276584625249
decision_type=2 2 2 2 2 2 2 2 2 2 2 2 2 2
left_child=-1 3 -3 4 5 6 -2 -4 9 -6 -7 -5 -13 -14
right_child=1 2 7 11 8 10 -8 -9 -10 -11 -12 12 13 -15
leaf_value=-0.11516585179842261 0.13747595596449771 0.029653512013502949 -0.041131003571147774 -0.0051021315730698366 0.12242038811480478 0.14578636537245213 0.038797485168948445 0.095533468548868752 -0.041721758948739668 0.016707820244598208 0.021855910195498481 0.14509495077363635 0.13987832697243002 -0.062469951946309082
leaf_weight=35461.634676039219 8913.2810389995575 21171.556598305702 15037.847697556019 10300.125749945641 201.7898850440979 12465.270775556564 2049.6768143773079 1650.1956591010094 1952.602488219738 539.17395997047424 6795.0823821425438 218.91623497009277 1070.9219626784325 669.78388458490372
leaf_count=40057 6552 24393 16663 9935 29 11697 2219 502 379 76 5917 32 237 84
internal_value=-6.83887e-06 0.000169681 7.4219e-07 0.000311086 0.000406163 0.000443713 0.000653994 -0.000191086 -1.2398e-05 0.000691499 0.000323577 5.51691e-05 0.000493432 0.000240586
internal_weight=118498 83036.2 37859.6 45176.6 32916.9 30223.3 10963 16688 2693.57 740.964 19260.4 12259.7 1959.62 1740.71
internal_count=118772 78715 41558 37157 26869 26385 8771 17165 484 105 17614 10288 353 321
is_linear=0
shrinkage=0.00500363


Tree=13
num_leaves=15
num_cat=0
split_feature=7 16 45 49 29 12 33 23 54 33 10 11 5 29
split_gain=343.112 77.4476 43.8759 42.5616 20.5187 20.3115 31.1685 28.3369 20.3216 18.8785 17.6836 38.0073 22.0125 16.9027
threshold=1.0000000180025095e-35 -1.170377194881439 1.0000000180025095e-35 1.0000000180025095e-35 167.42463684082034 -0.18712335079908368 15.783333301544191 1.6276183128356936 2.9201312065124516 366.68333435058599 0.092947561293840422 0.085318982601165785 3.9605276584625249 167.42463684082034
decision_type=2 2 2 2 2 2 2 2 2 2 2 2 2 2
left_child=-1 3 13 5 -4 6 -2 8 -7 -8 -5 -12 -13 -3
right_child=1 2 4 10 -6 7 9 -9 -10 -11 11 12 -14 -15
leaf_value=-0.114589603915157 0.22929218335006699 0.0215008609233397 -0.04092519904337899 -0.0050766023691156022 0.095055453944950713 0.082201933808983912 0.11947141032366335 -0.035195673447104295 0.3075383186063585 0.02683662605292983 0.14436894860415489 0.13917842688421916 -0.062157375110253793 0.15156634817846093
leaf_weight=35461.634676039219 1044.98440939188 20020.195890963078 15037.847697556019 10300.125749945641 1650.1956591010094 16322.082412362099 8888.8899158835411 3110.8105702400208 1055.7002173662186 2494.4098190665245 218.91623497009277 1070.9219626784325 669.78388458490372 1151.3607073426247
leaf_count=40057 762 24003 16663 9935 502 14956 6557 674 1220 2700 32 237 84 390
internal_value=-8.32088e-06 0.000167566 4.39725e-07 0.000307452 -0.000191209 0.000401212 0.000561524 0.000303556 0.000382393 0.000484416 5.50742e-05 0.000490698 0.00023751 0.000151861
internal_weight=118498 83036.2 37859.6 45176.6 16688 32916.9 12428.3 20488.6 17377.8 11383.3 12259.7 1959.62 1740.71 21171.6
internal_count=118772 78715 41558 37157 17165 26869 10019 16850 16176 9257 10288 353 321 24393
is_linear=0
shrinkage=0.00500363


Tree=14
num_leaves=15
num_cat=0
split_feature=7 16 45 49 29 12 33 54 33 29 27 28 46 29
split_gain=342.622 76.0405 43.0486 41.9897 20.6392 20.1975 30.0241 18.9601 18.7434 16.9219 25.2712 22.1911 15.4484 14.5944
threshold=1.0000000180025095e-35 -1.170377194881439 1.0000000180025095e-35 1.0000000180025095e-35 114.91316604614259 -0.18712335079908368 15.783333301544191 2.3858748674392705 366.68333435058599 167.42463684082034 -1.0000000180025095e-35 40.005857467651374 1.0000000180025095e-35 62.780992507934577
decision_type=2 2 2 2 2 2 2 2 2 2 2 2 2 2
left_child=-1 3 9 5 -4 6 13 -7 -8 12 11 -11 -3 -2
right_child=1 2 4 -5 -6 7 8 -9 -10 10 -12 -13 -14 -15
leaf_value=-0.11401623936595079 0.1318471506199857 0.028921216022302521 -0.040998851089733557 0.0066383369516057793 0.086815608242565193 0.060635274824215026 0.11887361899720082 0.25956068750812739 0.026702345372367858 0.28836521630963113 -0.0022994378712320519 -0.15966209575152771 -0.071559141240217464 0.27611738968011484
leaf_weight=35461.634676039219 529.05417656898499 18531.726214587688 14464.788128137589 12259.74783217907 2223.2552285194397 18914.359007954597 8888.8899158835411 1574.2341920137405 2494.4098190665245 487.79665118455887 543.65919762849808 119.90485852956772 1488.4696763753891 515.93023282289505
leaf_count=40057 500 22129 16444 10288 721 15094 6557 1756 2700 151 217 22 1874 262
internal_value=-8.61529e-06 0.000167146 1.54214e-06 0.000305756 -0.000188288 0.000398884 0.000558745 0.000301502 0.000483039 0.00015153 0.000742111 0.0014418 0.00011712 0.00137376
internal_weight=118498 83036.2 37859.6 45176.6 16688 32916.9 12428.3 20488.6 11383.3 21171.6 1151.36 607.702 20020.2 1044.98
internal_count=118772 78715 41558 37157 17165 26869 10019 16850 9257 24393 390 173 24003 762
is_linear=0
shrinkage=0.00500363


Tree=15
num_leaves=15
num_cat=0
split_feature=8 16 49 0 47 35 47 29 13 25 1 10 11 5
split_gain=347.062 77.3654 33.0209 30.3817 29.1668 49.5395 25.5963 27.0996 30.6465 24.0898 23.4816 18.4445 46.0956 20.8722
threshold=1.0000000180025095e-35 -1.0988626480102537 1.0000000180025095e-35 0.03024999983608723 1.0000000180025095e-35 67.793029785156264 1.0000000180025095e-35 167.42463684082034 3.1773235797882085 -1.0000000180025095e-35 -13.086080551147459 0.092947561293840422 0.085318982601165785 5.1727933883667001
decision_type=2 2 2 2 2 2 2 2 2 2 2 2 2 2
left_child=-1 2 3 4 -2 -6 7 -3 -9 10 -5 -4 -13 -14
right_child=1 6 11 9 5 -7 -8 8 -10 -11 -12 12 13 -15
leaf_value=-0.11344574372365282 -0.054371862941829371 0.0026978825990713867 -0.00057731434671082574 0.25858815927372486 0.22637380893617776 -0.093303968336354695 -0.055104023915553531 0.12289514367490541 0.32617027756275996 0.079871918175884404 0.095531882274569352 0.13744306370701212 0.16544687595008872 -0.052774390821216377
leaf_weight=33863.45838534832 3910.249816775322 29228.612901985645 10611.996244430542 717.56690031290054 245.67957162857056 375.19824010133743 5795.4604324698448 1875.1516068577766 82.99858683347702 17427.286857187748 12579.431952774525 270.55477052927017 1004.90337485075 756.62210786342621
leaf_count=39045 2296 33632 10292 436 103 180 6281 707 15 15464 9965 37 231 96
internal_value=-3.01941e-06 0.000167777 0.000300509 0.00037924 -1.60085e-06 0.00100237 -3.94196e-06 5.26037e-05 0.000622238 0.000435646 0.000596675 8.03655e-05 0.000516858 0.000215633
internal_weight=118745 84881.7 47899.5 35255.4 4531.13 620.878 36982.2 31186.8 1958.15 30724.3 13297 12644.1 2032.08 1761.53
internal_count=118780 79735 39100 28444 2579 283 40635 34354 722 25865 10401 10656 364 327
is_linear=0
shrinkage=0.00500363


Tree=16
num_leaves=15
num_cat=0
split_feature=41 16 45 6 1 45 13 14 13 45 27 29 6 28
split_gain=345.642 72.7299 47.5083 26.9443 39.6627 20.1296 20.4908 19.9779 25.3888 24.7974 20.6501 18.2347 21.6631 19.0566
threshold=1.0000000180025095e-35 -1.0988626480102537 1.0000000180025095e-35 -1.0000000180025095e-35 -13.086080551147459 1.0000000180025095e-35 7.6813347339630136 0.4405056387186051 0.73632761836051952 1.0000000180025095e-35 0.00027836262597702449 284.33283996582037 1.1477418541908266 24.405771255493168
decision_type=2 2 2 2 2 2 2 2 2 2 2 2 2 2
left_child=1 3 11 4 -1 -6 -7 8 10 -10 -5 -3 -13 -14
right_child=-2 2 -4 7 5 6 -8 -9 9 -11 -12 12 13 -15
leaf_value=0.26686075191351488 -0.1128781026333002 0.023599641373329223 -0.03495895633917611 0.069011669274944773 0.12861517746835041 0.023751519286624046 0.17479392492844029 0.040415575194596751 0.12336550748000626 -0.0040167247434723542 0.0031735419055575723 -0.093065968318197689 0.1569634442731889 -0.39009951366670037
leaf_weight=924.02159476280212 34458.64202362299 19691.704435229301 16191.714923381805 694.9034429192543 7548.4692803025246 5448.2846824526787 236.45091980695724 24947.143881142139 4525.202728509903 3099.7844414710999 280.42668473720551 274.55080527067184 260.47202181816101 163.39988452196121
leaf_count=625 39248 23625 16788 112 7134 4810 128 18466 4489 3149 47 80 55 24
internal_value=-4.88747e-06 0.000167657 0 0.000296363 0.000479859 0.000408947 0.000182047 0.00021868 0.000427077 0.000328294 0.00118942 0.000160487 0.000955587 0.0016634
internal_weight=118745 84286.5 36581.8 47704.7 14157.2 13233.2 5684.74 33547.5 8600.32 7624.99 975.33 20390.1 698.423 423.872
internal_count=118780 79532 40572 38960 12697 12072 4938 26263 7797 7638 159 23784 159 79
is_linear=0
shrinkage=0.00500363


Tree=17
num_leaves=15
num_cat=0
split_feature=41 16 45 49 0 47 33 29 15 46 12 33 23 38
split_gain=343.624 71.9528 47.0136 34.6653 28.2481 30.6985 58.1219 18.3133 24.0431 18.1386 16.3185 27.3107 17.2848 13.2253
threshold=1.0000000180025095e-35 -1.0988626480102537 1.0000000180025095e-35 1.0000000180025095e-35 0.03024999983608723 1.0000000180025095e-35 153.41666412353518 284.33283996582037 -3.3357523679733272 1.0000000180025095e-35 -0.18712335079908368 42.583332061767585 1.2175927162170412 1.0481082201004031
decision_type=2 2 2 2 2 2 2 2 2 2 2 2 2 2
left_child=1 3 7 4 5 -1 -7 9 -9 13 11 -6 -12 -3
right_child=-2 2 -4 -5 10 6 -8 8 -10 -11 12 -13 -14 -15
leaf_value=-0.04808034343744419 -0.11231330181175697 0.020812975976627797 -0.034784034482766069 0.011229190206258375 0.20862110794136624 0.22298537995419476 -0.11308032741862643 0.17218868724320535 0.035608552286556468 -0.072469877330562482 0.098642987167031487 0.086727737488519557 -0.00092535541537610232 0.076637783467503204
leaf_weight=3929.0152141451836 34458.64202362299 14898.764354884624 16191.714923381805 12572.095632374287 2609.3058789968491 306.56824642419815 334.48742973804474 230.60469335317612 467.81801825761795 1513.6744249463081 15981.144059658051 8575.3501811027527 3396.7210136651993 3279.2656553983688
leaf_count=2261 39248 17606 16788 10630 1872 136 147 58 101 1879 15377 7545 992 4140
internal_value=-6.12203e-06 0.000165917 -8.26377e-07 0.000293935 0.000374666 6.0832e-06 0.00102115 0.000158807 0.000955587 0.000130071 0.000429531 0.000582691 0.000340691 0.00017419
internal_weight=118745 84286.5 36581.8 47704.7 35132.6 4570.07 641.056 20390.1 698.423 19691.7 30562.5 11184.7 19377.9 18178
internal_count=118780 79532 40572 38960 28330 2544 283 23784 159 23625 25786 9417 16369 21746
is_linear=0
shrinkage=0.00500363


Tree=18
num_leaves=15
num_cat=0
split_feature=8 16 45 45 13 10 11 0 12 35 16 29 15 33
split_gain=339.426 72.3756 43.5505 26.6729 43.876 37.3784 95.1124 36.5927 29.2359 23.1828 19.5356 18.8586 24.0431 18.4157
threshold=1.0000000180025095e-35 -1.0988626480102537 1.0000000180025095e-35 1.0000000180025095e-35 7.6813347339630136 0.092947561293840422 0.070665180683136 0.03024999983608723 -0.18712335079908368 196.97438049316409 -2.0006320476531978 284.33283996582037 -3.3357523679733272 400.01666259765631
decision_type=2 2 2 2 2 2 2 2 2 2 2 2 2 2
left_child=-1 3 11 7 5 -5 -7 -2 13 -10 -6 -3 -13 -9
right_child=1 2 -4 4 10 6 -8 8 9 -11 -12 12 -14 -15
leaf_value=-0.11175132704735478 -0.046251018833926245 0.021469333136247177 -0.034609987871473555 0.0031910131795685357 0.17564033961151959 0.13738068152657412 0.059009779702794959 0.1459568466036513 0.048388458929625441 0.3450098858546769 -0.047344378253273818 0.17132711790649041 0.03543038008914854 0.049705252833071166
leaf_weight=33863.45838534832 3307.1760754585266 20016.445826888084 16267.354989647865 16926.949240803719 628.57692849636078 177.2497193813324 3032.678855240345 6441.6310192346573 12596.926249444485 2932.5249719619751 185.04894548654556 230.60469335317612 467.81801825761795 1670.7278309464455
leaf_count=39045 2083 23674 16802 15420 319 20 560 5253 10530 2845 96 58 101 1974
internal_value=-7.75913e-06 0.000161146 -4.93677e-06 0.000289527 0.000154999 0.000108499 0.000603419 0.000393814 0.000462825 0.000334659 0.00129357 0.00014701 0.000955587 0.000707105
internal_weight=118745 84881.7 36982.2 47899.5 20950.5 20136.9 3209.93 26949 23641.8 15529.5 813.626 20714.9 698.423 8112.36
internal_count=118780 79735 40635 39100 16415 16000 580 22685 20602 13375 415 23833 159 7227
is_linear=0
shrinkage=0.00500363


Tree=19
num_leaves=15
num_cat=0
split_feature=41 45 29 13 46 10 0 29 37 14 0 31 33 22
split_gain=338.938 69.7894 49.2595 46.3509 37.3794 32.1362 32.7629 38.2766 24.3363 26.0079 21.3006 20.0316 19.3337 21.8321
threshold=1.0000000180025095e-35 1.0000000180025095e-35 284.33283996582037 7.6813347339630136 1.0000000180025095e-35 0.020321623422205452 0.03024999983608723 72.998210906982436 -0.07939960807561873 0.7718510925769807 0.1212499998509884 46.500000000000007 27.616666793823246 0.40171466767787939
decision_type=2 2 2 2 2 2 2 2 2 2 2 2 2 2
left_child=1 4 3 12 5 6 -1 -8 9 11 -5 -4 13 -3
right_child=-2 2 8 10 -6 -7 7 -9 -10 -11 -12 -13 -14 -15
leaf_value=-0.046019595618748035 -0.11119216419953533 0.16391343603121872 0.072247098598049203 0.17476149946631456 -0.046241526673774971 0.045707636869920729 0.12699883180804075 0.26922771584636185 0.034426277848693142 -0.01300111906731595 -0.016776159762584009 0.18275621937901013 -0.027250281066716328 -0.013012211859546256
leaf_weight=1949.8473699688911 34458.64202362299 1618.9904669523239 566.86109745502472 574.27945810556412 3850.2019613385201 26104.399561583996 14593.121826052666 772.34500277042389 3473.6000670194626 654.0697261095047 265.88077276945114 1096.0958620905876 25870.663965761662 2896.1725883483887
leaf_count=1782 39248 1392 81 294 3576 24444 16131 437 631 95 199 288 27615 2567
internal_value=-9.00334e-06 0.000161858 -6.44012e-07 -7.94558e-05 0.000289265 0.000331226 0.000498705 0.000576309 0.000422934 0.000820642 0.00107765 0.00115284 -0.000111765 0.00018952
internal_weight=118745 84286.5 37016.6 31226 47269.9 43419.7 17315.3 15365.5 5790.63 2317.03 840.16 1662.96 30385.8 4515.16
internal_count=118780 79532 33162 32067 46370 42794 18350 16568 1095 464 493 369 31574 3959
is_linear=0
shrinkage=0.00500363


Tree=20
num_leaves=15
num_cat=0
split_feature=7 45 29 46 10 46 33 29 0 33 29 7 8 12
split_gain=332.389 70.317 45.2113 40.5866 34.7212 26.5161 22.7737 21.0768 19.0552 17.979 37.9708 16.6255 14.2191 13.3894
threshold=1.0000000180025095e-35 1.0000000180025095e-35 27.291747093200687 1.0000000180025095e-35 0.023625441826879982 1.0000000180025095e-35 19.783332824707035 655.80706787109386 0.31024999916553503 38.549999237060554 167.42463684082034 0.01086360262706876 0.73263433575630199 -0.213598757982254
decision_type=2 2 2 2 2 2 2 2 2 2 2 2 2 2
left_child=12 3 8 4 -2 6 13 -7 -3 10 -6 -8 -1 -4
right_child=1 2 5 -5 9 7 11 -9 -10 -11 -12 -13 -14 -15
leaf_value=-0.11063579919849445 0.12905232821540447 0.0022685150640639356 0.14576572192489096 -0.0496005334679228 0.063707839991840071 0.15050224732967341 0.052218624673319343 0.21618012792565486 -0.043275339646753799 0.028693274079607523 0.28592249250915031 -0.017440519407812868 0.074759985006403726 0.052142127401665184
leaf_weight=35800.608804702759 18122.152546644211 10449.573567688465 1108.392705321312 3874.863365650177 3636.6768863201141 762.01656168699265 4547.4705598950386 326.15263789892197 12189.244251489639 20286.082146346569 858.66729778051376 6169.9052996039391 148.13153743743896 724.60708433389664
leaf_count=40082 19139 11363 662 3585 3753 415 2429 36 14790 19149 220 2764 15 367
internal_value=-1.95644e-05 0.000154344 -1.07822e-05 0.000282556 0.000326917 0.000216556 0.000150801 0.000966384 -0.000148078 0.000204648 0.000491558 6.18278e-05 -0.000421555 0.000666295
internal_weight=119005 83055.8 36277.4 46778.4 42903.6 13638.5 12550.4 1088.17 22638.8 24781.4 4495.34 10717.4 35948.7 1833
internal_count=118769 78672 32826 45846 42261 6673 6222 451 26153 23122 3973 5193 40097 1029
is_linear=0
shrinkage=0.00500363


Tree=21
num_leaves=15
num_cat=0
split_feature=7 45 29 46 16 46 6 23 23 33 29 16 29 34
split_gain=330.391 69.2753 44.7768 39.578 30.6793 26.6311 25.2029 24.3083 22.6834 22.3241 21.0768 20.6765 17.6778 28.2068
threshold=1.0000000180025095e-35 1.0000000180025095e-35 27.291747093200687 1.0000000180025095e-35 -1.170377194881439 1.0000000180025095e-35 -1.0000000180025095e-35 1.6276183128356936 0.5218283236026765 19.783332824707035 655.80706787109386 -1.170377194881439 167.42463684082034 21.45529937744141
decision_type=2 2 2 2 2 2 2 2 2 2 2 2 2 2
left_child=-1 3 11 4 6 9 8 -8 -2 -4 -7 -3 -6 -14
right_child=1 2 5 -5 12 10 7 -9 -10 -11 -12 -13 13 -15
leaf_value=-0.11008221804482818 0.12375380975263492 0.0044094952118854426 0.13309479770161625 -0.049352350504193551 0.028373857721741537 0.14974918902205772 0.12562708595364641 -0.019453517201507897 0.20789826463135677 0.01570038576682662 0.21509844147801507 -0.044208618755500917 0.27869468779160761 -0.055044806490877445
leaf_weight=35948.740342140198 5022.6011782288551 10200.255110263824 1832.9997896552086 3874.863365650177 18704.991203248501 762.01656168699265 13146.248894870281 2806.1152824759483 2201.9756111502647 10717.375859498978 326.15263789892197 12438.56270891428 688.97139608860016 332.67531102895737
leaf_count=40097 5560 11314 1029 3585 22173 415 12317 619 1226 5193 36 14839 151 215
internal_value=-2.07751e-05 0.000152609 -1.12881e-05 0.000279869 0.000323676 0.000214953 0.000447328 0.000335304 0.000693486 0.000149059 0.000966384 -0.000147923 0.000177984 0.000819818
internal_weight=119005 83055.8 36277.4 46778.4 42903.6 13638.5 23176.9 15952.4 7224.58 12550.4 1088.17 22638.8 19726.6 1021.65
internal_count=118769 78672 32826 45846 42261 6673 19722 12936 6786 6222 451 26153 22539 366
is_linear=0
shrinkage=0.00500363


Tree=22
num_leaves=15
num_cat=0
split_feature=7 45 29 46 11 46 13 33 29 16 3 49 5 29
split_gain=327.498 67.6802 44.3708 38.9269 29.3471 26.7497 24.8072 24.4544 21.0768 20.6765 17.5356 18.8171 17.1012 21.1974
threshold=1.0000000180025095e-35 1.0000000180025095e-35 27.291747093200687 1.0000000180025095e-35 0.029512804932892326 1.0000000180025095e-35 7.6813347339630136 19.783332824707035 655.80706787109386 -1.170377194881439 -3.277999639511108 1.5000000000000002 -2.2725007534027095 72.998210906982436
decision_type=2 2 2 2 2 2 2 2 2 2 2 2 2 2
left_child=-1 3 9 4 12 6 7 -4 -7 -3 -6 -12 13 -2
right_child=1 2 5 -5 10 8 -8 -9 -10 -11 11 -13 -14 -15
leaf_value=-0.10953140680918044 0.13323000113003852 0.0043874317074486776 0.13242883991767643 -0.049105409357420284 0.075581358734996981 0.14899989874332353 0.12214259330113959 0.004711473415173386 0.21402216739450997 -0.043987414964775318 0.021347142302361257 0.093726507601902639 0.11317845940924827 0.29854743268562534
leaf_weight=35948.740342140198 3840.0158569812775 10200.255110263824 1832.9997896552086 3874.863365650177 7278.1377581357956 762.01656168699265 257.68477350473404 10459.691085994244 326.15263789892197 12438.56270891428 18056.788412988186 621.09702891111374 12519.091540634632 588.44827944040298
leaf_count=40097 4542 11314 1029 3585 6441 415 118 5075 36 14839 16944 647 13308 379
internal_value=-2.2534e-05 0.000150089 -1.19087e-05 0.000275875 0.000319321 0.000213303 0.000147266 0.000114261 0.000966384 -0.000147923 0.000213032 0.000131238 0.000481623 0.000750683
internal_weight=119005 83055.8 36277.4 46778.4 42903.6 13638.5 12550.4 12292.7 1088.17 22638.8 25956 18677.9 16947.6 4428.46
internal_count=118769 78672 32826 45846 42261 6673 6222 6104 451 26153 24032 17591 18229 4921
is_linear=0
shrinkage=0.00500363


Tree=23
num_leaves=15
num_cat=0
split_feature=7 16 29 6 23 38 47 1 13 31 38 9 32 22
split_gain=326.556 65.7874 33.6553 26.0839 25.4321 25.0633 21.4768 16.5503 15.8274 15.8715 13.4168 12.0548 12.0471 12.0396
threshold=1.0000000180025095e-35 -1.170377194881439 167.42463684082034 -3.225534081459045 0.28054355084896093 -1.2955541014671323 1.0000000180025095e-35 -5.7469742298126212 2.5830812454223637 6.5000000000000009 -0.2922008335590362 0.58816435933113109 1705.5000000000002 0.40171466767787939
decision_type=2 2 2 2 2 2 2 2 2 2 2 2 2 2
left_child=11 3 6 4 -2 -4 10 -6 9 -7 -3 -1 13 -5
right_child=1 2 5 12 7 8 -8 -9 -10 -11 -12 -13 -14 -15
leaf_value=-0.10898335163189259 0.055566809393636001 -0.021181369449922154 0.45212383947390467 0.086743077000921834 0.14201843977520126 0.17423719550467318 -0.053187083459848385 0.10173774738298555 0.17829676299155484 0.059320604846807748 0.017214684217012811 0.066661906152367625 0.26725101549768682 0.031916762702652597
leaf_weight=35701.854446411133 5300.8112996220589 13141.163504123688 143.52743279933929 6518.6351428627968 1926.7022870779037 281.99389940500259 5201.8397449851036 4722.876073718071 107.6212266087532 2249.2541633248329 16851.026100933552 246.88589572906494 977.3482540845871 25633.005781114101
leaf_count=40072 6148 14391 47 5706 1289 72 6298 3395 15 742 19999 25 1086 19484
internal_value=-2.31081e-05 0.000149266 -3.96831e-06 0.000278517 0.000479381 0.000525373 -4.60581e-05 0.000685972 0.000410159 0.000325805 5.18022e-06 -0.000421555 0.000205809 0.000188832
internal_weight=119005 83055.8 37976.4 45079.4 11950.4 2782.4 35194 6649.58 2638.87 2531.25 29992.2 35948.7 33129 32151.6
internal_count=118769 78672 41564 37108 10832 876 40688 4684 829 814 34390 40097 26276 25190
is_linear=0
shrinkage=0.00500363


Tree=24
num_leaves=15
num_cat=0
split_feature=7 45 29 46 10 46 13 33 29 16 3 16 49 1
split_gain=325.35 66.5085 44.2373 38.3006 33.1065 26.808 24.8363 24.5374 21.0768 20.4281 17.9063 15.1242 14.7956 12.5945
threshold=1.0000000180025095e-35 1.0000000180025095e-35 27.291747093200687 1.0000000180025095e-35 0.023625441826879982 1.0000000180025095e-35 7.6813347339630136 19.783332824707035 655.80706787109386 -1.170377194881439 -3.277999639511108 -2.7766047716140743 1.5000000000000002 -2.0406122207641597
decision_type=2 2 2 2 2 2 2 2 2 2 2 2 2 2
left_child=-1 3 9 4 13 6 7 -4 -7 -3 11 -6 -12 -2
right_child=1 2 5 -5 10 8 -8 -9 -10 -11 12 -13 -14 -15
leaf_value=-0.1084380387226546 0.16432914315857761 0.0039314479073546032 0.13169490155932442 -0.049869763107088523 0.12526866228668931 0.14795753898685032 0.12151754924790162 0.0045282796871617837 0.21279157876369637 -0.043635972611753726 0.017708673847119525 0.068687785781657656 0.093171398375041611 0.1060379397192846
leaf_weight=35948.740342140198 5245.626454949379 10200.255110263824 1832.9997896552086 3874.863365650177 345.15398049354553 762.01656168699265 257.68477350473404 10459.691085994244 326.15263789892197 12438.56270891428 17290.707811534405 6535.6786324977875 609.8859059214592 12876.526091694832
leaf_count=40097 5299 11314 1029 3585 89 415 118 5075 36 14839 16303 6076 654 13840
internal_value=-2.38448e-05 0.00014821 -1.2377e-05 0.000272904 0.000316 0.000212494 0.000146387 0.000113364 0.000966384 -0.000148187 0.0001966 0.000413915 0.00011261 0.000478822
internal_weight=119005 83055.8 36277.4 46778.4 42903.6 13638.5 12550.4 12292.7 1088.17 22638.8 24781.4 6880.83 17900.6 18122.2
internal_count=118769 78672 32826 45846 42261 6673 6222 6104 451 26153 23122 6165 16957 19139
is_linear=0
shrinkage=0.00500363


Tree=25
num_leaves=15
num_cat=0
split_feature=7 16 45 49 8 5 32 14 46 9 9 38 13 45
split_gain=325.025 72.2863 42.8575 36.479 33.3949 21.5513 21.5776 18.556 17.4226 17.0897 14.4496 13.3772 13.3571 11.2129
threshold=1.0000000180025095e-35 -1.0988626480102537 1.0000000180025095e-35 1.0000000180025095e-35 0.73263433575630199 -1.5871190428733823 16.500000000000004 0.48771338164806372 1.0000000180025095e-35 0.050442986190319068 1.4800094366073611 0.94614166021347057 1.2084370255470278 1.0000000180025095e-35
decision_type=2 2 2 2 2 2 2 2 2 2 2 2 2 2
left_child=4 3 8 5 -1 6 12 13 11 -9 -8 -3 -2 -7
right_child=1 2 -4 -5 -6 7 10 9 -10 -11 -12 -13 -14 -15
leaf_value=-0.10789545436015821 0.22910697495763724 0.021596064447625622 -0.035925161803807289 0.0074839885638670316 0.0763627086721064 0.17937027040205863 0.085931010366036939 0.081390840912536067 -0.064982499440177116 -0.032488521921966204 0.0085851301184541855 0.080292701693296428 0.11940561215665686 0.032432779971079947
leaf_weight=35444.925275623798 788.12334752082825 15226.156939268112 15916.774160504341 12374.175236463547 128.38066577911377 5280.7563863396645 8572.5800181627274 12575.831611931324 1604.2438553571701 2855.8048900365829 98.754358291625977 3818.4062049388885 556.00742995738983 3066.990732550621
leaf_count=40244 609 17191 16659 10522 13 4937 7586 10629 1908 663 10 4665 434 2720
internal_value=-1.58728e-05 0.000156032 -9.9619e-06 0.000287656 -0.000415879 0.000372797 0.000568285 0.000290105 0.000140215 0.000186466 0.000475172 0.000182668 0.00116181 0.000480702
internal_weight=118308 82734.6 36565.6 46169 35573.3 33794.8 10015.5 23779.4 20648.8 15431.6 8671.33 19044.6 1344.13 8347.75
internal_count=118790 78533 40423 38110 40257 27588 8639 18949 23764 11292 7596 21856 1043 7657
is_linear=0
shrinkage=0.00500363


Tree=26
num_leaves=15
num_cat=0
split_feature=7 45 46 16 10 8 13 10 11 12 29 35 16 35
split_gain=324.618 71.1484 42.863 41.6215 35.1633 33.3949 30.9073 24.5991 100.706 20.7595 18.3553 19.0281 17.0597 17.716
threshold=1.0000000180025095e-35 1.0000000180025095e-35 1.0000000180025095e-35 -1.0988626480102537 0.020321623422205452 0.73263433575630199 7.6813347339630136 0.092947561293840422 0.070665180683136 -0.18712335079908368 72.998210906982436 97.269355773925795 -2.0006320476531978 178.27919769287112
decision_type=2 2 2 2 2 2 2 2 2 2 2 2 2 2
left_child=5 2 4 6 10 -1 7 -3 -9 -6 -2 -12 13 -8
right_child=1 3 -4 -5 9 -7 12 8 -10 -11 11 -13 -14 -15
leaf_value=-0.1073555848917515 0.12332948252534658 0.0043794986202458546 -0.048723186650390507 -0.035745405407947406 0.084364220020009678 0.075980617552685425 0.16977135830374707 0.16700789570658417 0.033305175182198145 0.024275389359474042 0.13098927545497624 0.57937312258339635 -0.047665531337397322 -0.037393714607673087
leaf_weight=35444.925275623798 15769.709632635117 16321.947612762451 3819.3461807966232 15916.774160504341 8497.3910430073738 128.38066577911377 559.66502130031586 177.2497193813324 2929.2003518939018 17427.382858753204 698.44933074712753 306.53027981519699 204.48367291688919 106.47530680894852
leaf_count=40244 17282 15116 3623 16659 7599 13 251 20 555 16737 370 166 99 56
internal_value=-1.61235e-05 0.000155674 0.000285143 -1.04262e-05 0.000330638 -0.000415879 0.000139555 9.77423e-05 0.000505802 0.000214609 0.000509464 0.00116971 0.00106166 0.00145
internal_weight=118308 82734.6 46518.8 36215.8 42699.5 35573.3 20299 19428.4 3106.45 25924.8 16774.7 1004.98 870.624 666.14
internal_count=118790 78533 45777 32756 42154 40257 16097 15691 575 24336 17818 536 406 307
is_linear=0
shrinkage=0.00500363


Tree=27
num_leaves=15
num_cat=0
split_feature=7 45 46 16 10 8 13 10 11 12 29 35 6 33
split_gain=322.632 69.9171 42.2243 41.2976 34.8454 33.3949 29.5875 24.5991 100.706 19.7258 17.9463 19.0353 17.5628 17.2892
threshold=1.0000000180025095e-35 1.0000000180025095e-35 1.0000000180025095e-35 -1.0988626480102537 0.020321623422205452 0.73263433575630199 7.6813347339630136 0.092947561293840422 0.070665180683136 -0.18712335079908368 72.998210906982436 97.269355773925795 1.0000000180025095e-35 54.183334350585945
decision_type=2 2 2 2 2 2 2 2 2 2 2 2 2 2
left_child=5 2 4 6 10 -1 7 -3 -9 12 -2 -12 -6 -8
right_child=1 3 -4 -5 9 -7 13 8 -10 -11 11 -13 -14 -15
leaf_value=-0.10681841673309546 0.1227123868139037 0.0043575852078039578 -0.048479393609877193 -0.035566548447475706 0.05806240437506871 0.075600438277750856 -0.0015984152050364357 0.16617224915956771 0.033138528243015823 0.024153924172394717 0.13033385293577721 0.5764741509672785 0.11898441656996828 0.17094463385229522
leaf_weight=35444.925275623798 15769.709632635117 16321.947612762451 3819.3461807966232 15916.774160504341 5459.1977853178978 128.38066577911377 288.29332536458969 177.2497193813324 2929.2003518939018 17427.382858753204 698.44933074712753 306.53027981519699 3038.193257689476 582.33067566156387
leaf_count=40244 17282 15116 3623 16659 4691 13 102 20 555 16737 370 166 2908 304
internal_value=-1.73483e-05 0.000153923 0.000282266 -1.07326e-05 0.000327422 -0.000415879 0.000138663 9.77423e-05 0.000505802 0.000211918 0.000505437 0.00115836 0.000409898 0.0010409
internal_weight=118308 82734.6 46518.8 36215.8 42699.5 35573.3 20299 19428.4 3106.45 25924.8 16774.7 1004.98 8497.39 870.624
internal_count=118790 78533 45777 32756 42154 40257 16097 15691 575 24336 17818 536 7599 406
is_linear=0
shrinkage=0.00500363


Tree=28
num_leaves=15
num_cat=0
split_feature=8 45 0 46 10 0 29 46 29 11 9 12 29 34
split_gain=319.98 64.1268 38.8119 38.1817 29.3732 30.2713 31.2344 27.2503 24.5449 20.1303 35.6851 18.7582 18.4266 14.1366
threshold=1.0000000180025095e-35 1.0000000180025095e-35 0.31024999916553503 1.0000000180025095e-35 0.020321623422205452 0.03024999983608723 72.998210906982436 1.0000000180025095e-35 655.80706787109386 0.06532598659396173 0.0058713175822049388 -0.213598757982254 284.33283996582037 9.2517781257629412
decision_type=2 2 2 2 2 2 2 2 2 2 2 2 2 2
left_child=-1 3 7 4 5 -2 -7 9 -9 13 -11 12 -6 -3
right_child=1 2 -4 -5 11 6 -8 8 -10 10 -12 -13 -14 -15
leaf_value=-0.1062839363678222 -0.04930820253355566 0.11816389835625277 -0.032837360095731426 -0.048659786548968853 0.062288917520085488 0.12850814225895899 0.28805554839577518 0.071846086064574988 0.21300528710464964 0.11315606662205756 0.038434676900507787 0.024114437618040069 0.13791174926893249 -0.0089974936734823138
leaf_weight=33449.161800682545 1968.7823992967606 1059.5478798151016 16368.642420470715 3907.0767619013786 6451.3550655841827 14736.337803721428 793.84969449043274 1410.2105016708374 368.85440337657928 383.75225263834 4077.4075430035591 18633.166776359081 1346.3780356645584 13353.387774050236
leaf_count=39103 1832 823 17122 3650 7044 16195 437 1313 43 94 1098 17030 345 12661
internal_value=-1.89196e-05 0.000144389 -1.17721e-05 0.000265397 0.000307624 0.00046696 0.000541135 0.000132236 0.000724366 7.59531e-05 0.000369654 0.000201822 0.000408228 -1.44725e-05
internal_weight=118308 84858.7 37021.8 47836.9 43929.9 17499 15530.2 20653.2 1779.06 18874.1 4461.16 26430.9 7797.73 14412.9
internal_count=118790 79687 33154 46533 42883 18464 16632 16032 1356 14676 1192 24419 7389 13484
is_linear=0
shrinkage=0.00500363


Tree=29
num_leaves=15
num_cat=0
split_feature=7 45 16 46 9 16 11 5 46 29 29 34 11 9
split_gain=318.597 69.0868 39.9954 39.8112 28.3697 28.2194 26.3111 27.9711 26.0839 23.1236 19.7227 29.0422 19.161 37.7974
threshold=1.0000000180025095e-35 1.0000000180025095e-35 -1.0988626480102537 1.0000000180025095e-35 0.58816435933113109 -1.0988626480102537 0.19810482859611514 -1.0000000180025095e-35 1.0000000180025095e-35 655.80706787109386 167.42463684082034 22.610964775085453 0.06532598659396173 0.0058713175822049388
decision_type=2 2 2 2 2 2 2 2 2 2 2 2 2 2
left_child=4 3 8 5 -1 6 7 -2 12 -10 -7 -12 -3 -14
right_child=1 2 -4 -5 -6 10 -8 -9 9 -11 11 -13 13 -15
leaf_value=-0.10575213034719472 0.15350300972898551 -0.0017041828168233501 -0.035224280258689067 -0.047993344611197745 0.073989856894000894 0.024965325396777087 -0.024887591530127842 0.11340088621038211 0.071877563048774004 0.21221475636407466 0.2786858434547792 -0.084324531092924399 0.11400184545167595 0.039360394236983932
leaf_weight=35326.420045673847 6566.2088016271591 14217.436159133911 15916.774160504341 3819.3461807966232 246.88589572906494 18045.237336337566 1754.802186191082 15333.889012932777 1374.7162046432495 347.70116472244263 666.88576114177704 332.44004672765732 373.8768168091774 3985.2913397550583
leaf_count=40232 6535 13512 16659 3623 25 21505 334 13429 1322 39 145 206 93 1131
internal_value=-1.98487e-05 0.000150347 -1.33281e-05 0.000277928 -0.000415879 0.000321776 0.000437409 0.000484725 0.000133686 0.000722899 0.000177725 0.000862723 7.85789e-05 0.000368758
internal_weight=118308 82734.6 36215.8 46518.8 35573.3 42699.5 23654.9 21900.1 20299 1722.42 19044.6 999.326 18576.6 4359.17
internal_count=118790 78533 32756 45777 40257 42154 20298 19964 16097 1361 21856 351 14736 1224
is_linear=0
shrinkage=0.00500363


Tree=30
num_leaves=15
num_cat=0
split_feature=7 16 45 6 54 46 45 42 29 10 12 29 9 32
split_gain=314.798 74.1506 39.0496 23.9372 28.3902 14.6838 14.4057 13.7969 17.9193 13.5742 13.5659 13.5069 12.0639 11.8679
threshold=1.0000000180025095e-35 -1.0988626480102537 1.0000000180025095e-35 -1.0000000180025095e-35 0.082881588488817229 1.0000000180025095e-35 1.0000000180025095e-35 1.0000000180025095e-35 167.42463684082034 0.36277799308300024 -1.0184592008590696 167.42463684082034 0.58816435933113109 1705.5000000000002
decision_type=2 2 2 2 2 2 2 2 2 2 2 2 2 2
left_child=12 3 5 4 10 7 9 8 -3 -6 -2 -4 -1 -5
right_child=1 2 11 13 6 -7 -8 -9 -10 -11 -12 -13 -14 -15
leaf_value=-0.10522298528976864 0.25499938929566873 0.026617622441601648 -0.041479881842403379 0.04437324553800711 0.12831504266741986 -0.061200860646024896 0.017541883114340909 -0.18743529435721396 0.16040485216008729 -0.059221396360120956 0.15277125210773834 0.083796536916989225 0.05244012545088822 0.31606736033665611
leaf_weight=35337.159879505634 633.95953673124313 17515.642817795277 14650.110973775387 31244.775412380695 5972.9348567128181 1659.4542655348778 4720.5768555402756 852.83938604593277 834.91091668605804 421.88660401105881 2061.2058447599411 1452.4540580511093 246.88589572906494 943.36156022548676
leaf_count=40172 591 21339 16264 24468 6135 1871 4231 280 249 46 1536 449 25 1031
internal_value=-2.81782e-05 0.000140618 -2.60645e-05 0.000274726 0.000449414 0.000116575 0.000336519 0.000155872 0.000185092 0.000491657 0.000911635 -0.000211329 -0.000421923 0.000199519
internal_weight=118548 82964.1 36965.4 45998.7 13810.6 20862.8 11115.4 19203.4 18350.6 6394.82 2695.17 16102.6 35584 32188.1
internal_count=118687 78490 40452 38038 12539 23739 10412 21868 21588 6181 2127 16713 40197 25499
is_linear=0
shrinkage=0.00500363


Tree=31
num_leaves=15
num_cat=0
split_feature=7 16 45 45 46 46 29 5 23 11 11 23 34 46
split_gain=312.281 72.3813 38.5774 23.3585 24.4141 22.6606 24.9131 22.5016 29.8032 17.5862 26.9125 16.4868 16.4636 14.6106
threshold=1.0000000180025095e-35 -1.0988626480102537 1.0000000180025095e-35 1.0000000180025095e-35 1.0000000180025095e-35 1.0000000180025095e-35 655.80706787109386 -1.0000000180025095e-35 1.6276183128356936 0.06532598659396173 0.070665180683136 0.5218283236026765 9.2517781257629412 1.0000000180025095e-35
decision_type=2 2 2 2 2 2 2 2 2 2 2 2 2 2
left_child=-1 3 13 4 7 9 -7 11 -9 12 -11 -2 -5 -3
right_child=1 2 -4 5 -6 6 -8 8 -10 10 -12 -13 -14 -15
leaf_value=-0.10469648788105547 0.11155006876928965 0.028478070583215467 -0.035282721542217198 0.11559973164924138 -0.043024361997472761 0.06462401959929738 0.21188081752525931 0.13421316471314157 -0.02946804631500434 0.07927477112416928 0.054155757597557336 0.19111665459289126 -0.006691091537156804 -0.060894633879578247
leaf_weight=35584.045775234699 5038.455585539341 19203.393120527267 16102.565031826496 1087.963329076767 2267.7637417316437 1435.6759964823723 330.85275590419769 13550.640586495399 2865.4964922070503 314.66303169727325 3839.2985265851021 2287.69223934412 12980.198385298252 1659.4542655348778
leaf_count=40197 5427 21868 16713 835 1678 1373 37 12984 629 98 1095 1281 12601 1871
internal_value=-2.97558e-05 0.000138364 -2.63163e-05 0.000270863 0.000369885 0.000141611 0.000683009 0.000417333 0.000313476 8.86444e-05 0.000374641 0.000648877 3.62244e-06 0.000115456
internal_weight=118548 82964.1 36965.4 45998.7 26010 19988.7 1766.53 23742.3 16416.1 18222.1 4153.96 7326.15 14068.2 20862.8
internal_count=118687 78490 40452 38038 21999 16039 1410 20321 13613 14629 1193 6708 13436 23739
is_linear=0
shrinkage=0.00500363


Tree=32
num_leaves=15
num_cat=0
split_feature=7 16 49 47 29 13 11 10 11 12 6 33 13 13
split_gain=310.719 71.1743 33.3371 23.9786 25.7789 33.4206 18.3327 17.2039 26.2958 23.0751 16.8194 20.4842 15.909 13.9772
threshold=1.0000000180025095e-35 -1.0988626480102537 1.0000000180025095e-35 1.0000000180025095e-35 167.42463684082034 3.1773235797882085 0.22133337706327441 0.092947561293840422 0.085318982601165785 -0.32768723368644709 -1.0000000180025095e-35 27.616666793823246 1.0610566139221194 1.0296987295150759
decision_type=2 2 2 2 2 2 2 2 2 2 2 2 2 2
left_child=-1 2 10 4 -3 6 -6 -4 -9 -10 11 13 -12 -2
right_child=1 3 7 -5 5 -7 -8 8 9 -11 12 -13 -14 -15
leaf_value=-0.10417262487318747 0.24325372742563511 -0.0018020854572465936 -0.0064401926893247873 -0.052416575588270536 0.29465616187899885 2.3572667554427773 0.085037270888680502 0.15052527497507687 0.4573854197801972 0.0023775226847442079 0.046715235004522355 0.090453319349839814 0.099542160439102273 0.12288436951171665
leaf_weight=35584.045775234699 630.29735606908798 29213.352042019367 10322.718608498573 5790.6036771535873 102.2405002117157 85.989668309688568 1773.2265301942825 234.20962256193161 177.95461374521255 1473.5851834416389 13776.41227042675 9429.8856378793716 8998.7696118354797 954.8677659034729
leaf_count=40197 440 33495 10157 6261 22 16 658 34 105 207 8925 8606 8802 762
internal_value=-3.06197e-05 0.000137079 0.000268468 -2.62214e-05 2.84874e-05 0.00058353 0.000437075 4.36555e-05 0.00048313 0.000254266 0.000349464 0.000510768 0.000271083 0.00104008
internal_weight=118548 82964.1 45998.7 36965.4 31174.8 1961.46 1875.47 12208.5 1885.75 1651.54 33790.2 11015.1 22775.2 1585.17
internal_count=118687 78490 38038 40452 34191 696 680 10503 346 312 27535 9808 17727 1202
is_linear=0
shrinkage=0.00500363


Tree=33
num_leaves=15
num_cat=0
split_feature=7 16 45 49 10 11 12 46 10 25 34 29 45 11
split_gain=309.141 71.0997 37.7875 32.8951 17.2039 26.2958 23.0751 16.4127 16.0878 15.572 21.6094 13.4171 13.11 12.093
threshold=1.0000000180025095e-35 -1.0988626480102537 1.0000000180025095e-35 1.0000000180025095e-35 0.092947561293840422 0.085318982601165785 -0.32768723368644709 1.0000000180025095e-35 0.26435442268848425 -4.8855237764655606e-05 46.443668365478523 167.42463684082034 1.0000000180025095e-35 0.87913045287132274
decision_type=2 2 2 2 2 2 2 2 2 2 2 2 2 2
left_child=-1 3 7 8 -5 -6 -7 -3 9 10 -2 -4 -11 -10
right_child=1 2 11 4 5 6 -8 -9 13 12 -12 -13 -14 -15
leaf_value=-0.10365138308458451 0.13630185430966546 0.027518268935215084 -0.041031582475794998 -0.006407968315978927 0.14977210144552941 0.45509683009958396 0.00236562642909981 -0.060969070594404803 -0.032775246107567289 0.12731602725884236 0.067647643639225832 0.081746247109604736 0.017117721218231356 0.019943213193341598
leaf_weight=35584.045775234699 7410.0180044770241 19203.393120527267 14650.110973775387 10322.718608498573 234.20962256193161 177.95461374521255 1473.5851834416389 1659.4542655348778 1686.6657971739769 11831.606040656567 6271.9972162246704 1452.4540580511093 6301.5023017525673 288.44328182935715
leaf_count=40197 5309 21868 16264 10157 34 105 207 1871 213 10863 5612 449 5503 35
internal_value=-3.16146e-05 0.000135657 -2.75581e-05 0.000266978 4.36555e-05 0.00048313 0.000254266 0.000112751 0.000347436 0.000374683 0.000502813 -0.000209804 0.000277546 -8.76029e-05
internal_weight=118548 82964.1 36965.4 45998.7 12208.5 1885.75 1651.54 20862.8 33790.2 31815.1 13682 16102.6 18133.1 1975.11
internal_count=118687 78490 40452 38038 10503 346 312 23739 27535 27287 10921 16713 16366 248
is_linear=0
shrinkage=0.00500363


Tree=34
num_leaves=15
num_cat=0
split_feature=7 16 45 45 46 47 7 35 13 10 11 6 23 23
split_gain=308.024 70.3072 37.5677 22.0553 25.1361 22.4159 31.8439 28.754 21.5981 20.5483 59.3985 19.4364 22.4297 17.0288
threshold=1.0000000180025095e-35 -1.0988626480102537 1.0000000180025095e-35 1.0000000180025095e-35 1.0000000180025095e-35 1.0000000180025095e-35 0.0012174303992651405 46.114572525024421 7.6813347339630136 0.092947561293840422 0.085318982601165785 -1.0000000180025095e-35 1.6276183128356936 0.46517777442932134
decision_type=2 2 2 2 2 2 2 2 2 2 2 2 2 2
left_child=-1 3 -3 4 11 9 7 -7 -8 -5 -11 13 -13 -2
right_child=1 2 -4 5 -6 6 8 -9 -10 10 -12 12 -14 -15
leaf_value=-0.10313274939962215 0.11208313970700319 0.01930142239237825 -0.034842203781208614 -0.006122867194086056 -0.04360016330228033 0.20585467176804478 0.029433863556271849 0.092867421772274361 0.14425390940462446 0.096635886542324259 0.015569241448611009 0.12282798288552553 -0.032863712838751398 0.19844150422054518
leaf_weight=35584.045775234699 4921.5881226658821 20862.847386062145 16102.565031826496 12108.929681897163 2267.7637417316437 201.85863554477692 4725.5314304828644 233.70045650005341 360.21097439527512 344.67385947704315 2013.746986746788 13518.864830136299 2721.7002555727959 2580.1316952109337
leaf_count=40197 5480 23739 16713 10509 1678 72 4564 327 110 50 407 12676 603 1562
internal_value=-3.232e-05 0.000134649 -2.7653e-05 0.000265237 0.000361465 0.000139621 0.000410924 0.00170997 0.000297566 3.55205e-05 0.000462896 0.000409617 0.000311322 0.000621277
internal_weight=118548 82964.1 36965.4 45998.7 26010 19988.7 5521.3 435.559 5085.74 14467.4 2358.42 23742.3 16240.6 7501.72
internal_count=118687 78490 40452 38038 21999 16039 5073 399 4674 10966 457 20321 13279 7042
is_linear=0
shrinkage=0.00500363


Tree=35
num_leaves=15
num_cat=0
split_feature=8 16 45 12 35 14 13 16 46 45 10 29 29 32
split_gain=309.394 54.9212 32.0155 18.2344 27.0786 17.156 17.7606 17.8957 16.4858 16.0029 15.6065 15.3411 15.1212 21.4707
threshold=1.0000000180025095e-35 -1.0988626480102537 1.0000000180025095e-35 -0.32768723368644709 9.1174926757812518 0.48771338164806372 0.71624350547790538 -2.6993452310562129 1.0000000180025095e-35 1.0000000180025095e-35 0.10508202761411668 167.42463684082034 167.42463684082034 26.500000000000004
decision_type=2 2 2 2 2 2 2 2 2 2 2 2 2 2
left_child=-1 3 8 4 -2 6 7 -5 12 -6 -11 -4 -3 -14
right_child=1 2 11 5 9 -7 -8 -9 -10 10 -12 -13 13 -15
leaf_value=-0.10261671076830185 0.21595523249368898 0.022906724297548454 -0.038077815926779619 0.11465353994719726 0.10724359090385262 0.029286587247315986 0.057364962807688123 0.018608490106097272 -0.06285893955170721 0.010186554006130466 0.29655479601765844 0.083925444116493983 0.33046183187444406 0.061100640273866774
leaf_weight=33632.27978605032 790.07614123821259 17981.609617292881 14575.693561136723 720.04301714897156 6478.4266348481178 22932.628259837627 10922.798422932625 887.06055438518524 1603.4651675820351 4900.2963277101517 428.81158930063248 1511.577322781086 395.7230686545372 625.4588395357132
leaf_count=39090 513 21420 16201 126 6576 16602 10476 142 1869 4585 200 478 103 251
internal_value=-3.27151e-05 0.000128352 -1.72294e-05 0.000239655 0.00040366 0.000181163 0.000330298 0.00082327 0.000113131 0.000342649 0.000137539 -0.000184669 0.000154532 0.000747645
internal_weight=118386 84753.7 36693.5 48060.1 12597.6 35462.5 12529.9 1607.1 20606.3 11807.5 5329.11 16087.3 19002.8 1021.18
internal_count=118632 79542 40322 39220 11874 27346 10744 268 23643 11361 4785 16679 21774 354
is_linear=0
shrinkage=0.00500363


Tree=36
num_leaves=15
num_cat=0
split_feature=7 16 49 29 13 47 11 11 25 33 27 10 11 12
split_gain=307.921 60.3176 33.9561 26.3622 21.6159 18.0188 16.6097 15.6242 15.708 22.1357 15.3167 12.0525 30.3088 23.7058
threshold=1.0000000180025095e-35 -1.0988626480102537 1.0000000180025095e-35 167.42463684082034 1.5506508350372317 1.0000000180025095e-35 0.19810482859611514 0.19810482859611514 -0.00025671243201941246 400.01666259765631 -0.027741686441004273 0.092947561293840422 0.093621436506509795 -0.32768723368644709
decision_type=2 2 2 2 2 2 2 2 2 2 2 2 2 2
left_child=10 2 7 5 6 -3 -5 8 9 -2 -1 -4 -13 -14
right_child=1 3 11 4 -6 -7 -8 -9 -10 -11 -12 12 13 -15
leaf_value=0.075364704216809908 0.11543411720913647 -0.0013323950877726937 -0.0070130642875369433 0.29101040894831043 0.47352316957336382 -0.051404461966464199 0.072393304909327508 -0.00089213945445403735 0.073916259223462066 0.015714167510429797 -0.10210325420592246 0.13744602570268735 0.41567652135665145 -0.01446071797285039
leaf_weight=138.25610160827637 9690.7946462631226 28916.610362648964 10246.056803286076 109.29153978824615 194.53515177965164 5152.5221319198608 2320.5683908462524 2766.3643881082535 19167.353957533836 2163.4467740654945 35507.708807528019 221.62606781721115 205.25058829784393 1585.5625989437103
leaf_count=14 7397 33270 10111 25 41 6201 785 509 17374 2339 40203 30 117 216
internal_value=-3.35299e-05 0.000133897 0.000254503 -1.7252e-05 0.000465476 -5.46826e-05 0.000332391 0.000336363 0.000368506 0.000512451 -0.000422351 2.82432e-05 0.000382417 0.000160804
internal_weight=118386 82740 46046.5 36693.5 2624.4 34069.1 2429.86 33788 31021.6 11854.2 35646 12258.5 2012.44 1790.81
internal_count=118632 78415 38093 40322 851 39471 810 27619 27110 9736 40217 10474 363 333
is_linear=0
shrinkage=0.00500363


Tree=37
num_leaves=15
num_cat=0
split_feature=8 16 45 49 0 11 11 33 10 38 10 11 12 3
split_gain=307.004 53.6996 31.6335 29.7577 23.2536 19.4825 19.1861 15.6417 15.24 13.9617 11.7507 30.5766 23.8836 11.5991
threshold=1.0000000180025095e-35 -1.0988626480102537 1.0000000180025095e-35 1.0000000180025095e-35 0.03024999983608723 0.19810482859611514 0.15052198618650439 54.183334350585945 0.43639591336250311 0.77377134561538707 0.092947561293840422 0.093621436506509795 -0.32768723368644709 -8.6799001693725568
decision_type=2 2 2 2 2 2 2 2 2 2 2 2 2 2
left_child=-1 3 9 4 8 6 -6 -7 -2 -3 -5 -12 -13 -4
right_child=1 2 13 10 5 7 -8 -9 -10 -11 11 12 -14 -15
leaf_value=-0.10159236679275355 -0.054035908690163816 0.0082395620419636884 0.046391579586333401 -0.0074290926452102966 0.085483175005303863 0.041373244993605229 0.16759544116365666 -0.047003012427214226 0.075977809646409433 0.06381531841930943 0.13675829596216432 0.41359662777869877 -0.016378199808293688 -0.037598872693310324
leaf_weight=33632.27978605032 4256.0297992229462 15772.137053370476 1746.586106300354 10463.072957634926 27661.19673126936 838.17983460426331 965.4108424782753 1528.0467089414597 316.01394653320312 4834.1196396946907 221.62606781721115 205.25058829784393 1605.3134706020355 14340.684777617455
leaf_count=39090 2568 17787 1591 10273 25262 129 258 333 32 5856 30 117 218 15088
internal_value=-3.42869e-05 0.000126157 -1.77952e-05 0.000236215 0.000310031 0.000359183 0.000395291 -7.4448e-05 -2.15319e-05 0.000111783 2.55001e-05 0.000373845 0.000153599 -0.000184233
internal_weight=118386 84753.7 36693.5 48060.1 35564.9 30992.8 28626.6 2366.23 4572.04 20606.3 12495.3 2032.19 1810.56 16087.3
internal_count=118632 79542 40322 39220 28582 25982 25520 462 2600 23643 10638 365 335 16679
is_linear=0
shrinkage=0.00500363


Tree=38
num_leaves=15
num_cat=0
split_feature=8 45 29 24 46 13 10 0 11 46 29 33 22 35
split_gain=305.425 45.9221 39.551 32.8441 31.6009 27.5621 27.5419 26.1495 24.9135 23.6567 21.1141 19.211 15.6157 15.6051
threshold=1.0000000180025095e-35 1.0000000180025095e-35 284.33283996582037 61.539403915405281 1.0000000180025095e-35 7.6813347339630136 0.018893500789999965 0.03024999983608723 0.093621436506509795 1.0000000180025095e-35 72.998210906982436 27.616666793823246 0.35902211070060736 5.1930799484252939
decision_type=2 2 2 2 2 2 2 2 2 2 2 2 2 2
left_child=-1 4 5 9 6 11 7 -2 -5 -4 -9 12 -3 -8
right_child=1 2 3 8 -6 -7 13 10 -10 -11 -12 -13 -14 -15
leaf_value=-0.10108403567371026 -0.051110494684117123 0.1363930779220682 0.039975919783493949 0.14518257158542533 -0.048188864189755612 0.091247780978174653 0.1550512484892817 0.11601095163862278 -0.0026822740944669964 0.20755391301068613 0.25550344732159691 -0.025955199458365816 0.0020163025283943172 0.03230783593415773
leaf_weight=33632.27978605032 1881.0878529548645 1231.9021860957146 5068.5688898563385 165.24777674674988 3883.6845192909241 814.31111288070679 1321.4174888730049 14296.286585986614 97.081576526165009 451.40893685817719 683.36800932884216 25803.261568903923 3363.5239568352699 25692.518063247204
leaf_count=39090 1817 1122 968 23 3563 481 890 15615 54 62 393 27601 2877 24076
internal_value=-3.5329e-05 0.000124701 -7.43637e-06 0.000372375 0.000227213 -7.80573e-05 0.000265581 0.000424545 0.00210008 0.000288177 0.00049447 -0.000102635 0.000194643 0.000166062
internal_weight=118386 84753.7 36995.3 5782.31 47758.4 31213 43874.7 16860.7 262.329 5519.98 14979.7 30398.7 4595.43 27013.9
internal_count=118632 79542 33188 1107 46354 32081 42791 17825 77 1030 16008 31600 3999 24966
is_linear=0
shrinkage=0.00500363


Tree=39
num_leaves=15
num_cat=0
split_feature=8 0 49 0 11 11 33 12 23 36 10 11 10 11
split_gain=303.464 45.002 27.5152 23.3194 21.0946 21.1395 18.8742 16.0816 12.3023 15.1286 11.8783 11.7727 10.7886 28.874
threshold=1.0000000180025095e-35 0.33624999225139623 1.0000000180025095e-35 0.03024999983608723 0.19810482859611514 0.15052198618650439 33.549999237060554 -0.18712335079908368 0.40057444572448736 -0.53057691454887379 0.43639591336250311 0.87913045287132274 0.092947561293840422 0.085318982601165785
decision_type=2 2 2 2 2 2 2 2 2 2 2 2 2 2
left_child=-1 2 3 10 5 -5 7 8 -3 -10 -2 -6 -4 -14
right_child=1 6 12 4 11 -7 -8 -9 9 -11 -12 -13 13 -15
leaf_value=-0.10057824805802991 -0.055357209167117512 0.013539041622432649 -0.0080118438562835712 0.083000721784394133 -0.034147077165249846 0.16821736073692117 -0.013012853521231502 0.0027344652736208505 0.38465798356072184 0.12035760335746983 0.075275465487931223 0.018321707574038108 0.13428505982263 0.011827392245356991
leaf_weight=33632.27978605032 4335.0332858562469 1226.7930698394775 10528.778014600277 27976.337570786476 2052.8128156661987 948.1657207608223 29263.093758761883 3796.2360526323318 318.60638791322708 1518.6208910346031 365.39112567901611 371.12225621938705 231.50825160741806 1821.1693230271339
leaf_count=39090 2576 1528 10319 25447 404 255 34151 3661 137 589 37 67 31 340
internal_value=-3.66272e-05 0.000122888 0.000222263 0.000292589 0.000341888 0.000379516 -1.06917e-05 0.000225241 0.000494803 0.000754315 -3.46045e-05 -0.000103982 2.01525e-05 0.000352217
internal_weight=118386 84753.7 48630.3 36048.9 31348.4 28924.5 36123.4 6860.26 3064.02 1837.23 4700.42 2423.94 12581.5 2052.68
internal_count=118632 79542 39476 28786 26173 25702 40066 5915 2254 726 2613 471 10690 371
is_linear=0
shrinkage=0.00500363


end of trees

feature_importances:
distance_to_resistance=54
events_next_30d_major=43
price_std_60d=36
price_std_30d=35
price_log=35
price_std_7d=33
events_next_30d_operation=32
vol_regime_60_30=28
volume_mean_30d=27
bb_width=23
price_zscore_30d=21
events_next_30d_game_update=21
price_lag_1d=17
price_std_14d=17
return_60d=13
volume_std_60d=13
return_30d=11
events_next_30d_case_drop=11
trend_divergence_30_60=9
price_std_20d=8
volume_lag_7d=8
volume_zscore_30d=8
return_1d=7
distance_to_support=6
volume_std_30d=6
item_volume_vs_market_30d=6
return_7d=4
macd_line=4
bb_pct_b=3
rsi_14=3
macd_signal=3
macd_histogram=3
rsi_missing=3
price_accel_7d=2
volume_lag_1d=2
return_3d=1
log_return_1d=1
volume_log_change_1d=1
volume_log_change_7d=1
macd_missing=1

parameters:
[boosting: gbdt]
[objective: quantile]
[metric: quantile]
[tree_learner: serial]
[device_type: cpu]
[data_sample_strategy: bagging]
[data: ]
[valid: ]
[num_iterations: 1000]
[learning_rate: 0.00500363]
[num_leaves: 15]
[num_threads: -1]
[seed: 57]
[deterministic: 0]
[force_col_wise: 0]
[force_row_wise: 0]
[histogram_pool_size: -1]
[max_depth: 6]
[min_data_in_leaf: 30]
[min_sum_hessian_in_leaf: 0.001]
[bagging_fraction: 0.7]
[pos_bagging_fraction: 1]
[neg_bagging_fraction: 1]
[bagging_freq: 5]
[bagging_seed: 30554]
[bagging_by_query: 0]
[feature_fraction: 0.8]
[feature_fraction_bynode: 1]
[feature_fraction_seed: 30558]
[extra_trees: 0]
[extra_seed: 6244]
[early_stopping_round: 0]
[early_stopping_min_delta: 0]
[first_metric_only: 0]
[max_delta_step: 0]
[lambda_l1: 1.5]
[lambda_l2: 2]
[linear_lambda: 0]
[min_gain_to_split: 0.1]
[drop_rate: 0.1]
[max_drop: 50]
[skip_drop: 0.5]
[xgboost_dart_mode: 0]
[uniform_drop: 0]
[drop_seed: 23688]
[top_rate: 0.2]
[other_rate: 0.1]
[min_data_per_group: 100]
[max_cat_threshold: 32]
[cat_l2: 10]
[cat_smooth: 10]
[max_cat_to_onehot: 4]
[top_k: 20]
[monotone_constraints: ]
[monotone_constraints_method: basic]
[monotone_penalty: 0]
[feature_contri: ]
[forcedsplits_filename: ]
[refit_decay_rate: 0.9]
[cegb_tradeoff: 1]
[cegb_penalty_split: 0]
[cegb_penalty_feature_lazy: ]
[cegb_penalty_feature_coupled: ]
[path_smooth: 0]
[interaction_constraints: ]
[verbosity: -1]
[saved_feature_importance_type: 0]
[use_quantized_grad: 0]
[num_grad_quant_bins: 4]
[quant_train_renew_leaf: 0]
[stochastic_rounding: 1]
[linear_tree: 0]
[max_bin: 63]
[max_bin_by_feature: ]
[min_data_in_bin: 3]
[bin_construct_sample_cnt: 200000]
[data_random_seed: 224]
[is_enable_sparse: 1]
[enable_bundle: 1]
[use_missing: 1]
[zero_as_missing: 0]
[feature_pre_filter: 0]
[pre_partition: 0]
[two_round: 0]
[header: 0]
[label_column: ]
[weight_column: ]
[group_column: ]
[ignore_column: ]
[categorical_feature: ]
[forcedbins_filename: ]
[precise_float_parser: 0]
[parser_config_file: ]
[objective_seed: 6962]
[num_class: 1]
[is_unbalance: 0]
[scale_pos_weight: 1]
[sigmoid: 1]
[boost_from_average: 1]
[reg_sqrt: 0]
[alpha: 0.9]
[fair_c: 1]
[poisson_max_delta_step: 0.7]
[tweedie_variance_power: 1.5]
[lambdarank_truncation_level: 30]
[lambdarank_norm: 1]
[label_gain: ]
[lambdarank_position_bias_regularization: 0]
[eval_at: ]
[multi_error_top_k: 1]
[auc_mu_weights: ]
[num_machines: 1]
[local_listen_port: 12400]
[time_out: 120]
[machine_list_filename: ]
[machines: ]
[gpu_platform_id: -1]
[gpu_device_id: -1]
[gpu_use_dp: 0]
[num_gpu: 1]

end of parameters

pandas_categorical:[]
