tree
version=v4
num_class=1
num_tree_per_iteration=1
label_index=0
max_feature_idx=54
objective=quantile
feature_names=price_lag_1d return_1d return_3d return_7d return_14d return_30d return_60d price_std_7d price_std_14d price_std_20d price_std_30d price_std_60d price_zscore_30d vol_regime_60_30 trend_divergence_30_60 price_accel_7d price_log price_tier log_return_1d log_return_7d autocorr_1d autocorr_7d bb_pct_b bb_width rsi_14 macd_line macd_signal macd_histogram distance_to_support distance_to_resistance volume_missing volume_lag_1d volume_lag_7d volume_mean_30d volume_std_30d volume_std_60d volume_log_change_1d volume_log_change_7d volume_zscore_30d volume_price_conf_7d volume_price_conf_1d rsi_missing macd_missing dow_sin dow_cos events_next_30d_major events_next_30d_operation events_next_30d_case_drop events_next_30d_update events_next_30d_game_update item_type_graffiti item_type_skin item_type_sticker item_type_unknown item_volume_vs_market_30d
feature_infos=[0.029999999329447746:928.8800048828125] [-99.888870239257812:500] [-99.896278381347656:500] [-99.901214599609375:500] [-99.288597106933594:500] [-99.288597106933594:500] [-99.069480895996094:500] [0:165.13458251953125] [0:156.91107177734375] [0:135.43109130859375] [0:111.69504547119141] [0:90.068748474121094] [-4.516660213470459:5.2946515083312988] [0.7020072340965271:347.1495361328125] [-751.36993408203125:709.63470458984375] [-599.9012451171875:592.04339599609375] [-3.5065579414367676:6.833979606628418] [0:4] [-6.8021969795227051:4.4705967903137207] [-6.9199800491333008:4.5688667297363281] [-49944.43359375:60158.53515625] [-49950.609375:24038.4609375] [-0.45675897598266602:1.5621322393417358] [0.018997181206941605:17.437999725341797] [0:99.705314636230469] [-23.512050628662109:23.676826477050781] [-16.828514099121094:19.590114593505859] [-11.454108238220215:18.214382171630859] [0.010015022940933704:9543.478515625] [0.013550135307013988:106457.8984375] none [1:238372] [1:238372] [1:121047.53125] [1.1841870546340942:79946.21875] [1.4142135381698608:69461.5] [-5.8622097969055176:9.0481739044189453] [-5.2044291496276855:6.4952654838562012] [-3.1766712665557861:5.283144474029541] [-99.901214599609375:500] [-99.888870239257812:500] [0:1] [0:1] [-0.97492790222167969:0.97492790222167969] [-0.90096884965896606:1] [0:2] [0:1] [0:1] none [0:1] [0:1] [0:1] [0:1] none [0.0010421525221318007:280.05703735351562]
tree_sizes=1671 1760 1755 1763 1752 1747 1751 1756 1766 1752 1760 1758 1767 1772 1773 1754 1758 1752 1759 1752 1763 1766 1761 1773 1762 1766 1775 1756 1763 1752 1773 1765 1776 1774 1766 1748 1754 1764 1747 1776 1774

Tree=0
num_leaves=15
num_cat=0
split_feature=12 3 45 31 12 33 6 4 31 29 5 34 12 16
split_gain=223.067 56.8113 45.9746 31.9457 31.4589 25.3307 20.54 29.9584 22.9598 20.0575 12.2201 25.393 10.713 9.88026
threshold=-0.1825786158442497 -9.6753931045532209 1.0000000180025095e-35 75.500000000000014 -0.18253146111965177 43.049999237060554 -18.041157722473141 -11.511278629302977 40.500000000000007 40.851377487182624 -39.727355957031243 339.62196350097662 -0.46561808884143824 -2.9281172752380367
decision_type=2 2 2 2 2 2 2 2 2 2 2 2 2 2
left_child=1 2 6 9 -2 13 8 -8 -1 -3 11 -5 -11 -4
right_child=4 3 5 10 -6 -7 7 -9 -10 12 -12 -13 -14 -15
leaf_value=12.874562566513056 11.536205482837776 12.097200444277263 14.076032642755569 11.883060340717106 11.915122577081688 12.084393278947271 12.664917990763659 12.514433802100879 12.180364509879258 12.856386819434054 11.985016306197233 12.720321379313081 12.371855968277346 13.048578953238689
leaf_weight=368.99126291275024 15820.012090981007 3455.8912689685822 143.70413738489151 555.39727741479874 8662.7476313710213 3474.9344610571861 1361.9201858043671 1018.6340116858482 1730.8413761854172 1668.6758694648743 12043.850201070309 356.56235337257385 1216.8326496481895 423.36766123771667
leaf_count=262 18354 3856 120 336 9018 2515 759 544 1440 1003 12791 204 515 375
internal_value=12 12.0024 12.005 12.0012 11.9973 12.002 12.0077 12.0102 12.0049 12.0035 12.0001 12.0044 12.0058 12.0096
internal_weight=52302.4 27819.6 8522.39 19297.2 24482.8 4042.01 4480.39 2380.55 2099.83 6341.4 12955.8 911.96 2885.51 567.072
internal_count=52092 24720 6015 18705 27372 3010 3005 1303 1702 5374 13331 540 1518 495
is_linear=0
shrinkage=1


Tree=1
num_leaves=15
num_cat=0
split_feature=12 3 45 12 31 33 6 4 31 5 34 45 1 8
split_gain=206.551 51.0972 39.18 32.2785 28.0395 22.5818 20.1851 28.3944 19.5872 10.6758 22.3384 10.5277 9.90849 10.6936
threshold=-0.1825786158442497 -9.6753931045532209 1.0000000180025095e-35 -0.18253146111965177 37.500000000000007 43.049999237060554 -18.041157722473141 -11.511278629302977 40.500000000000007 -39.727355957031243 339.62196350097662 1.0000000180025095e-35 -18.31915187835693 0.020273745059967044
decision_type=2 2 2 2 2 2 2 2 2 2 2 2 2 2
left_child=1 2 6 -2 12 -4 8 -8 -1 10 -6 -11 -3 -14
right_child=3 4 5 -5 9 -7 7 -9 -10 11 -12 -13 13 -15
leaf_value=0.84076112290771532 -0.44586907098307954 1.2759886437857129 1.4627891679806377 -0.081596949303280583 0.014174870552626895 0.081131517275514514 0.63921921422376626 0.49455117069610294 0.17339350398153752 0.087532475890446895 0.69248128711973567 -0.055336360730490204 0.69193502298320964 0.10138679994598872
leaf_weight=368.99126291275024 15820.012090981007 328.77313369512558 567.07179862260818 8662.7476313710213 775.64557075500488 3474.9344610571861 1361.9201858043671 1018.6340116858482 1730.8413761854172 7927.2877993583679 356.56235337257385 7279.2349105477333 1250.3091660737991 1379.3966861367226
leaf_count=262 18354 104 495 9018 442 2515 759 544 1440 7750 204 7886 1103 1216
internal_value=-7.66126e-05 0.00220069 0.00469492 -0.00266663 0.00109577 0.00191489 0.00718803 0.00964488 0.00436862 0.00046466 0.00408445 0.000190834 0.00455891 0.00372874
internal_weight=52302.4 27819.6 8522.39 24482.8 19297.2 4042.01 4480.39 2380.55 2099.83 16338.7 1132.21 15206.5 2958.48 2629.71
internal_count=52092 24720 6015 27372 18705 3010 3005 1303 1702 16282 646 15636 2423 2319
is_linear=0
shrinkage=0.0386495


Tree=2
num_leaves=15
num_cat=0
split_feature=12 31 12 15 2 26 21 25 5 21 23 24 54 0
split_gain=195.993 41.7601 32.6897 31.9807 21.7334 17.3465 15.9003 13.6297 13.1781 12.1843 11.0091 10.077 8.90807 8.61723
threshold=-0.1825786158442497 31.500000000000004 -0.18253146111965177 -10.008637905120848 -6.903559446334838 -0.013537499587982891 24.495645523071293 -0.021389165893197056 -39.727355957031243 267.16377258300787 0.47989919781684881 22.785695075988773 0.056004460901021964 9.0044999122619647
decision_type=2 2 2 2 2 2 2 2 2 2 2 2 2 2
left_child=1 4 -2 5 9 -3 8 -7 -5 12 -6 -8 -1 -12
right_child=2 3 -4 6 10 7 11 -9 -10 -11 13 -13 -14 -15
leaf_value=1.4018008604692123 -0.42863643510856564 0.073736466132407835 -0.078443264494611781 0.40796783159094979 0.16177766374524066 0.54616436732870666 0.048887655530969965 0.35016412376117656 -0.02488941994695832 1.3260596827449553 1.041555171136205 0.27168487456982604 0.38034872513981827 -0.0041035130377083092
leaf_weight=705.60960221290588 15820.012090981007 1568.6979865431786 8662.7476313710213 829.95507156848907 1434.4816315770149 225.17919433116913 2837.2527460455894 3111.6953952312469 12110.240633606911 114.60101497173309 801.87602740526199 3519.1855604052544 335.34210693836212 225.48574537038803
leaf_count=551 18354 1203 9018 465 1514 120 2490 2356 12302 58 402 2952 230 77
internal_value=-0.000137116 0.00208117 -0.00266007 0.00149876 0.00595877 0.00428726 0.000786494 0.00586553 4.34292e-06 0.0103586 0.0038633 0.00236915 0.00891566 0.00693123
internal_weight=52302.4 27819.6 24482.8 24202.2 3617.4 4905.57 19296.6 3336.87 12940.2 1155.55 2461.84 6356.44 1040.95 1027.36
internal_count=52092 24720 27372 21888 2832 3679 18209 2476 12767 839 1993 5442 781 479
is_linear=0
shrinkage=0.0386495


Tree=3
num_leaves=15
num_cat=0
split_feature=12 3 12 45 33 31 26 29 4 5 34 12 29 26
split_gain=186.476 44.2959 33.1767 31.7838 21.1187 20.4481 17.6294 12.5099 11.64 10.6142 23.4288 9.93295 9.29805 7.16507
threshold=-0.1825786158442497 -9.6753931045532209 -0.18253146111965177 1.0000000180025095e-35 43.049999237060554 75.500000000000014 -0.071088455617427812 45.645107269287116 -11.511278629302977 -39.727355957031243 339.62196350097662 -1.7037353515624998 56.531076431274421 -0.015193406958132981
decision_type=2 2 2 2 2 2 2 2 2 2 2 2 2 2
left_child=1 3 -2 6 12 7 -1 11 -8 10 -7 -3 -5 -11
right_child=2 5 -4 4 -6 9 8 -9 -10 13 -12 -13 -14 -15
leaf_value=0.033602309483818503 -0.41206983273695608 0.22932053791634066 -0.075411468162869547 0.37997587879158196 0.068410666389733088 -0.12346834342047343 0.56173574965423334 0.60458825863492949 0.43092194187090221 -0.092354120768105244 0.64994943148023421 0.051639306151231502 1.6455380955439638 0.029120011069313327
leaf_weight=580.71203649044037 15820.012090981007 348.6978999376297 8662.7476313710213 248.91689610481262 3474.9344610571861 555.39727741479874 2576.9806426763535 2676.212298989296 1322.6941574215889 3814.1740689277649 356.56235337257385 3316.4895891547203 318.15490251779556 8229.6761321425438
leaf_count=425 18354 371 9018 294 2515 336 1784 1354 796 4648 204 3649 201 8143
internal_value=-0.00019142 0.00197228 -0.00265235 0.00429457 0.00178847 0.000943328 0.00654072 0.00274146 0.00747625 5.84455e-05 0.00407756 0.00125193 0.00869857 -0.000241695
internal_weight=52302.4 27819.6 24482.8 8522.39 4042.01 19297.2 4480.39 6341.4 3899.67 12955.8 911.96 3665.19 567.072 12043.9
internal_count=52092 24720 27372 6015 3010 18705 3005 5374 2580 13331 540 4020 495 12791
is_linear=0
shrinkage=0.0386495


Tree=4
num_leaves=15
num_cat=0
split_feature=7 2 33 52 1 36 4 7 24 27 23 24 21 2
split_gain=183.015 49.4924 25.7628 23.783 23.9795 20.1563 19.1782 17.0905 16.4872 16.3679 12.8461 9.60854 8.36443 5.65593
threshold=0.00092546257656067621 -5.5546789169311515 19.916666030883793 1.0000000180025095e-35 -5.559335231781005 1.1328400373458865 -9.2589459419250471 0.013061210978776218 24.330303192138675 -0.00034901147591881449 0.77775844931602489 43.82153511047364 267.16377258300787 -13.934353828430174
decision_type=2 2 2 2 2 2 2 2 2 2 2 2 2 2
left_child=-1 2 12 4 5 -3 8 10 -4 -6 -5 -8 13 -2
right_child=1 3 6 7 9 -7 11 -9 -10 -11 -12 -13 -14 -15
leaf_value=-0.39614352197767649 1.509633408546879 0.18896868171308084 0.10662641308564123 0.46651270493221136 0.053703374065275547 1.1586996424329179 -0.14398571268297861 -0.007567595566631875 0.4051955061777428 -0.1153309665774116 0.62771288882836274 0.28266206358885271 1.1718340552693534 0.55038967115556259
leaf_weight=16621.177930355072 404.23876518011093 1521.962492287159 2307.9396792054176 2173.3240225315094 8478.1380552649498 252.64264756441116 1366.4413787126541 1641.5950492024422 3196.6527776122093 11546.348678231239 490.99409991502762 1884.4649812579155 71.095135033130646 345.34674620628357
leaf_count=19730 239 1065 1562 2201 8171 52 784 1322 2195 12638 231 1518 39 345
internal_value=-0.000257022 0.00130219 0.00367931 0.000427755 -8.82302e-05 0.0042119 0.00305458 0.00305227 0.00444623 -0.000472593 0.00496255 0.000679066 0.0102501 0.00887531
internal_weight=52302.4 35681.2 9576.18 26105 21799.1 1774.61 8755.5 4305.91 5504.59 20024.5 2664.32 3250.91 820.681 749.586
internal_count=52092 32362 6682 25680 21926 1117 6059 3754 3757 20809 2432 2302 623 584
is_linear=0
shrinkage=0.0386495


Tree=5
num_leaves=15
num_cat=0
split_feature=7 4 45 6 2 16 33 16 1 11 16 6 23 52
split_gain=171.155 59.8239 28.8675 21.546 29.407 19.283 18.3103 16.1036 11.5709 10.8597 10.2157 9.55445 11.0333 8.57301
threshold=0.00092546257656067621 -11.511278629302977 1.0000000180025095e-35 -14.048510074615477 -8.1246266365051252 -2.9858310222625728 58.116666793823249 -1.2123424410820005 -6.9372181892395011 0.30036422610282904 -2.9858310222625728 -46.426719665527337 0.77775844931602489 1.0000000180025095e-35
decision_type=2 2 2 2 2 2 2 2 2 2 2 2 2 2
left_child=-1 2 3 5 -5 -2 10 8 9 -3 -4 12 -9 -10
right_child=1 7 6 4 -6 -7 -8 11 13 -11 -12 -13 -14 -15
leaf_value=-0.38083275585246157 0.68672815407310528 0.45154231062368672 1.8328736225334543 0.89714660246476563 0.25460014899062772 0.14915533735715805 0.044946831375702913 0.20752520159475737 0.01095519118374899 1.5830096791381125 0.34199088713637427 -0.067870521784021753 0.5197545600328991 0.41108829513535844
leaf_weight=16506.084996819496 496.2005860209465 1355.4429796338081 201.71577227115631 778.24325150251389 1339.7421016693115 2721.6478652954102 4639.8112915158272 247.35394692420959 8304.3732848167419 71.576079726219177 857.6725150346756 12273.520540773869 57.702740430831909 2133.4610280394554
leaf_count=19768 356 793 170 335 1001 2332 3633 165 7295 24 737 13421 20 1884
internal_value=-0.000323855 0.00118758 0.00354956 0.00559658 0.00864247 0.00356965 0.0016216 0.00011869 0.0011421 0.00441146 0.00620669 -0.000842071 0.00586466 0.000688813
internal_weight=51984.5 35478.5 11035 5335.83 2117.99 3217.85 5699.2 24443.4 11864.9 1427.02 1059.39 12578.6 305.057 10437.8
internal_count=51934 32166 8564 4024 1336 2688 4540 23602 9996 817 907 13606 185 9179
is_linear=0
shrinkage=0.0386495


Tree=6
num_leaves=15
num_cat=0
split_feature=7 4 45 29 22 33 16 29 10 6 1 11 52 26
split_gain=163.533 51.0498 23.4294 17.035 20.2036 15.3965 14.6137 13.9934 13.8201 13.0549 10.7991 11.0615 8.12948 8.07622
threshold=0.00092546257656067621 -11.511278629302977 1.0000000180025095e-35 214.51734924316409 1.0000000180025095e-35 58.116666793823249 -1.2123424410820005 93.346355438232436 0.19900236278772357 -46.426719665527337 -8.0534429550170881 0.30036422610282904 1.0000000180025095e-35 0.00079663179349154245
decision_type=2 2 2 2 2 2 2 2 2 2 2 2 2 2
left_child=-1 2 3 4 -2 13 10 -8 -5 -9 11 -3 -12 -4
right_child=1 6 5 8 -6 -7 7 9 -10 -11 12 -13 -14 -15
leaf_value=-0.36611374384244894 0.25805725129127527 0.43525431579280893 0.60576626912941911 2.5025556949666115 0.16670489478809877 0.043209656879380713 -0.07773533664864056 0.43640058587669023 0.23203237461038764 0.40662797585619681 0.0085670496774287713 2.3558714848901117 0.39751887375293254 -0.11279561845082293
leaf_weight=16506.084996819496 1040.5063090920448 1197.8863434791565 903.4083993434906 619.24158805608749 3342.763979434967 4639.8112915158272 11547.11949300766 102.63363695144653 333.3219279050827 928.82409816980362 8420.7495918869972 63.430352509021759 2182.7870843410492 155.97988796234131
leaf_count=19768 617 651 806 239 3045 3633 13226 32 123 348 7390 21 1934 101
internal_value=-0.000397135 0.00108021 0.0032621 0.0051069 0.00406285 0.00152357 9.2637e-05 -0.000822522 0.00983185 0.003472 0.00106771 0.00445366 0.00065871 0.00572887
internal_weight=51984.5 35478.5 11035 5335.83 4383.27 5699.2 24443.4 12578.6 952.564 1031.46 11864.9 1261.32 10603.5 1059.39
internal_count=51934 32166 8564 4024 3662 4540 23602 13606 362 380 9996 672 9324 907
is_linear=0
shrinkage=0.0386495


Tree=7
num_leaves=15
num_cat=0
split_feature=41 3 52 45 31 29 1 2 10 6 36 29 49 24
split_gain=155.981 39.794 17.3487 17.0138 15.1322 14.7831 13.4223 12.2457 11.4809 7.49158 7.41309 7.35392 6.7429 6.7123
threshold=1.0000000180025095e-35 -6.2481584548950186 1.0000000180025095e-35 1.0000000180025095e-35 5.5000000000000009 214.51734924316409 -4.6358203887939444 -11.991606712341307 0.19900236278772357 26.231637001037601 1.4963011741638186 68.566623687744155 1.0000000180025095e-35 11.488503456115724
decision_type=2 2 2 2 2 2 2 2 2 2 2 2 2 2
left_child=1 3 6 5 11 7 10 -1 -7 -8 -3 -5 -6 -4
right_child=-2 2 13 4 12 8 9 -9 -10 -11 -12 -13 -14 -15
leaf_value=0.49452058934065568 -0.35196361492146033 0.19582133767283466 -0.41706028254166094 0.5826397419868804 -0.003735601415962372 1.7667795872835974 -0.072409110788024519 0.12668367602967856 0.17986769997987678 0.15902882143685665 0.83331526620786933 1.2013530779812158 0.22583576504814462 0.36205580300389423
leaf_weight=969.7529331445694 15657.686190366745 2036.4079436063766 406.94837540388107 86.388802587985992 4266.1147688031197 785.58856558799744 16128.181298673153 4674.2001945376396 350.53463184833527 1447.4930561184883 183.54566216468811 105.3797053694725 1441.400919675827 3444.9259325861931
leaf_count=652 18761 1470 131 88 3214 294 17115 3832 121 1059 42 39 1647 3469
internal_value=-0.000467539 0.00092113 -1.31675e-05 0.00266793 0.00113579 0.00399175 -0.000477442 0.00316298 0.00804516 -0.00083761 0.00234615 0.011779 0.000764035 0.00235681
internal_weight=51984.5 36326.9 23647.5 12679.4 5899.28 6780.08 19795.6 5643.95 1136.12 17575.7 2219.95 191.769 5707.52 3851.87
internal_count=51934 33173 23286 9887 4988 4899 19686 4484 415 18174 1512 127 4861 3600
is_linear=0
shrinkage=0.0386495


Tree=8
num_leaves=15
num_cat=0
split_feature=7 3 5 34 31 2 10 18 52 6 14 31 45 15
split_gain=152.602 34.6085 19.3841 17.4019 15.6508 16.5405 13.2499 12.8811 12.2903 11.8225 7.74434 7.36339 6.54708 8.65438
threshold=1.0000000180025095e-35 -6.2481584548950186 -46.725141525268548 339.62196350097662 99.500000000000014 -6.3825840950012198 0.047951003536582 -0.047467155382037156 1.0000000180025095e-35 1.0000000180025095e-35 0.71822229027748119 168.50000000000003 1.0000000180025095e-35 -11.813685894012449
decision_type=2 2 2 2 2 2 2 2 2 2 2 2 2 2
left_child=-1 4 3 10 5 9 -5 11 -9 -2 -3 -4 13 -6
right_child=1 2 7 6 12 -7 -8 8 -10 -11 -12 -13 -14 -15
leaf_value=-0.33836038201802948 0.88193251625012181 0.79960834199936637 0.3944378179996863 -0.13808265262484887 0.20925767306282611 0.17483800229814792 0.58001022384098722 -0.063195990166697705 0.26062483960573485 0.2089784879179252 -0.17394118394931568 -0.038842737205749087 0.0066007244959467044 0.034409068440185646
leaf_weight=16037.920751750469 1863.7033794522285 152.20301270484924 1869.7103034853935 65.943678140640259 1749.5706471800804 2841.1112272143364 174.91929757595062 17148.937827885151 2729.1159392595291 668.3861300945282 381.75854957103729 823.71237874031067 3318.5572387576103 2158.9986186623573
leaf_count=19227 1282 97 1362 41 1168 2245 69 17814 2771 365 140 577 2961 1815
internal_value=-0.000506494 0.000890951 7.3873e-06 0.00601263 0.00252319 0.00410788 0.0146302 -0.000196704 -0.000538996 0.00638937 0.00197709 0.0023065 0.00133617 0.00240805
internal_weight=51984.5 35946.6 23346.3 774.825 12600.3 5373.2 240.863 22571.5 19878.1 2532.09 533.962 2693.42 7227.13 3908.57
internal_count=51934 32707 22871 347 9836 3892 110 22524 20585 1647 237 1939 5944 2983
is_linear=0
shrinkage=0.0386495


Tree=9
num_leaves=15
num_cat=0
split_feature=7 4 31 0 15 5 42 36 5 22 45 14 5 20
split_gain=150.349 37.3725 18.26 19.1991 13.4906 16.9338 14.1747 12.3256 11.0797 10.7526 9.24772 9.12958 9.17088 7.69169
threshold=1.0000000180025095e-35 -11.511278629302977 115.50000000000001 0.053500000387430198 -12.915790081024168 -46.725141525268548 1.0000000180025095e-35 1.1328400373458865 -59.617231369018548 0.37702733278274542 1.0000000180025095e-35 0.45950554311275488 -18.018637657165524 -89.648506164550767
decision_type=2 2 2 2 2 2 2 2 2 2 2 2 2 2
left_child=-1 2 3 9 6 8 13 -7 -6 -2 -5 -4 -13 -3
right_child=1 4 11 10 5 7 -8 -9 -10 -11 -12 12 -14 -15
leaf_value=-0.32528290785095637 1.6649043224968998 0.91460345130099019 -0.043790732817066615 0.35074229809657254 0.31847819951030709 -0.052464389887222428 1.4402767485588135 1.0282055329558701 0.85304954087783669 0.219928482078556 0.14945245434370527 0.078907064171773025 0.22432741097059197 0.12738027849662023
leaf_weight=16037.920751750469 604.91754537820816 311.14106857776642 1658.7855081558228 2118.0616093277931 218.73067849874496 20541.601040124893 36.808786451816559 618.21481502056122 165.03407311439514 197.28221839666367 2111.1969946026802 3123.4108943939209 1299.5713691115379 2941.8716275691986
leaf_count=19227 467 187 1191 1436 93 20658 13 380 98 85 1597 2813 1066 2623
internal_value=-0.00052974 0.000857334 0.00272006 0.0044468 2.12581e-05 -0.00032847 0.00232789 -0.000477308 0.00768769 0.00996033 0.00338308 0.001281 0.00220228 0.00203021
internal_weight=51984.5 35946.6 11113.2 5031.46 24833.4 21543.6 3289.82 21159.8 383.765 802.2 4229.26 6081.77 4422.98 3253.01
internal_count=51934 32707 8655 3585 24052 21229 2823 21038 191 552 3033 5070 3879 2810
is_linear=0
shrinkage=0.0386495


Tree=10
num_leaves=15
num_cat=0
split_feature=41 3 29 45 16 35 31 29 38 11 31 6 6 6
split_gain=155.736 35.1373 20.0565 18.088 15.6545 11.6328 11.0936 9.82205 18.0455 9.68959 11.6956 8.08297 6.45645 4.11145
threshold=1.0000000180025095e-35 -7.5467195510864249 93.346355438232436 1.0000000180025095e-35 -3.4901629686355586 431.76644897460943 31.500000000000004 214.51734924316409 -0.19391569495201108 0.031595658510923393 28.500000000000004 -17.185951232910153 -6.2488803863525382 26.231637001037601
decision_type=2 2 2 2 2 2 2 2 2 2 2 2 2 2
left_child=1 3 9 7 -4 -6 12 11 -9 10 -3 -1 -5 -11
right_child=-2 2 4 6 5 -7 -8 8 -10 13 -12 -13 -14 -15
leaf_value=0.091832612475285097 -0.31271087208530146 0.53834765555675468 -0.3235155259407258 1.2279454344987411 0.40298907456003158 0.56630121026474056 0.026115841599173437 1.6955514645505896 0.25877950349964174 -0.087576248714452978 0.004686479944352299 0.24535879489761736 0.11845123942761313 0.10406583051300432
leaf_weight=2139.3692339658737 15537.740050554276 1073.4336862564087 738.20509701967239 471.93740206956863 3220.1301545500755 505.56853979825974 4442.3143471479416 552.98222255706787 413.69370406866074 10467.801641225815 8022.4701560139656 2817.5145758986473 310.25126528739929 1076.0187453627586
leaf_count=2100 18709 1068 271 384 1091 197 3588 195 167 12266 9165 1719 247 822
internal_value=-0.00044328 0.000943011 0.000138662 0.00274873 0.00248881 0.00351407 0.00107546 0.00421388 0.00782528 -0.000367005 0.000572127 0.00349503 0.00531831 -0.00111198
internal_weight=51789.4 36251.7 25103.6 11148.1 4463.9 3725.7 5224.5 5923.56 966.676 20639.7 9095.9 4956.88 782.189 11543.8
internal_count=51989 33280 24880 8400 1559 1288 4219 4181 362 23321 10233 3819 631 13088
is_linear=0
shrinkage=0.0386495


Tree=11
num_leaves=15
num_cat=0
split_feature=7 4 24 4 1 5 45 6 10 43 23 9 6 21
split_gain=152.794 34.1827 18.2994 20.5118 15.6443 12.5245 10.5787 11.8938 10.282 9.1539 21.9615 11.9144 8.52682 6.22576
threshold=0.00092546257656067621 -11.511278629302977 29.846838951110843 -21.340188026428219 -9.5234794616699201 -39.727355957031243 1.0000000180025095e-35 -18.041157722473141 0.037614874541759498 0.87837970256805431 1.7820773124694826 0.014608892146497967 10.969792366027834 -680.93545532226551
decision_type=2 2 2 2 2 2 2 2 2 2 2 2 2 2
left_child=-1 2 6 12 9 -6 7 -2 -7 11 -11 -3 -4 -8
right_child=1 4 3 -5 5 8 13 -9 -10 10 -12 -13 -14 -15
leaf_value=-0.30062473975778636 0.036302884769572115 1.3148722240642221 0.87698406429256337 0.25118369019956982 0.40593650525479585 0.032669732169314521 0.71373883469989163 0.21568165163485883 -0.092278946258094185 -0.04847055501105068 1.810988789708206 -0.034570566736457024 0.13520478637955891 -0.018453779623627445
leaf_weight=16384.26623916626 1462.9271491765976 344.94416010379791 1210.3606550693512 3392.2277240157127 591.87009632587433 11894.287458956242 37.472569763660431 1170.481494307518 10280.181420922279 215.85776948928833 228.45520430803299 864.56849497556686 237.34534591436386 3474.1850392818451
leaf_count=19748 1412 271 747 2705 352 12477 10 794 10018 117 45 352 115 2826
internal_value=-0.000490737 0.000936072 0.00272668 0.00450871 0.000128065 -0.000133274 0.00131269 0.00316395 -0.000284081 0.00375646 0.00852785 0.00194466 0.00837842 -6.00869e-05
internal_weight=51789.4 35405.2 10985 4839.93 24420.2 22766.3 6145.07 2633.41 22174.5 1653.83 444.313 1209.51 1447.71 3511.66
internal_count=51989 32241 8609 3567 23632 22847 5042 2206 22495 785 162 623 862 2836
is_linear=0
shrinkage=0.0386495


Tree=12
num_leaves=15
num_cat=0
split_feature=41 3 36 24 45 32 52 54 50 29 2 8 2 27
split_gain=146.708 31.0924 20.7203 21.7684 14.3445 13.5431 10.4789 10.2784 9.75565 9.1946 8.37538 5.03668 4.83763 2.9128
threshold=1.0000000180025095e-35 -7.5467195510864249 1.1328400373458865 1.0000000180025095e-35 1.0000000180025095e-35 45.500000000000007 1.0000000180025095e-35 0.056004460901021964 1.0000000180025095e-35 17.334305763244632 -11.991606712341307 0.055564954876899726 4.530095338821412 -0.0015364564023911951
decision_type=2 2 2 2 2 2 2 2 2 2 2 2 2 2
left_child=1 4 5 -4 8 9 -7 12 10 -3 -1 -9 -6 -5
right_child=-2 2 3 13 7 6 -8 11 -10 -11 -12 -13 -14 -15
leaf_value=0.44083072651150268 -0.2890057309225379 -0.042221077924731801 1.7561317349677079 1.6009002223277364 0.90599865206882635 -0.066892009707484615 0.26743801168499748 0.1429584194071101 0.58028273704746847 0.3880991373183505 0.15817282902197016 -0.1028444480525683 -0.2936419283257295 -0.026266157841997147
leaf_weight=1258.2636070847511 15537.740050554276 1725.8608157038689 222.23126208782196 60.234602689743042 623.94957888126373 17054.330925166607 2936.8347693681717 2673.4232169389725 66.499847710132599 2765.8352227807045 4598.7962816953659 1802.9814315438271 124.14878714084625 338.30042243003845
leaf_count=748 18709 1911 35 59 497 17769 2579 2474 47 2216 3386 1192 56 311
internal_value=-0.000533469 0.000811969 5.52649e-05 0.00701871 0.00251043 -0.000119485 -0.000552615 0.00101843 0.00381578 0.00179473 0.00363246 0.000302907 0.00521039 0.00143101
internal_weight=51789.4 36251.7 25103.6 620.766 11148.1 24482.9 19991.2 5224.5 5923.56 4491.7 5857.06 4476.4 748.098 398.535
internal_count=51989 33280 24880 405 8400 24475 20348 4219 4181 4127 4134 3666 553 370
is_linear=0
shrinkage=0.0386495


Tree=13
num_leaves=15
num_cat=0
split_feature=7 29 31 24 6 45 26 49 6 7 6 14 4 23
split_gain=143.265 29.9661 29.5905 17.1148 16.0123 11.6417 16.1692 5.79798 4.44197 3.84525 3.77105 3.5763 3.50545 1.90172
threshold=1.0000000180025095e-35 15.585730075836183 37.500000000000007 1.0000000180025095e-35 -11.763752937316893 1.0000000180025095e-35 -0.013537499587982891 1.0000000180025095e-35 18.142142295837406 0.12974490225315097 -46.426719665527337 -0.13661725074052808 -4.8771378993988028 0.166292779147625
decision_type=2 2 2 2 2 2 2 2 2 2 2 2 2 2
left_child=-1 8 3 -3 -5 6 -4 -7 10 11 13 -10 -12 -2
right_child=1 2 5 4 -6 7 -8 -9 9 -11 12 -13 -14 -15
leaf_value=-0.27783579147001003 0.56860999397998369 0.82991391914335022 -0.0066893586504823774 0.80232365646874126 0.21207819228995806 -0.057799482022287768 0.23216665487661747 0.13035303977917123 0.27744294182795792 -0.33441098290530413 0.0045169302620379432 0.11881037960448614 -0.13746205534840955 0.19904573610261506
leaf_weight=15920.768589913845 24.432368993759155 140.5679669380188 3892.5245056152344 1968.8114442825317 2620.3039096593857 6764.4247266054153 7070.677384018898 2868.273212492466 146.98845887184143 306.95830237865448 1831.2400086522102 1091.4659213423729 7110.4177641272545 31.576257884502411
leaf_count=19191 35 21 3657 1623 1865 5508 4967 3052 149 213 2067 980 8616 45
internal_value=-0.000585085 0.000767912 0.00148956 0.00424886 0.00382109 0.000852744 0.00171431 -0.00012196 -0.000960022 0.000931604 -0.0012915 0.00191962 -0.00136053 0.00839613
internal_weight=51789.4 35868.7 25325.6 4729.68 4589.12 20595.9 10963.2 9632.7 10543.1 1545.41 8997.67 1238.45 8941.66 56.0086
internal_count=51989 32798 20693 3509 3488 17184 8624 8560 12105 1342 10763 1129 10683 80
is_linear=0
shrinkage=0.0386495


Tree=14
num_leaves=15
num_cat=0
split_feature=7 29 31 24 3 26 4 35 10 24 13 37 22 35
split_gain=138.718 28.0235 24.5622 18.0451 11.2026 11.7447 10.4267 7.48562 3.83625 2.99238 5.87777 3.44707 1.00624 2.03885
threshold=1.0000000180025095e-35 15.585730075836183 37.500000000000007 1.0000000180025095e-35 -7.5467195510864249 -0.028556370176374909 -19.99367523193359 373.79066467285162 0.29635109007358557 25.760653495788578 1.1125696897506716 0.079193346202373519 0.45438431203365331 42.001182556152351
decision_type=2 2 2 2 2 2 2 2 2 2 2 2 2 2
left_child=12 8 3 -3 5 -4 -5 -6 9 10 -2 -11 13 -1
right_child=1 2 4 6 7 -7 -8 -9 -10 11 -12 -13 -14 -15
leaf_value=0.27066227315644176 0.7414721907810603 0.79783812535874188 -0.015723623038113345 0.65994707961011267 -0.021951814625727904 0.21264156149198618 0.30865758152278089 0.26876670121215318 -0.21284153257533892 -0.10795023668138554 -0.17563353126902864 0.018143951149574022 -0.26709756507374188 -0.26709756507374188
leaf_weight=150.37545841932297 77.656401038169861 140.5679669380188 2297.0794095993042 965.03587990999222 10563.514661312103 6276.9134204983711 3624.0794740319252 1458.3923373222351 978.61881792545319 6109.6919623613358 92.324039101600647 3284.7878618240356 14844.79276406765 925.60036742687225
leaf_count=143 43 21 1742 597 9779 4679 2891 984 1158 7054 128 3722 18331 717
internal_value=-0.000633941 0.000697372 0.00139531 0.00390969 0.000814769 0.00188214 0.00347153 4.85173e-05 -0.000973607 -0.000729584 0.00426903 -0.000827086 -0.00363667 -0.0023336
internal_weight=51789.4 35868.7 25325.6 4729.68 20595.9 8573.99 4589.12 12021.9 10543.1 9564.46 169.98 9394.48 15920.8 1075.98
internal_count=51989 32798 20693 3509 17184 6421 3488 10763 12105 10947 171 10776 19191 860
is_linear=0
shrinkage=0.0386495


Tree=15
num_leaves=15
num_cat=0
split_feature=7 3 32 5 35 33 36 1 24 6 10 23 11 11
split_gain=124.185 23.2937 13.8559 13.1362 12.4936 13.8565 8.37663 8.0893 9.73449 7.66185 7.43678 6.76243 6.15204 11.0812
threshold=0.00092546257656067621 -5.0845525264739981 82.500000000000014 -36.032098770141594 431.76644897460943 899.95001220703136 1.1328400373458865 -9.5234794616699201 34.618242263793952 -2.1844512224197383 0.034972732886672027 1.7820773124694826 0.47420547902584081 0.30036422610282904
decision_type=2 2 2 2 2 2 2 2 2 2 2 2 2 2
left_child=-1 2 7 4 9 -6 10 8 -2 -3 -5 -8 13 -4
right_child=1 3 12 6 5 -7 11 -9 -10 -11 -12 -13 -14 -15
leaf_value=-0.25677436622136002 0.073428455617483748 -0.17457974537038198 0.05496013424594369 0.0067970833633389871 0.79603593444375342 0.22768274989955592 0.16613241271213353 0.23535134074203293 1.1735074803527259 0.64614585560830062 -0.1026875900804726 0.74803738935102237 -0.13496749632318508 0.31484361469166794
leaf_weight=16479.754965364933 291.27205741405487 549.35481160879135 7482.8228778243065 9787.6106671690941 88.865302383899689 217.36419558525085 369.39476639032364 4302.7320967316628 682.02647638320923 229.59968197345734 10058.484261035919 204.82656598091125 866.02697151899338 426.42429554462433
leaf_count=19745 139 350 6497 10462 43 129 317 3367 405 133 9330 34 633 317
internal_value=-0.000813293 0.000470695 0.00169507 -0.000326676 0.00380634 0.0104169 -0.000549504 0.00326321 0.00648126 0.00111329 -0.000685316 0.00402986 0.000745106 0.00108885
internal_weight=52036.6 35556.8 14051.3 21505.5 1085.18 306.229 20420.3 5276.03 973.299 778.954 19846.1 574.221 8775.27 7909.25
internal_count=51901 32156 11358 20798 655 172 20143 3911 544 483 19792 351 7447 6814
is_linear=0
shrinkage=0.0386495


Tree=16
num_leaves=15
num_cat=0
split_feature=7 29 31 24 35 16 3 10 44 27 20 35 26 2
split_gain=122.396 21.7985 21.1524 13.9471 13.8196 12.012 10.2175 8.83979 6.38776 5.97822 5.86238 5.05223 6.08363 4.89777
threshold=0.00092546257656067621 43.162210464477546 13.500000000000002 29.846838951110843 373.79066467285162 2.370430707931519 -9.6753931045532209 0.037614874541759498 0.81174489855766307 -0.0015364564023911951 21.370870590209964 13.478477478027346 -1.0000000180025095e-35 -11.991606712341307
decision_type=2 2 2 2 2 2 2 2 2 2 2 2 2 2
left_child=11 6 5 10 -5 8 13 9 -3 -8 -4 12 -1 -2
right_child=1 2 3 4 -6 -7 7 -9 -10 -11 -12 -13 -14 -15
leaf_value=-0.2468501542879207 0.14440877991122017 0.72624006768559757 0.057392772067553575 0.21497853648184512 0.52866411362637933 -0.24037381418701878 0.21846423719839655 -0.091673498096366032 2.0404926963396699 -0.021931922848625413 -0.3323659386165862 -0.2468501542879207 0.60338515168819984 0.044713884760443821
leaf_weight=53.549704551696777 503.52974963188171 856.29092669487 3465.1128394603729 6119.4370247125626 642.48645770549774 268.85190850496292 1339.5934369564056 8091.0474046468735 109.98938053846359 9907.0742858052254 1370.4246319532394 16385.373612880707 40.831647932529449 2882.9669809341431
leaf_count=80 365 405 2165 3300 414 145 1392 9512 65 11170 460 19649 16 2763
internal_value=-0.000827078 0.000447612 0.00172155 0.00120273 0.00233708 0.00653642 -0.00026933 -0.000614521 0.0085471 8.1515e-05 -0.000371861 -0.00358059 0.00500851 0.00168388
internal_weight=52036.6 35556.8 12832.6 11597.5 6761.92 1235.13 22724.2 19337.7 966.28 11246.7 4835.54 16479.8 94.3814 3386.5
internal_count=51901 32156 6954 6339 3714 615 25202 22074 470 12562 2625 19745 96 3128
is_linear=0
shrinkage=0.0386495


Tree=17
num_leaves=15
num_cat=0
split_feature=7 4 24 31 31 29 2 2 8 29 34 31 26 29
split_gain=118.737 24.4761 16.5348 14.0263 11.6071 12.0214 11.362 10.3188 9.21812 10.8582 6.37466 9.03566 7.5776 5.36503
threshold=1.0000000180025095e-35 -14.09677743911743 28.574430465698246 109.50000000000001 17.500000000000004 25.927951812744144 0.34281797707080847 -5.5546789169311515 0.050299979746341712 93.346355438232436 339.62196350097662 1860.5000000000002 -0.015193406958132981 156.2136154174805
decision_type=2 2 2 2 2 2 2 2 2 2 2 2 2 2
left_child=-1 2 10 7 5 -3 -7 -4 9 -6 12 -12 -2 -5
right_child=1 4 3 13 8 6 -8 -9 -10 -11 11 -13 -14 -15
leaf_value=-0.23730950861130515 -0.046942661933200187 -0.053599763881303608 0.72667447374567784 0.21443167061835519 -0.022162258923160941 0.9036830687289763 0.13793888098638185 0.3281961168646621 -0.095175622826630793 0.28515189956304032 0.70094576035140221 -0.10228688683872907 0.10759432107476063 -0.2113695362966406
leaf_weight=16015.578789293766 2682.0570419430733 1047.431047141552 1278.964165866375 925.1845822930336 15168.195723056793 776.32431584596634 489.04974323511124 1163.2234953641891 7796.3543284535408 1805.0760533213615 367.36903846263885 282.30922257900238 1795.5685469508171 443.873899102211
leaf_count=19195 2002 1086 798 856 16592 499 268 816 6879 760 211 179 1607 153
internal_value=-0.000860749 0.000368875 0.00212288 0.00405334 -0.000208008 0.00240533 0.00494264 0.00581207 -0.000454537 4.75134e-05 0.000675604 0.00425035 0.00014232 0.000869869
internal_weight=52036.6 36021 8938.55 3811.25 27082.4 2312.81 1265.37 2442.19 24769.6 16973.3 5127.3 649.678 4477.63 1369.06
internal_count=51901 32706 6622 2623 26084 1853 767 1614 24231 17352 3999 390 3609 1009
is_linear=0
shrinkage=0.0386495


Tree=18
num_leaves=15
num_cat=0
split_feature=41 4 24 15 31 21 34 32 5 8 34 10 29 29
split_gain=116.761 18.8003 14.2583 11.5213 11.031 10.1617 9.25893 8.21003 10.3408 9.17628 5.65975 9.8952 5.9338 5.27863
threshold=1.0000000180025095e-35 -14.09677743911743 28.574430465698246 -17.41688251495361 109.50000000000001 457.33378601074224 287.97561645507818 87.500000000000014 -39.727355957031243 0.034467576071619994 339.62196350097662 0.047951003536582 31.407063484191898 156.2136154174805
decision_type=2 2 2 2 2 2 2 2 2 2 2 2 2 2
left_child=1 2 10 6 5 -4 -3 9 -9 -5 12 -12 -1 -6
right_child=-2 3 4 7 13 -7 -8 8 -10 -11 11 -13 -14 -15
leaf_value=0.097105776591876872 -0.22813760453093973 0.10672985931139965 0.49622267646783785 0.1902555253147174 0.20614398452346103 2.1286392239705796 0.60541441640936822 0.30879426754943939 -0.077635874379631625 -0.052788170907415125 -0.041152121191684078 0.6870191399345168 -0.045128349497732041 -0.20397748620732645
leaf_weight=901.39654719829559 15613.836901307106 2250.9221076965332 2339.4890032410622 4662.4492350816727 927.51268285512924 112.78560566902161 275.29401022195816 390.06919348239899 15488.232355713844 4250.1212872266769 366.16555577516556 319.52197659015656 3690.4404215812683 448.32310926914215
leaf_count=913 18725 1769 1570 4242 859 46 194 253 15863 4121 256 160 2773 157
internal_value=-0.000885411 0.000311852 0.00183316 -0.000193223 0.00363083 0.00518841 0.00228849 -0.000448614 -0.000976738 0.000485776 0.000517347 0.00378779 1.4924e-05 0.000809026
internal_weight=52036.6 36422.7 9105.63 27317.1 3828.11 2452.27 2526.22 24790.9 15878.3 8912.57 5277.52 685.688 4591.84 1375.84
internal_count=51901 33176 6734 26442 2632 1616 1963 24479 16116 8363 4102 416 3686 1016
is_linear=0
shrinkage=0.0386495


Tree=19
num_leaves=15
num_cat=0
split_feature=7 22 31 23 23 24 12 52 6 35 23 11 33 29
split_gain=114.664 18.6257 18.5406 11.3302 9.65616 12.476 8.42363 7.83983 5.75606 10.5425 5.15562 4.38682 4.23062 4.22609
threshold=1.0000000180025095e-35 0.44019903242588049 13.500000000000002 0.55222120881080639 0.18621053546667102 37.77959060668946 -0.46561808884143824 1.0000000180025095e-35 26.231637001037601 121.68557739257814 0.1179218962788582 0.060416663065552718 34.016666412353523 156.2136154174805
decision_type=2 2 2 2 2 2 2 2 2 2 2 2 2 2
left_child=10 2 3 11 -4 -6 -5 8 -3 -10 12 -2 -1 -9
right_child=1 7 4 6 5 -7 -8 13 9 -11 -12 -13 -14 -15
leaf_value=0.58188320621932632 0.46316035246037029 -0.13615919001505505 -0.025164596105527702 1.0529137736432554 0.028422907255434154 0.23526521585543181 0.14166637639686816 0.13333849822804045 -0.10834039259159929 0.473026705667144 -0.21932019035260861 -0.10306471417235362 -0.21702652301956643 2.4558360651846853
leaf_weight=53.549703121185303 347.25249350070953 8728.6763554215431 5887.583282828331 563.6800365447998 10561.046304285526 6156.2649248242378 249.27134382724762 1875.2180383205414 935.21749728918076 300.62269926071167 15819.167447447777 346.09493625164032 142.86163872480392 70.053291261196136
leaf_count=44 354 9040 6652 259 8318 4771 86 1950 586 264 18942 394 209 32
internal_value=-0.000905472 0.000302832 0.00092171 0.00507629 0.000641877 0.00111724 0.00818103 -0.000945156 -0.00138608 0.00105225 -0.00362641 0.00133953 0.00240132 0.00128277
internal_weight=52036.6 36021 24111.2 1506.3 22604.9 16717.3 812.951 11909.8 9964.52 1235.84 16015.6 693.347 196.411 1945.27
internal_count=51901 32706 20834 1093 19741 13089 345 11872 9890 850 19195 748 253 1982
is_linear=0
shrinkage=0.0386495


Tree=20
num_leaves=15
num_cat=0
split_feature=7 3 29 12 32 7 33 26 13 13 13 33 51 5
split_gain=115.731 15.6183 10.9488 14.675 12.7015 8.15901 8.97378 7.75414 9.22173 9.59788 6.09872 4.89535 4.59741 4.5171
threshold=1.0000000180025095e-35 -12.633945941925047 93.346355438232436 -0.46561808884143824 368.50000000000006 0.016843819990754131 410.76666259765631 -0.033477639779448502 0.99998766183853161 0.79129183292388927 2.0935496091842656 19.916666030883793 1.0000000180025095e-35 -21.968830108642575
decision_type=2 2 2 2 2 2 2 2 2 2 2 2 2 2
left_child=-1 7 5 4 -4 6 -3 10 9 -9 11 -2 -10 -5
right_child=1 2 3 13 -6 -7 -8 8 12 -11 -12 -13 -14 -15
leaf_value=-0.21084356520356565 0.87976867339768239 0.080901636314482411 0.38497250841752023 0.48972793320355745 0.47618284610059886 -0.072633532281149632 -0.087093868430379376 0.10851526116738204 0.39497275517113489 0.73388788911161107 0.63429064911705035 -0.096810628314325187 0.024377569130331313 -0.1043289303724759
leaf_weight=15885.562387287617 129.1516906619072 10170.418210327625 1697.4943543076515 389.94545668363571 394.83954834938049 10420.86439794302 3902.1263829469681 562.65727514028549 1284.4480143785477 1167.574548304081 112.51488292217255 1306.4866758584976 1813.6579064130783 2307.755423605442
leaf_count=19106 70 11041 597 157 209 11225 4699 262 836 788 60 777 1306 780
internal_value=-0.000900498 0.000320365 -5.51946e-05 0.00163204 0.00406103 -0.00038763 0.000215906 0.00205365 0.00281775 0.00509113 -0.00029256 -0.00101194 0.00152695 -0.000232028
internal_weight=51545.5 35659.9 29283.4 4790.03 2092.33 24493.4 14072.5 6376.49 4828.34 1730.23 1548.15 1435.64 3098.11 2697.7
internal_count=51913 32807 28708 1743 806 26965 15740 4099 3192 1050 907 847 2142 937
is_linear=0
shrinkage=0.0386495


Tree=21
num_leaves=15
num_cat=0
split_feature=7 4 5 32 0 36 6 11 10 1 35 10 52 24
split_gain=113.052 15.2698 10.0445 8.84406 9.22364 7.62268 7.61386 8.05388 7.50828 7.15819 5.96358 5.95405 6.2095 5.19092
threshold=1.0000000180025095e-35 -6.4870450496673575 -39.727355957031243 92.500000000000014 0.053500000387430198 1.1328400373458865 -1.0000000180025095e-35 0.24125786870718005 0.037614874541759498 -2.0830620527267452 129.36710357666018 0.29635109007358557 1.0000000180025095e-35 1.0000000180025095e-35
decision_type=2 2 2 2 2 2 2 2 2 2 2 2 2 2
left_child=-1 3 6 4 9 8 -3 -8 -4 -2 -6 12 -5 -7
right_child=1 2 5 11 10 13 7 -9 -10 -11 -12 -13 -14 -15
leaf_value=-0.20269455774353654 1.0538590672591501 0.18313460275729612 0.00079511450079631021 0.015196419957521252 0.13482104677617895 0.6127728266930883 1.5060573828173116 -0.22474074618153056 -0.11888021657456034 0.3857446420955018 -0.80802595388939735 -0.12135756451037706 0.37567070146687209 0.15379694014448203
leaf_weight=15885.562387287617 439.45068222284317 347.65647053718567 9722.8194963932037 6784.1171840429306 5151.2701062560081 227.58623218536377 99.977177560329437 49.999660849571228 8973.7029948830605 469.71995735168457 159.91632598638535 1198.5530817508698 1690.0337738990784 345.13162392377853
leaf_count=19106 284 205 10307 6773 4152 34 56 37 7991 344 137 1018 1166 303
internal_value=-0.000932478 0.00027414 -0.000440863 0.00116701 0.00230585 -0.000583783 0.00495742 0.0122372 -0.000721088 0.00592452 0.0016735 0.000428324 0.000794028 0.00378459
internal_weight=51545.5 35659.9 19766.9 15893.1 6220.36 19269.2 497.633 149.977 18696.5 909.171 5311.19 9672.7 8474.15 572.718
internal_count=51913 32807 18933 13874 4917 18635 298 93 18298 628 4289 8957 7939 337
is_linear=0
shrinkage=0.0386495


Tree=22
num_leaves=15
num_cat=0
split_feature=7 4 32 36 27 54 13 16 54 31 5 8 23 39
split_gain=113.649 14.2424 9.31388 9.54385 8.81438 8.22513 8.07942 10.7939 12.3407 8.25231 7.77956 6.25037 5.70033 12.0581
threshold=1.0000000180025095e-35 -15.661496162414549 82.500000000000014 1.4963011741638186 0.001164322311524302 0.71093791723251354 1.1313657164573672 -2.9858310222625728 0.19417710602283481 1365.5000000000002 -39.727355957031243 0.034467576071619994 0.2835236936807633 -18.263828277587887
decision_type=2 2 2 2 2 2 2 2 2 2 2 2 2 2
left_child=-1 6 4 10 11 -5 7 8 -2 -9 -4 -3 13 -8
right_child=1 2 3 5 -6 -7 12 9 -10 -11 -12 -13 -14 -15
leaf_value=-0.19486050569853033 2.0433019924316818 0.32440740565048437 0.35372738037537188 0.53973196563987547 -0.085319348027536629 -0.1259042416034365 0.16324877382250133 0.099496608485120305 0.060096259068205336 0.42480684480207009 -0.057426262252240838 0.01258528458668982 -0.0032289273330813029 0.2108693354095541
leaf_weight=15885.562387287617 316.46353137493134 3626.6310669183731 515.53478229045868 104.82577896118164 3373.950176179409 109.07763266563416 33.655257165431976 3108.9385967254639 203.42563945055008 221.85761362314224 17425.175683915615 2803.4857249259949 3438.8954328298569 378.01785081624985
leaf_count=19106 197 3281 310 25 3251 36 11 2414 187 136 17773 2488 2287 411
internal_value=-0.000923693 0.000286113 -0.000117363 -0.000637555 0.00083992 0.00741607 0.00175807 0.00301242 0.00822258 0.00217735 -0.000737624 0.00168199 0.000487725 0.00477477
internal_weight=51545.5 35659.9 27958.7 18154.6 9804.07 213.903 7701.25 3850.69 519.889 3330.8 17940.7 6430.12 3850.57 411.673
internal_count=51913 32807 27164 18144 9020 61 5643 2934 384 2550 18083 5769 2709 422
is_linear=0
shrinkage=0.0386495


Tree=23
num_leaves=15
num_cat=0
split_feature=7 52 16 13 6 27 33 2 1 33 32 6 31 15
split_gain=112.755 13.4336 12.9351 17.73 21.9801 11.2331 9.42183 8.70248 8.38712 7.40749 6.30802 9.03235 5.96306 5.11439
threshold=1.0000000180025095e-35 1.0000000180025095e-35 -2.1759622097015376 0.97004190087318432 1.0000000180025095e-35 -0.00034901147591881449 410.76666259765631 -13.934353828430174 -2.26311182975769 899.95001220703136 671.50000000000011 -1.0000000180025095e-35 40.500000000000007 -44.506008148193352
decision_type=2 2 2 2 2 2 2 2 2 2 2 2 2 2
left_child=-1 5 3 4 -3 6 7 -2 12 -5 -4 -12 -7 -10
right_child=1 2 10 9 -6 8 -8 -9 13 -11 11 -13 -14 -15
leaf_value=-0.18732923618566058 0.47813790321191485 2.28839658309934 -0.044068059068164397 0.50233383813788612 -0.10104365969619433 0.37293738522653502 -0.057594154742416991 0.050926461031311085 1.3772873274712469 -0.28385434305293084 0.43850334652599077 -0.084940910022527044 -0.0088704715743517393 -0.105916373163019
leaf_weight=15885.562387287617 828.12655091285706 464.9600909948349 2990.6936739087105 2223.4841930270195 221.91521263122559 911.04790598154068 2496.4686850309372 10042.514535725117 78.326540648937225 544.43563675880432 219.6602481007576 182.46215504407883 3181.2571936249733 11274.582145452499
leaf_count=19106 475 328 2526 1848 189 593 2338 9072 43 346 153 123 2895 11878
internal_value=-0.000932792 0.000272235 0.00181114 0.00347562 0.0090501 -9.15921e-05 0.000726395 0.00122097 -0.000803277 0.00206581 9.81219e-05 0.00464458 0.000687238 -0.00134568
internal_weight=51545.5 35659.9 6847.61 3454.8 686.875 28812.3 13367.1 10870.6 15445.2 2767.92 3392.82 402.122 4092.31 11352.9
internal_count=51913 32807 5513 2711 517 27294 11885 9547 15409 2194 2802 276 3488 11921
is_linear=0
shrinkage=0.0386495


Tree=24
num_leaves=15
num_cat=0
split_feature=7 52 16 13 38 1 31 5 3 5 49 32 54 23
split_gain=110.359 12.6521 11.7329 16.1156 20.1239 9.12045 7.77813 12.9111 7.02398 8.72614 6.79192 5.95815 8.00424 4.60643
threshold=1.0000000180025095e-35 1.0000000180025095e-35 -2.1759622097015376 0.97004190087318432 -0.96543118357658375 -5.559335231781005 43.500000000000007 -26.385399818420407 -12.633945941925047 -16.666198730468746 1.0000000180025095e-35 671.50000000000011 2.5577375888824467 0.97029951214790355
decision_type=2 2 2 2 2 2 2 2 2 2 2 2 2 2
left_child=-1 5 3 4 -3 6 7 -2 9 -7 -5 13 -13 -4
right_child=1 2 11 10 -6 8 -8 -9 -10 -11 -12 12 -14 -15
leaf_value=-0.18008904679840254 1.6230898766934256 2.7816560988091372 0.03053458719371132 0.13296356262277639 0.99488514204960399 -0.038855802906800067 0.050746428220521098 0.23336561879424583 -0.040547562508817733 0.15672766024987633 0.5774872746777866 0.43258039601940135 -0.081657982659925576 -0.38884128452809047
leaf_weight=15885.562387287617 231.06316077709198 132.68196672201157 2421.8878039121628 2117.9195984601974 554.19333690404892 1567.3590193986893 2624.1465882062912 964.23549526929855 21894.688045620918 1530.8312481045723 650.00023132562637 232.67987412214279 169.44252902269363 568.8058699965477
leaf_count=19106 135 67 2373 1486 450 1334 1764 578 22643 840 708 170 106 153
internal_value=-0.000960124 0.000232003 0.00172563 0.0033109 0.00862666 -0.000121059 0.00163454 0.00422171 -0.00039178 0.00132404 0.00196556 9.33211e-05 0.00451234 -0.000484098
internal_weight=51545.5 35659.9 6847.61 3454.8 686.875 28812.3 3819.45 1195.3 24992.9 3098.19 2767.92 3392.82 402.122 2990.69
internal_count=51913 32807 5513 2711 517 27294 2477 713 24817 2174 2194 2802 276 2526
is_linear=0
shrinkage=0.0386495


Tree=25
num_leaves=15
num_cat=0
split_feature=41 22 33 45 6 0 37 51 6 35 8 6 4 32
split_gain=115.037 13.3364 16.9702 9.46689 10.2528 8.14046 6.50512 6.36792 6.49025 13.8373 4.66502 4.05602 4.03956 3.2831
threshold=1.0000000180025095e-35 0.44019903242588049 9.1833333969116229 1.0000000180025095e-35 -15.621288776397703 39.055500030517585 -0.75974860787391651 1.0000000180025095e-35 42.04253005981446 121.68557739257814 0.010889176744967701 -12.498471736907957 -4.8771378993988028 824.50000000000011
decision_type=2 2 2 2 2 2 2 2 2 2 2 2 2 2
left_child=1 2 5 4 -4 6 -1 10 12 -10 13 -5 -9 -3
right_child=-2 7 3 11 -6 -7 -8 8 9 -11 -12 -13 -14 -15
leaf_value=1.1896377767971955 -0.17312868742289669 0.42496338843135661 0.012834265976435496 0.050252441099643379 0.17382107994658336 -0.27409199484759617 0.93802003648087839 0.17713687422298968 -0.15594957332142229 0.68055483550150941 -0.027267892105356878 -0.055516982787999762 -0.1397038389167545 -0.20871311832342912
leaf_weight=120.17234760522842 15499.083071768284 1166.9750911593437 5239.844817340374 5049.2352961301804 6952.9842806458473 121.58700144290924 469.31303477287292 686.13882124423981 535.2850416302681 147.06657034158707 1638.8591793179512 6365.3308733701706 7763.1000978350639 151.56628596782684
leaf_count=59 18591 1217 5223 5219 4867 112 256 558 265 134 1820 5460 7954 182
internal_value=-0.000868442 0.000317293 0.000839931 0.000659711 0.0014089 0.00672324 0.00861609 -0.000729225 -0.00123652 0.00235121 0.000817326 -0.000135592 -0.0015336 0.00253466
internal_weight=51906.5 36407.5 24318.5 23607.4 12192.8 711.072 589.485 12089 9131.59 682.352 2957.4 11414.6 8449.24 1318.54
internal_count=51917 33326 21196 20769 10090 427 315 12130 8911 399 3219 10679 8512 1399
is_linear=0
shrinkage=0.0386495


Tree=26
num_leaves=15
num_cat=0
split_feature=41 51 33 29 8 13 10 32 5 37 22 39 34 8
split_gain=112.242 13.7464 10.4867 9.05362 8.71655 10.3998 14.9738 8.72593 14.5989 8.18539 7.25099 5.74766 7.28411 4.52992
threshold=1.0000000180025095e-35 1.0000000180025095e-35 96.450000762939467 22.37139987945557 0.011678970418870451 1.4434174299240115 0.037614874541759498 824.50000000000011 -46.725141525268548 -0.75974860787391651 1.0000000180025095e-35 -4.0617067813873282 339.62196350097662 0.0017673699767328801
decision_type=2 2 2 2 2 2 2 2 2 2 2 2 2 2
left_child=1 4 3 13 5 6 -1 10 -9 -5 -6 -4 -13 -3
right_child=-2 2 11 9 7 -7 -8 8 -10 -11 -12 12 -14 -15
leaf_value=0.42163420923653705 -0.16643734275704403 0.59039045862335027 0.03867100594075118 1.198675546991391 0.25641407138918676 0.066281591534583378 2.3004370262675313 0.45696833778253615 0.065466249191729164 0.16805213294611587 -0.044700389651742965 -0.08655370294078818 0.31228315783012695 -0.055513694225393699
leaf_weight=1952.8686662316322 15499.083071768284 75.91782557964325 3598.3227481842041 431.47339707612991 312.10184758901596 1625.8835852146149 232.54532319307327 318.63041180372238 759.12977534532547 6118.0500407218933 4164.0074170231819 12282.552759885788 658.53267055749893 3877.44227039814
leaf_count=2033 18591 59 3272 282 226 1644 105 110 643 3755 3509 12875 491 4322
internal_value=-0.000902572 0.000268634 -0.000171417 0.000780839 0.00154525 0.00297169 0.00471581 0.000555223 0.00367649 0.00166482 -0.000184678 -0.000779646 -0.00116103 -0.000669092
internal_weight=51906.5 36407.5 27042.3 10502.9 9365.17 3811.3 2185.41 5553.87 1077.76 6549.52 4476.11 16539.4 12941.1 3953.36
internal_count=51917 33326 25056 8418 8270 3782 2138 4488 753 4037 3735 16638 13366 4381
is_linear=0
shrinkage=0.0386495


Tree=27
num_leaves=15
num_cat=0
split_feature=10 22 33 0 0 31 6 23 26 52 5 34 13 0
split_gain=104.305 14.9856 16.4882 7.75866 7.64973 9.33483 5.95935 8.317 5.88782 5.27477 4.95475 4.61275 4.14627 3.90154
threshold=1.0000000180025095e-35 0.44019903242588049 9.1833333969116229 39.055500030517585 7.0520000457763681 99.500000000000014 32.211282730102546 0.17635337263345721 0.00028447271324694162 1.0000000180025095e-35 -46.725141525268548 287.97561645507818 2.181377768516541 0.040500000119209296
decision_type=2 2 2 2 2 2 2 2 2 2 2 2 2 2
left_child=-1 2 3 8 5 -4 9 12 -2 10 -3 -9 -8 -11
right_child=1 6 4 -5 -6 -7 7 11 -10 13 -12 -13 -14 -15
leaf_value=-0.1600046155052301 0.11713727971839775 0.89828525623334754 0.19295415256674139 -0.26999360263505062 -0.09062691804364191 0.0035365427867422869 0.13959490752818055 -0.12321348134162022 1.7507184387311798 -0.1600046155052301 -0.12735364867942522 0.41822393593836388 0.52734805878785407 0.21491750529617082
leaf_weight=14294.40310716629 401.84058958292007 101.67433828115463 8452.748036980629 121.58700144290924 1352.2303221821785 13890.168306529522 59.831257224082947 937.13840442895889 187.64479279518127 550.25327825546265 9744.1428210735321 148.94565832614899 121.25661963224411 1542.6772766709328
leaf_count=17680 247 66 6839 112 1402 12641 50 581 68 653 9765 119 115 1579
internal_value=-0.000923952 0.000142691 0.000711484 0.00650949 0.00053451 0.000707396 -0.000904072 0.00159497 0.00835839 -0.0011744 -0.0015505 0.000254832 0.00922528 0.000567025
internal_weight=51906.5 37612.1 24406.2 711.072 23695.1 22342.9 13205.9 1267.17 589.485 11938.7 9845.82 1086.08 181.088 2092.93
internal_count=51917 34237 21309 427 20882 19480 12928 865 315 12063 9831 700 165 2232
is_linear=0
shrinkage=0.0386495


Tree=28
num_leaves=15
num_cat=0
split_feature=41 51 16 0 38 33 24 2 6 35 35 12 12 35
split_gain=110.017 10.5363 12.3097 11.094 9.33196 8.63908 9.04315 9.11436 8.9779 9.99266 8.42414 6.02976 5.37063 11.6186
threshold=1.0000000180025095e-35 1.0000000180025095e-35 -2.1078494787216182 0.030499999411404136 -1.0107515454292295 96.450000762939467 1.0000000180025095e-35 -5.1535551548004142 42.04253005981446 243.22550201416018 31.878933906555179 -0.39440616965293879 -2.6435432434082027 79.547363281250014
decision_type=2 2 2 2 2 2 2 2 2 2 2 2 2 2
left_child=1 2 3 10 -5 6 -3 -8 11 -10 -1 -7 13 -4
right_child=-2 5 12 4 -6 8 7 -9 9 -11 -12 -13 -14 -15
leaf_value=1.8721214035973979 -0.15382051022256546 0.53934256036946071 0.49385084031498866 1.6666770494546579 0.44931251975913178 -0.01905254917007394 0.256650888490214 -0.016293180797801649 0.083528245946796198 0.61730255781172871 -0.26922122647203878 -0.12706630866352281 -0.0027171989239755654 -0.17053917604806987
leaf_weight=63.206443965435028 15499.083071768284 144.58419477939606 44.847876131534576 438.40898072719574 3003.0146437287331 10882.476969897747 2941.9448932409286 7416.3544457554817 485.74962389469147 158.06078153848648 738.80518954992294 5013.120803296566 5005.8997747898102 70.98411750793457
leaf_count=49 18591 27 31 324 2325 11323 1913 6478 280 116 628 4919 4872 41
internal_value=-0.000930037 0.000229478 0.00134724 0.00288646 0.003844 -0.000155549 0.000708503 0.000567564 -0.000707764 0.00374243 -0.00114954 -0.000892103 6.00319e-05 0.00822341
internal_weight=51906.5 36407.5 9365.17 4243.44 3441.42 27042.3 10502.9 10358.3 16539.4 643.81 802.012 15895.6 5121.73 115.832
internal_count=51917 33326 8270 3326 2649 25056 8418 8391 16638 396 677 16242 4944 72
is_linear=0
shrinkage=0.0386495


Tree=29
num_leaves=15
num_cat=0
split_feature=41 31 16 4 16 27 6 35 12 13 15 35 38 21
split_gain=107.896 9.921 10.1485 8.50902 7.02355 12.2928 5.83225 8.06718 5.43722 8.93786 5.3725 4.53 4.22047 8.09298
threshold=1.0000000180025095e-35 51.500000000000007 -3.0683608055114742 -4.0185499191284171 2.370430707931519 -0.12603783607482907 32.211282730102546 121.68557739257814 -0.42981591820716852 0.97004190087318432 -44.506008148193352 15.046401977539064 -0.46917618811130518 457.33378601074224
decision_type=2 2 2 2 2 2 2 2 2 2 2 2 2 2
left_child=1 2 8 12 5 -4 10 -8 9 -1 -5 -10 13 -3
right_child=-2 3 4 6 -6 -7 7 -9 11 -11 -12 -13 -14 -15
leaf_value=1.7997647667265211 -0.14787541778353863 -0.041318898752435086 1.1490851560717839 0.5999050016825962 -0.12834576564309363 0.10130343328206304 -0.27647173087962829 0.3951632852811478 0.84867889100773009 0.68620369683579463 -0.09338193457630202 -0.16676722482276818 0.063976981598602239 0.97247422462766908
leaf_weight=121.42134076356888 15499.083071768284 5918.0102205872536 228.90559774637222 290.07698994874954 988.80554556846619 6530.0722191333771 427.18079960346222 407.17883265018463 83.374220430850983 471.45671635866165 11770.512053191662 297.53015846014023 8551.0436719655991 321.89037239551544
leaf_count=82 18591 5839 73 131 717 5589 285 335 67 348 11903 248 7607 102
internal_value=-0.000956495 0.000191756 0.00132907 -0.000164494 0.000851986 0.00130253 -0.000891646 0.00220678 0.00505596 0.00738699 -0.00111113 0.00125669 0.000465563 -0.00029145
internal_weight=51906.5 36407.5 8721.57 27685.9 7747.78 6758.98 12894.9 834.36 973.782 592.878 12060.6 380.904 14790.9 6239.9
internal_count=51917 33326 7124 26202 6379 5662 12654 620 745 430 12034 315 13548 5941
is_linear=0
shrinkage=0.0386495


Tree=30
num_leaves=15
num_cat=0
split_feature=41 12 23 6 26 45 11 34 6 34 13 34 11 6
split_gain=99.7082 9.14879 11.1221 10.7278 8.52224 8.60807 6.85919 5.07549 3.46824 6.29747 5.64471 4.93107 2.79168 3.12281
threshold=1.0000000180025095e-35 -0.35729466378688807 0.18621053546667102 32.211282730102546 -0.033477639779448502 1.0000000180025095e-35 0.30036422610282904 339.62196350097662 26.231637001037601 287.97561645507818 2.3774472475051884 339.62196350097662 0.017310046590864662 -29.500235557556149
decision_type=2 2 2 2 2 2 2 2 2 2 2 2 2 2
left_child=1 2 3 -1 7 -6 -5 -4 12 10 -10 -11 -3 -14
right_child=-2 8 4 6 5 -7 -8 -9 9 11 -12 -13 13 -15
leaf_value=-0.063758551185653004 -0.14216010045094876 -0.002968283723296427 -0.043040747372954928 0.82067829895944955 0.21386937970204981 0.03681348629821736 -0.016712796597790812 0.305500808691482 -0.083512936995814357 5.731966210982673 0.33888768399616492 0.015515209287530352 0.056050939065425742 -0.11751670409084387
leaf_weight=6266.0090352296829 15744.820889592171 2784.174987077713 4202.9680783748627 65.05977076292038 7042.3600828051567 6065.2937905788422 44.163731336593628 363.88311618566513 1392.5732446908951 50.324851274490356 165.24184721708298 156.53594493865967 899.64489477872849 7029.0645791292191
leaf_count=7382 18764 3139 3689 53 5300 5292 37 179 895 36 153 136 687 6312
internal_value=-0.0010796 2.71172e-05 0.000469226 -0.000909803 0.000969971 0.00147192 0.0109408 -0.000458035 -0.000820313 0.000747354 -6.06937e-05 0.00705244 -0.00108405 -0.00145379
internal_weight=52272.1 36527.3 24049.7 6375.23 17674.5 13107.7 109.224 4566.85 12477.6 1764.68 1557.82 206.861 10712.9 7928.71
internal_count=52054 33290 21932 7472 14460 10592 90 3868 11358 1220 1048 172 10138 6999
is_linear=0
shrinkage=0.0386495


Tree=31
num_leaves=15
num_cat=0
split_feature=41 12 26 28 19 13 34 27 34 6 13 19 10 6
split_gain=97.2519 8.73149 7.63043 7.80601 10.2125 9.18746 7.59188 16.2236 3.76436 2.53122 4.7046 4.70061 3.02081 2.83632
threshold=1.0000000180025095e-35 -0.35729466378688807 -0.028556370176374909 12.501627922058107 -0.15847888588905332 0.99998766183853161 339.62196350097662 -0.00034901147591881449 42.605682373046882 7.6977941989898691 2.2739024162292485 0.072548571974039092 0.0054932038765400657 -29.500235557556149
decision_type=2 2 2 2 2 2 2 2 2 2 2 2 2 2
left_child=1 2 6 4 -4 -5 8 -8 -1 13 12 -12 -11 -3
right_child=-2 9 3 5 -6 -7 7 -9 -10 10 11 -13 -14 -15
leaf_value=-0.011164444229342943 -0.136665677521917 0.05002451020639663 0.34010418346512339 1.1716157604594779 0.0067709296059973436 0.21294037056301934 -0.14094516548821842 0.48491323265833264 -0.11573297904581328 0.25251937250812145 0.22209849635822354 -0.11737744755245241 -0.069124708216561512 -0.11117511505236349
leaf_weight=3569.5330908894539 15744.820889592171 1067.2495977282524 2720.0636336803436 432.03714209794998 12991.673754632473 1377.8347214460373 261.5168519616127 170.15012556314468 2526.9282850027084 319.59839779138565 356.36090683937073 176.24915331602097 2936.6544538736343 7621.4478395581245
leaf_count=3791 18764 906 1887 288 12698 867 122 102 2177 292 320 118 2391 7331
internal_value=-0.00111147 -1.53228e-05 0.00041347 0.000835185 0.000553642 0.003244 -0.000709451 0.00420515 -0.00106821 -0.000846375 0 0.00334765 -0.000564 -0.00120985
internal_weight=52272.1 36527.3 24049.7 17521.6 15711.7 1809.87 6528.13 431.667 6096.46 12477.6 3788.86 532.61 3256.25 8688.7
internal_count=52054 33290 21932 15740 14585 1155 6192 224 5968 11358 3121 438 2683 8237
is_linear=0
shrinkage=0.0386495


Tree=32
num_leaves=15
num_cat=0
split_feature=41 52 7 38 13 35 27 33 34 11 12 2 5 29
split_gain=95.6353 9.77532 7.761 8.25187 23.0392 5.97142 5.88861 6.84191 5.48791 5.59627 5.27765 3.97075 2.76903 2.33965
threshold=1.0000000180025095e-35 1.0000000180025095e-35 0.026859865523874763 -0.96543118357658375 1.0000125765800478 12.184689521789553 0.00038721339660696691 410.76666259765631 339.62196350097662 0.16572337597608569 -0.50559738278388966 -6.903559446334838 -4.6245298385620108 156.2136154174805
decision_type=2 2 2 2 2 2 2 2 2 2 2 2 2 2
left_child=1 6 3 4 -3 -5 7 10 11 -10 -1 -8 -9 -4
right_child=-2 2 13 5 -6 -7 8 12 9 -11 -12 -13 -14 -15
leaf_value=0.062619117802837992 -0.1313836115286732 2.3924547645328653 0.03276535493863874 0.73485082972810745 0.13665389468743414 0.14185728668465361 0.13760751662475346 -0.099198369179392828 0.023139298405360262 0.28979502542316554 -0.053170380624145766 -0.096511563858973609 -0.0018511225143992306 -0.46430930879287907
leaf_weight=10588.173781216145 15744.820889592171 218.1209744811058 1010.1546827554703 282.57376652956009 605.56529974937439 4053.9610642790794 773.21689558029175 2636.1536462903023 316.97853165864944 115.22543257474899 5110.6088671088219 8702.2153716087341 1415.1425241827965 699.20711636543274
leaf_count=9742 18764 140 938 318 570 3480 557 2781 376 86 3011 10014 1069 208
internal_value=-0.00113263 -4.56037e-05 0.00126608 0.00201725 0.00558119 0.00132468 -0.000351446 3.14541e-05 -0.00112043 0.00308959 0.000399785 -0.00131919 -0.00138102 -0.000967386
internal_weight=52272.1 36527.3 6869.58 5160.22 823.686 4336.53 29657.7 19750.1 9907.64 432.204 15698.8 9475.43 4051.3 1709.36
internal_count=52054 33290 5654 4508 710 3798 27636 16603 11033 462 12753 10571 3850 1146
is_linear=0
shrinkage=0.0386495


Tree=33
num_leaves=15
num_cat=0
split_feature=41 52 10 29 38 32 2 45 6 38 32 15 16 22
split_gain=93.8613 8.55312 9.86051 10.2318 18.8318 5.63417 7.62846 4.86826 7.37493 4.62694 4.24089 8.84808 4.09972 3.011
threshold=1.0000000180025095e-35 1.0000000180025095e-35 0.068467777222394957 40.851377487182624 -0.92504617571830738 49.500000000000007 -10.72192335128784 1.0000000180025095e-35 26.231637001037601 -1.2395569086074827 429.50000000000006 -0.72934088110923756 2.370430707931519 0.30271793901920324
decision_type=2 2 2 2 2 2 2 2 2 2 2 2 2 2
left_child=1 5 3 -3 -5 6 9 8 -7 -1 -4 -12 -8 -9
right_child=-2 2 10 4 -6 7 12 13 -10 -11 11 -13 -14 -15
leaf_value=1.4182022717161646 -0.12630569497267566 0.058967973163145032 -0.16858773769686497 1.9704036418121027 0.34092977717842671 -0.015201800063774048 0.072002820919076269 -0.033498111017582793 0.2288241193239626 0.32735844374428053 0.62751870975480517 -0.15434088307249891 -0.10080196394093846 -0.13304262572395645
leaf_weight=69.129715800285339 15744.820889592171 2731.3794037699699 1613.6179243326187 347.0987793803215 1860.0724202990532 12958.959567725658 4129.9678692221642 5066.8205691576004 642.79968649148941 802.28466820716858 97.178065836429596 220.23631054162979 841.78805792331696 5145.9649156928062
leaf_count=33 18764 3005 897 239 1300 11592 3595 5527 492 484 66 147 630 5283
internal_value=-0.00114457 -6.76444e-05 0.00115904 0.00207868 0.00403803 -0.000353795 0.000716892 -0.000618972 -0.000135304 0.00405029 -0.00116263 0.00283475 0.000119588 -0.00125731
internal_weight=52272.1 36527.3 6869.58 4938.55 2207.17 29657.7 5843.17 23814.5 13601.8 871.414 1931.03 317.414 4971.76 10212.8
internal_count=52054 33290 5654 4544 1539 27636 4742 22894 12084 517 1110 213 4225 10810
is_linear=0
shrinkage=0.0386495


Tree=34
num_leaves=15
num_cat=0
split_feature=7 52 16 0 35 29 33 27 5 14 33 6 21 19
split_gain=93.2744 9.62953 8.68713 12.0788 16.6115 6.32763 6.21866 5.83266 5.46423 6.17008 4.7249 5.35747 4.11727 3.64859
threshold=0.00092546257656067621 1.0000000180025095e-35 -2.1759622097015376 0.09549999982118608 138.04471588134768 156.2136154174805 1073.8000488281252 0.00038721339660696691 -46.725141525268548 0.78966093063354503 410.76666259765631 61.726131439208991 -346.07546997070307 0.092391654849052443
decision_type=2 2 2 2 2 2 2 2 2 2 2 2 2 2
left_child=-1 7 3 6 -5 13 -3 10 9 -9 11 -2 -12 -4
right_child=1 2 5 4 -6 -7 -8 8 -10 -11 12 -13 -14 -15
leaf_value=-0.12142403757145138 0.014972614168753753 0.48105269363810566 0.14723215289959063 0.042201845826484841 3.2355743852708625 -0.29758150801270489 -0.29263376687503906 0.5381397549004765 -0.080894117059815224 -0.031671763356350635 1.108272919853492 0.45798936635520832 -0.080818956742278375 -0.16027217302533189
leaf_weight=16508.954460263252 15269.480960488319 2343.242668390274 2104.2464629411697 206.84639286994934 219.34752953052521 761.59540176391602 470.30203515291214 109.0576679110527 9579.5074465870857 185.38431358337402 53.938185274600983 252.97888070344925 3776.34751111269 430.88892740011215
leaf_count=19787 12358 2012 2144 128 96 229 261 71 10795 101 33 120 3540 379
internal_value=-0.00115376 -4.28122e-05 0.00129616 0.00271743 0.00880045 -8.37704e-05 0.00176979 -0.00034432 -0.00110883 0.00401335 4.28184e-05 0.000345716 -0.00116911 0.000826557
internal_weight=52272.1 35763.2 6536.47 3239.74 426.194 3296.73 2813.54 29226.7 9873.95 294.442 19352.7 15522.5 3830.29 2535.14
internal_count=52054 32267 5249 2497 224 2752 2273 27018 10967 172 16051 12478 3573 2523
is_linear=0
shrinkage=0.0386495


Tree=35
num_leaves=15
num_cat=0
split_feature=41 40 16 9 32 6 12 23 15 15 25 28 13 15
split_gain=107.251 7.35853 6.08029 11.5294 6.11015 5.18652 5.99563 10.4133 3.16421 1.49904 0.884126 0.651375 0.608528 0.576417
threshold=1.0000000180025095e-35 -7.802353858947753 2.370430707931519 3.3104048967361455 97.500000000000014 6.2722048759460458 -0.68597000837326039 1.7820773124694826 -1.0000000180025095e-35 -7.8105480670928946 -0.0033700069179758425 11.98710870742798 1.1953297257423403 -29.272994041442868
decision_type=2 2 2 2 2 2 2 2 2 2 2 2 2 2
left_child=1 5 3 4 -3 6 7 -1 -5 -8 12 -7 -2 -4
right_child=10 2 13 8 -6 11 9 -9 -10 -11 -12 -13 -14 -15
leaf_value=0.21358467868621023 -0.11799299894782761 0.070736344807823204 0.28897118472147132 0.67139764945943403 -0.021936221033154932 0.28743921816075113 0.49007942314791664 1.6138609536239896 0.57437596290464299 -0.3387763115873933 -0.11673105399833979 -0.29171784167529613 -0.47528917895626299 -0.12139827365564153
leaf_weight=834.76506745815277 99.272050142288208 12434.664694845676 37.799464702606201 173.02630162239075 20197.592026174068 62.301811516284943 128.64534896612167 225.52160286903381 228.03541141748428 290.95979541540146 15554.044666469097 264.88523441553116 90.224106013774872 1615.6080431938171
leaf_count=560 43 10981 25 42 19741 36 69 38 61 147 18652 121 74 1579
internal_value=-0.00102387 0.000124899 0 0.000114108 3.20747e-05 0.002528 0.00351414 0.00506261 0.00661158 -0.000266572 -0.0036901 -0.00175056 -0.00065955 -0.00228622
internal_weight=52237.3 36493.8 34686.7 33033.3 32632.3 1807.08 1479.89 1060.29 401.062 419.605 15743.5 327.187 189.496 1653.41
internal_count=52169 33400 32429 30825 30722 971 814 598 103 216 18769 157 117 1604
is_linear=0
shrinkage=0.0386495


Tree=36
num_leaves=15
num_cat=0
split_feature=41 27 34 9 11 33 35 31 31 21 33 13 2 5
split_gain=106.623 6.81128 14.4571 14.4216 9.97535 8.93313 7.35172 15.3226 7.24795 6.82381 5.58329 4.97562 2.02929 3.34812
threshold=1.0000000180025095e-35 0.001164322311524302 339.62196350097662 0.084808133542537703 0.30036422610282904 446.78332519531256 121.68557739257814 75.500000000000014 212.50000000000003 -680.93545532226551 51.983333587646491 0.91420355439186107 -24.987223625183102 -5.1804513931274405
decision_type=2 2 2 2 2 2 2 2 2 2 2 2 2 2
left_child=1 5 12 11 -5 6 10 -8 -7 -10 -1 -4 13 -3
right_child=-2 2 3 4 -6 8 7 -9 9 -11 -12 -13 -14 -15
leaf_value=0.22791469141963736 -0.11221945209608999 0.17051770919135106 1.0899292053068499 0.012618019554340528 0.59591842604991896 0.0055998657551212363 1.8877337432730603 0.14987662827586185 0.95992495612716922 -0.076847516070422048 0.0051600786630549792 0.0098697771090073359 -0.089058073126285789 -0.32715539278552513
leaf_weight=5332.830134510994 15743.54082262516 93.846140682697296 64.697206735610962 47.557739496231079 99.252351522445679 88.839642643928528 368.84377807378769 1943.2365190982819 81.438968241214752 5398.5334481596947 13646.34577101469 463.50717282295227 8764.6720173954964 100.20391219854355
leaf_count=4323 18769 34 48 57 60 39 228 1348 50 5087 12101 377 9613 35
internal_value=-0.0010317 0.000113691 -0.000765714 0.00466323 0.0153377 0.000431294 0.000793241 0.00285584 -0.000941923 -0.00113052 0.000538643 0.00154033 -0.00118219 0.0026132
internal_weight=52237.3 36493.8 9633.74 675.014 146.81 26860.1 21291.3 2312.08 5568.81 5479.97 18979.2 528.204 8958.72 194.05
internal_count=52169 33400 10224 542 117 23176 18000 1576 5176 5137 16424 425 9682 69
is_linear=0
shrinkage=0.0386495


Tree=37
num_leaves=15
num_cat=0
split_feature=41 16 0 34 27 32 27 16 16 2 34 37 16 9
split_gain=105.062 6.66033 8.34102 12.5777 16.9498 10.5155 7.38898 4.56667 3.91681 3.48825 5.07132 3.81525 3.18123 3.35386
threshold=1.0000000180025095e-35 -0.7819789946079253 0.36849999427795416 339.62196350097662 3.4839646104956053e-05 87.500000000000014 -0.0035582944983616467 -3.0683608055114742 -3.4901629686355586 -11.991606712341307 92.456760406494155 -0.51075506210327137 2.370430707931519 3.3104048967361455
decision_type=2 2 2 2 2 2 2 2 2 2 2 2 2 2
left_child=1 2 5 6 -5 7 -4 -1 -7 10 11 -3 13 -11
right_child=-2 9 3 4 -6 8 -8 -9 -10 12 -12 -13 -14 -15
leaf_value=0.38726444194776138 -0.10788222154599704 1.437243299619662 0.18222151172900636 -0.27499322311520324 0.63843522254210183 -0.15994600124024172 0.001835865834644177 0.13125392425393026 -0.010722373813478547 -0.029411872067466954 -0.47629390511488284 0.11316416742310201 -0.11743372923338122 0.64060858348286809
leaf_weight=1371.8373873829842 15743.54082262516 91.330266833305359 401.84911757707596 108.7005906701088 88.546426773071289 1310.7004488706589 1020.2042875885963 5966.4615246653557 11906.857463777065 11409.525728940964 312.47575968503952 658.40727454423904 1607.2892969250679 239.61922836303711
leaf_count=1018 18769 57 318 50 35 874 983 4238 10984 12673 128 404 1577 61
internal_value=-0.00105126 8.56937e-05 0.00050662 0.00317922 0.0123278 0.000292975 0.00185402 0.0014675 -0.000354854 -0.000562122 0.0015496 0.00330475 -0.000735911 -0.000506938
internal_weight=52237.3 36493.8 22175.2 1619.3 197.247 20555.9 1422.05 7338.3 13217.6 14318.6 1062.21 749.738 13256.4 11649.1
internal_count=52169 33400 18500 1386 85 17114 1301 5256 11858 14900 589 461 14311 12734
is_linear=0
shrinkage=0.0386495


Tree=38
num_leaves=15
num_cat=0
split_feature=41 16 32 36 11 12 2 33 37 16 21 34 16 6
split_gain=104.07 6.60611 7.34497 9.85872 6.56202 5.46814 4.15147 7.38726 5.86517 4.01405 7.57397 3.49659 2.85068 3.50607
threshold=1.0000000180025095e-35 -0.24654033780097959 87.500000000000014 1.4963011741638186 0.14702904224395755 -0.35729466378688807 -16.98638820648193 187.88333129882815 -0.46528919041156763 -3.0683608055114742 3.6888722181320195 47.61598205566407 2.370430707931519 42.04253005981446
decision_type=2 2 2 2 2 2 2 2 2 2 2 2 2 2
left_child=1 2 9 5 -5 -4 7 8 -3 10 -1 -11 13 -8
right_child=-2 6 3 4 -6 -7 12 -9 -10 11 -12 -13 -14 -15
leaf_value=0.2528355404695346 -0.10371262297497089 2.9538615697144319 0.014931029555679631 0.099795110157257838 1.6760507569529202 -0.088082240659143329 -0.03222051580277905 -0.82968210087703242 0.4830136803984878 0.05643973214044546 0.80334920054422687 0.33860309953479822 -0.11236696054974564 0.1580447179046148
leaf_weight=968.3673831820488 15743.54082262516 56.9044229388237 11445.113129734993 97.731934368610382 104.88864850997925 5226.4263117313385 8507.5007416009903 190.39181131124496 277.76133143901825 6257.3071362376213 423.55114233493805 827.459139585495 1655.514520406723 454.88714921474457
leaf_count=723 18769 28 10716 46 16 4755 9359 55 150 4732 298 635 1609 278
internal_value=-0.00106376 6.77972e-05 0.000413997 -4.90009e-05 0.0083779 -0.000155889 -0.000714558 0.00260623 0.00611213 0.0013423 0.00325604 0.000957322 -0.000884691 -0.000603507
internal_weight=52237.3 36493.8 25350.8 16874.2 202.621 16671.5 11143 525.058 334.666 8476.68 1391.92 7084.77 10617.9 8962.39
internal_count=52169 33400 21921 15533 62 15471 11479 233 178 6388 1021 5367 11246 9637
is_linear=0
shrinkage=0.0386495


Tree=39
num_leaves=15
num_cat=0
split_feature=41 4 36 8 20 16 13 38 54 6 38 4 1 12
split_gain=102.638 6.16737 6.51129 5.70965 5.40955 9.0902 5.23733 4.08712 5.0617 3.70488 3.54474 5.89745 4.62644 3.13169
threshold=1.0000000180025095e-35 -4.0185499191284171 1.1328400373458865 0.034467576071619994 -7.4096944332122794 -2.9858310222625728 1.3841772079467776 0.75904372334480297 0.12479564920067789 -1.0000000180025095e-35 -0.086424477398395524 -25.308958053588864 -5.559335231781005 -0.89605674147605885
decision_type=2 2 2 2 2 2 2 2 2 2 2 2 2 2
left_child=1 4 3 9 5 6 -1 8 -4 -3 12 -12 -6 -7
right_child=-2 2 7 -5 10 13 -8 -9 -10 -11 11 -13 -14 -15
leaf_value=0.96915984145832279 -0.099704177483612183 -0.047403367876891325 -0.014164994375552029 -0.11153219586624312 0.27872650640975311 9.7761431179694977e-05 0.075391335203250337 -0.13082285188769663 1.3364415690490559 0.11549654016835798 -0.098662061924971456 0.071696658224887105 -0.038219817788193965 0.3132413567921335
leaf_weight=544.80956780910492 15743.54082262516 5445.2504459023476 101.75986886024475 7092.110647559166 1051.2691778540611 2399.7325611710548 238.52748507261276 236.77328532934189 251.10450261831284 4184.7534226775169 1209.2854849696159 4822.1813243031502 7451.0981494188309 1465.1488790512085
leaf_count=410 18769 6532 79 5723 648 2138 237 182 62 3674 619 4722 7375 999
internal_value=-0.00108192 4.18121e-05 -0.000485314 -0.000629165 0.000520565 0.00166919 0.00547459 0.00348466 0.00611707 -1.01547e-05 0.000149042 0.00086834 -0.000354486 0.000880487
internal_weight=52237.3 36493.8 17311.8 16722.1 19182.1 4648.22 783.337 589.638 352.864 9630 14533.8 6031.47 8502.37 3864.88
internal_count=52169 33400 16252 15929 17148 3784 647 323 141 10206 13364 5341 8023 3137
is_linear=0
shrinkage=0.0386495


Tree=40
num_leaves=15
num_cat=0
split_feature=41 2 31 24 29 25 34 9 15 8 33 33 16 16
split_gain=94.0078 5.69643 9.30322 9.02717 6.43123 6.33478 4.90328 4.18428 3.67382 6.04988 3.56344 2.70272 2.53735 4.86505
threshold=1.0000000180025095e-35 -5.5546789169311515 89.500000000000014 28.574430465698246 21.608793258666996 -0.014984128065407274 521.22842407226574 0.041858030483126647 -17.41688251495361 0.031307144090533263 43.049999237060554 86.083332061767592 -2.0440818071365352 -1.5970184206962583
decision_type=2 2 2 2 2 2 2 2 2 2 2 2 2 2
left_child=1 2 3 -1 -5 6 -4 8 9 -3 -10 -7 -9 -14
right_child=-2 7 5 4 -6 11 -8 12 10 -11 -12 -13 13 -15
leaf_value=-0.098915081303042482 -0.095850656579023127 0.2124878717496409 0.0094835428279368035 -0.047071187608714829 0.49212688743520666 1.3183991704830478 0.28498725081845777 -0.13208122344886314 0.22972174539864715 0.43905884195097661 -0.025439004805568103 -0.094267184574007207 0.11080652624819133 -0.047365446807904867
leaf_weight=802.55110859870911 15644.845017194748 908.38824766874313 1894.5883094072342 568.82374900579453 2646.8204588294029 88.950262486934662 286.20637905597687 1505.9560442566872 1539.134997189045 78.808456838130951 13300.069018304348 3240.5377870202065 245.17110776901245 9481.053796350956
leaf_count=428 18705 811 1359 584 1733 57 108 384 1459 50 14498 2357 74 9465
internal_value=-0.0011534 -7.95204e-05 0.000731041 0.00214653 0.00306726 -0.000291044 0.00131399 -0.000367129 3.42558e-05 0.00231765 -0.000114036 -0.00135989 -0.000937756 -0.000700463
internal_weight=52231.9 36587.1 9528.48 4018.2 3215.64 5510.28 2180.79 27058.6 15826.4 987.197 14839.2 3329.49 11232.2 9726.22
internal_count=52072 33367 6626 2745 2317 3881 1467 26741 16818 861 15957 2414 9923 9539
is_linear=0
shrinkage=0.0386495


end of trees

feature_importances:
return_60d=36
volume_lag_1d=28
price_log=26
distance_to_resistance=25
volume_mean_30d=24
price_std_7d=22
return_30d=21
price_zscore_30d=21
volume_std_30d=20
return_3d=19
return_14d=19
rsi_missing=18
vol_regime_60_30=17
rsi_14=17
volume_std_60d=17
events_next_30d_major=16
volume_lag_7d=15
price_std_30d=14
bb_width=14
item_type_sticker=14
return_7d=12
price_std_60d=12
macd_signal=12
macd_histogram=12
return_1d=11
price_accel_7d=11
price_lag_1d=10
price_std_14d=10
autocorr_7d=9
volume_log_change_1d=9
volume_zscore_30d=9
bb_pct_b=8
item_volume_vs_market_30d=6
price_std_20d=5
volume_log_change_7d=5
trend_divergence_30_60=4
item_type_skin=4
log_return_7d=3
autocorr_1d=3
macd_line=3
events_next_30d_game_update=3
distance_to_support=2
volume_price_conf_7d=2
log_return_1d=1
volume_price_conf_1d=1
macd_missing=1
dow_sin=1
dow_cos=1
item_type_graffiti=1

parameters:
[boosting: gbdt]
[objective: quantile]
[metric: quantile]
[tree_learner: serial]
[device_type: cpu]
[data_sample_strategy: bagging]
[data: ]
[valid: ]
[num_iterations: 1000]
[learning_rate: 0.0386495]
[num_leaves: 15]
[num_threads: -1]
[seed: 13]
[deterministic: 0]
[force_col_wise: 0]
[force_row_wise: 0]
[histogram_pool_size: -1]
[max_depth: 5]
[min_data_in_leaf: 30]
[min_sum_hessian_in_leaf: 0.001]
[bagging_fraction: 0.7]
[pos_bagging_fraction: 1]
[neg_bagging_fraction: 1]
[bagging_freq: 5]
[bagging_seed: 16376]
[bagging_by_query: 0]
[feature_fraction: 0.75]
[feature_fraction_bynode: 1]
[feature_fraction_seed: 20348]
[extra_trees: 0]
[extra_seed: 30076]
[early_stopping_round: 0]
[early_stopping_min_delta: 0]
[first_metric_only: 0]
[max_delta_step: 0]
[lambda_l1: 1.5]
[lambda_l2: 2]
[linear_lambda: 0]
[min_gain_to_split: 0.1]
[drop_rate: 0.1]
[max_drop: 50]
[skip_drop: 0.5]
[xgboost_dart_mode: 0]
[uniform_drop: 0]
[drop_seed: 24096]
[top_rate: 0.2]
[other_rate: 0.1]
[min_data_per_group: 100]
[max_cat_threshold: 32]
[cat_l2: 10]
[cat_smooth: 10]
[max_cat_to_onehot: 4]
[top_k: 20]
[monotone_constraints: ]
[monotone_constraints_method: basic]
[monotone_penalty: 0]
[feature_contri: ]
[forcedsplits_filename: ]
[refit_decay_rate: 0.9]
[cegb_tradeoff: 1]
[cegb_penalty_split: 0]
[cegb_penalty_feature_lazy: ]
[cegb_penalty_feature_coupled: ]
[path_smooth: 0]
[interaction_constraints: ]
[verbosity: -1]
[saved_feature_importance_type: 0]
[use_quantized_grad: 0]
[num_grad_quant_bins: 4]
[quant_train_renew_leaf: 0]
[stochastic_rounding: 1]
[linear_tree: 0]
[max_bin: 63]
[max_bin_by_feature: ]
[min_data_in_bin: 3]
[bin_construct_sample_cnt: 200000]
[data_random_seed: 81]
[is_enable_sparse: 1]
[enable_bundle: 1]
[use_missing: 1]
[zero_as_missing: 0]
[feature_pre_filter: 0]
[pre_partition: 0]
[two_round: 0]
[header: 0]
[label_column: ]
[weight_column: ]
[group_column: ]
[ignore_column: ]
[categorical_feature: ]
[forcedbins_filename: ]
[precise_float_parser: 0]
[parser_config_file: ]
[objective_seed: 11872]
[num_class: 1]
[is_unbalance: 0]
[scale_pos_weight: 1]
[sigmoid: 1]
[boost_from_average: 1]
[reg_sqrt: 0]
[alpha: 0.9]
[fair_c: 1]
[poisson_max_delta_step: 0.7]
[tweedie_variance_power: 1.5]
[lambdarank_truncation_level: 30]
[lambdarank_norm: 1]
[label_gain: ]
[lambdarank_position_bias_regularization: 0]
[eval_at: ]
[multi_error_top_k: 1]
[auc_mu_weights: ]
[num_machines: 1]
[local_listen_port: 12400]
[time_out: 120]
[machine_list_filename: ]
[machines: ]
[gpu_platform_id: -1]
[gpu_device_id: -1]
[gpu_use_dp: 0]
[num_gpu: 1]

end of parameters

pandas_categorical:[]
