tree
version=v4
num_class=1
num_tree_per_iteration=1
label_index=0
max_feature_idx=19
objective=quantile
feature_names=event_decay_major event_density_30d_major event_density_90d_major event_decay_operation event_density_30d_operation event_density_90d_operation event_decay_case_drop event_density_30d_case_drop event_density_90d_case_drop event_decay_update event_density_30d_update event_density_90d_update event_decay_game_update event_density_30d_game_update event_density_90d_game_update event_decay_major_weighted event_decay_operation_weighted event_decay_case_drop_weighted event_decay_update_weighted event_decay_game_update_weighted
feature_infos=[0.031220927834510803:0.98347145318984985] [0:2] [0:3] [1.5229979055675358e-08:0.95349693298339844] [0:1] [0:1] [0:0.93106275796890259] [0:1] [0:3] none none none [0:0.86687791347503662] [0:2] [0:3] [0:0.98347145318984985] [0:0.95349693298339844] [0:0.93106275796890259] none [0:0.26006338000297546]
tree_sizes=5284

Tree=0
num_leaves=54
num_cat=0
split_feature=0 0 3 0 3 0 5 0 3 0 14 3 3 3 6 14 0 0 3 6 0 6 3 6 6 0 0 3 14 0 3 0 0 3 0 2 13 14 0 3 3 0 0 3 0 14 0 0 0 3 3 0 0
split_gain=184.686 118.64 103.755 143.055 78.5719 113.026 99.9738 79.8643 66.0698 54.6082 54.222 53.0287 51.6518 50.6866 41.9152 37.71 51.7389 35.6889 35.3547 42.9636 85.7448 40.4671 34.8767 33.7294 30.6827 29.2115 23.7991 21.8381 29.6008 20.8953 20.6581 18.5888 16.3166 15.6168 14.6903 19.9328 12.3777 10.089 9.05439 8.68891 8.27127 8.09743 7.17466 5.44486 2.83027 2.64724 1.96815 1.84588 1.7652 1.46304 0.625499 0.140319 0.838372
threshold=0.059310715645551688 0.52643263339996349 5.8196272334498655e-07 0.088481191545724883 5.1154045650037012e-05 0.73469588160514843 1.0000000180025095e-35 0.67595285177230846 0.078289981931447997 0.048559507355093963 1.0000000180025095e-35 0.16772477328777316 0.35932569205760961 0.0054398581851273784 1.0000000180025095e-35 2.5000000000000004 0.088481191545724883 0.62190663814544689 4.300155296732556e-06 0.00053402030607685458 0.46071977913379675 5.5234647788893207e-06 0.0096328733488917368 0.18675945699214938 3.6594201446860103e-07 0.039757162332534797 0.10807117074728013 0.036543922498822219 1.5000000000000002 0.40998613834381109 0.63629209995269786 0.16948933899402621 0.065548479557037367 1.3946797139396952e-07 0.56272441148757946 1.5000000000000002 1.0000000180025095e-35 1.5000000000000002 0.82561069726943981 2.14092125361276e-07 0.0027929162606596951 0.039757162332534797 0.072442274540662779 0.0027929162606596951 0.54427608847618114 2.5000000000000004 0.72255244851112377 0.065548479557037367 0.080061092972755446 0.0017348063993267717 0.52593708038330089 0.92777571082115184 0.91244092583656322
decision_type=2 2 2 2 2 2 2 2 2 2 2 2 2 2 2 2 2 2 2 2 2 2 2 2 2 2 2 2 2 2 2 2 2 2 2 2 2 2 2 2 2 2 2 2 2 2 2 2 2 2 2 2 2
left_child=9 2 15 43 5 44 7 34 27 12 17 -12 25 23 45 24 42 -10 21 20 -20 26 -15 -9 32 -1 -5 37 -29 -21 41 -23 33 -2 40 -36 -34 -8 -7 -18 -6 -14 47 49 -3 -11 -46 -17 -44 -4 -43 52 -40
right_child=1 4 3 18 6 38 8 13 10 14 11 -13 30 22 -16 16 39 -19 19 29 -22 31 -24 -25 -26 -27 -28 28 -30 -31 -32 -33 36 -35 35 -37 -38 -39 51 -41 -42 50 48 -45 46 -47 -48 -49 -50 -51 -52 -53 -54
leaf_value=0 0 0 0.087082417884818894 0 0 0 0 0 0.012269659545100221 -0.23553603357640962 0 0 0 0 0 -0.014101692378248643 0 0 0 0 0 0.11923592807372616 0 0 -0.14066905609766372 -0.24911791600652564 0 0 0 0 0 0 0 0 -0.024641488043930806 0 0 0 0 0 0 0 -0.16268925081703947 0.22038867476022397 -0.22750161406792094 -0.22410608248220409 0 0 0 0.0047792406555019051 0 0 0
leaf_weight=3635.0798570513725 1124.8861070275307 365.05427092313766 1663.2848256826401 3933.040878534317 2604.2750891447067 1337.9957227706909 10810.759712994099 27858.421448886395 1952.1519716382027 1954.7738167643547 9550.4720025658607 18320.636461257935 750.63740670681 8202.6476660370827 277.55513060092926 1087.7105236053467 895.22656762599945 4714.7154859900475 49645.758153498173 3049.069243490696 4865.2409396767616 2074.6572639346123 7136.5375705957413 2256.8423921465874 1923.0579195618629 2420.2055228948593 20573.239447832108 6883.503651201725 5591.7699755430222 15340.391409993172 788.69620078802109 922.35875725746155 12065.204734444618 1724.6102878451347 1991.3162688612938 11965.208936214447 2649.6001700162888 5100.5203855633736 1279.0992039442062 1084.907385468483 1677.9468464255333 769.79480570554733 1066.7607529163361 704.08265203237534 3451.9621599912643 2275.0713648796082 215.00230264663696 1045.7733402848244 1042.3909019231796 1724.7273383140564 795.60201799869537 789.18687206506729 181.05917531251907
leaf_count=3909 912 414 1882 3715 2695 1251 10420 27175 1801 2266 9920 18905 812 8225 293 1211 1021 5084 46091 2967 5213 2106 6902 2225 1831 2345 21969 7617 5746 15638 821 900 11677 1827 2107 11920 3027 5134 1129 1229 1586 816 1226 768 3526 2406 185 1198 1229 1889 848 718 179
internal_value=-0.00860362 -0.00833028 -0.00732673 -0.00667285 -0.00930296 -0.0139122 -0.00902481 -0.00772012 -0.0103439 -0.0138851 -0.00896684 -0.00987172 -0.0117926 -0.00667112 -0.018115 -0.00998056 -0.0131648 -0.00516957 -0.00702039 -0.00756005 -0.00821946 -0.00558647 -0.00448073 -0.00778361 -0.00895866 -0.0143074 -0.00621055 -0.0120159 -0.0135041 -0.00560017 -0.00685649 -0.000452179 -0.00833525 -0.00503771 -0.0103291 -0.0110771 -0.0089673 -0.0108427 -0.00786214 -0.00687318 -0.00786839 -0.00457992 -0.0160782 0.00183161 -0.0192703 -0.0192641 -0.0197392 -0.013971 -0.0181618 0.00102418 -0.00258872 -0.00596608 -0.00533794
internal_weight=278110 264443 130206 104496 134237 7619.36 126618 63693.2 62924.5 13667.4 34538 27871.1 9160.02 45454.4 4507.4 25710.1 6222.77 6666.87 100404 72900.5 54511 27503.3 15339.2 30115.3 19487.4 6055.29 24506.3 28386.6 12475.3 18389.5 3104.73 2997.02 17564.3 2849.5 18238.7 13956.5 14714.8 15911.3 3587.34 1980.13 4282.22 2316.03 4242.64 4092.09 4032.02 4229.85 3666.96 2133.48 2109.15 3388.01 1565.4 2249.35 1460.16
internal_count=278906 264390 129526 103138 134864 7402 127462 62835 64627 14516 35710 28825 9551 44527 4965 26388 7114 6885 98599 69909 51304 28690 15127 29400 19274 6254 25684 28917 13363 18605 3297 3006 17443 2739 18308 14027 14704 15554 3277 2250 4281 2476 4864 4539 4125 4672 3711 2409 2455 3771 1664 2026 1308
is_linear=0
shrinkage=0.046502


end of trees

feature_importances:
event_decay_major=24
event_decay_operation=16
event_decay_case_drop=5
event_density_90d_game_update=5
event_density_90d_major=1
event_density_90d_operation=1
event_density_30d_game_update=1

parameters:
[boosting: gbdt]
[objective: quantile]
[metric: quantile]
[tree_learner: serial]
[device_type: cpu]
[data_sample_strategy: bagging]
[data: ]
[valid: ]
[num_iterations: 1000]
[learning_rate: 0.046502]
[num_leaves: 55]
[num_threads: -1]
[seed: 73]
[deterministic: 0]
[force_col_wise: 0]
[force_row_wise: 0]
[histogram_pool_size: -1]
[max_depth: 7]
[min_data_in_leaf: 15]
[min_sum_hessian_in_leaf: 0.001]
[bagging_fraction: 0.7]
[pos_bagging_fraction: 1]
[neg_bagging_fraction: 1]
[bagging_freq: 5]
[bagging_seed: 5921]
[bagging_by_query: 0]
[feature_fraction: 0.65]
[feature_fraction_bynode: 1]
[feature_fraction_seed: 22355]
[extra_trees: 0]
[extra_seed: 3536]
[early_stopping_round: 0]
[early_stopping_min_delta: 0]
[first_metric_only: 0]
[max_delta_step: 0]
[lambda_l1: 2]
[lambda_l2: 0.5]
[linear_lambda: 0]
[min_gain_to_split: 0.1]
[drop_rate: 0.1]
[max_drop: 50]
[skip_drop: 0.5]
[xgboost_dart_mode: 0]
[uniform_drop: 0]
[drop_seed: 14602]
[top_rate: 0.2]
[other_rate: 0.1]
[min_data_per_group: 100]
[max_cat_threshold: 32]
[cat_l2: 10]
[cat_smooth: 10]
[max_cat_to_onehot: 4]
[top_k: 20]
[monotone_constraints: ]
[monotone_constraints_method: basic]
[monotone_penalty: 0]
[feature_contri: ]
[forcedsplits_filename: ]
[refit_decay_rate: 0.9]
[cegb_tradeoff: 1]
[cegb_penalty_split: 0]
[cegb_penalty_feature_lazy: ]
[cegb_penalty_feature_coupled: ]
[path_smooth: 0]
[interaction_constraints: ]
[verbosity: -1]
[saved_feature_importance_type: 0]
[use_quantized_grad: 0]
[num_grad_quant_bins: 4]
[quant_train_renew_leaf: 0]
[stochastic_rounding: 1]
[linear_tree: 0]
[max_bin: 63]
[max_bin_by_feature: ]
[min_data_in_bin: 3]
[bin_construct_sample_cnt: 200000]
[data_random_seed: 277]
[is_enable_sparse: 1]
[enable_bundle: 1]
[use_missing: 1]
[zero_as_missing: 0]
[feature_pre_filter: 0]
[pre_partition: 0]
[two_round: 0]
[header: 0]
[label_column: ]
[weight_column: ]
[group_column: ]
[ignore_column: ]
[categorical_feature: ]
[forcedbins_filename: ]
[precise_float_parser: 0]
[parser_config_file: ]
[objective_seed: 8155]
[num_class: 1]
[is_unbalance: 0]
[scale_pos_weight: 1]
[sigmoid: 1]
[boost_from_average: 1]
[reg_sqrt: 0]
[alpha: 0.5]
[fair_c: 1]
[poisson_max_delta_step: 0.7]
[tweedie_variance_power: 1.5]
[lambdarank_truncation_level: 30]
[lambdarank_norm: 1]
[label_gain: ]
[lambdarank_position_bias_regularization: 0]
[eval_at: ]
[multi_error_top_k: 1]
[auc_mu_weights: ]
[num_machines: 1]
[local_listen_port: 12400]
[time_out: 120]
[machine_list_filename: ]
[machines: ]
[gpu_platform_id: -1]
[gpu_device_id: -1]
[gpu_use_dp: 0]
[num_gpu: 1]

end of parameters

pandas_categorical:[]
