tree
version=v4
num_class=1
num_tree_per_iteration=1
label_index=0
max_feature_idx=3
objective=quantile
feature_names=price_log price_lag_1d price_lag_3d price_std_7d
feature_infos=[-3.5065579414367676:6.86767578125] [0.029999999329447746:960.7130126953125] [0.029999999999999999:928.88] [0:167.40560913085938]
tree_sizes=2905 4257 3146 3251 4268 3255 3245 3360 3153 3373 3367

Tree=0
num_leaves=27
num_cat=0
split_feature=3 0 0 2 0 3 0 3 0 2 0 2 3 3 2 2 2 3 3 3 0 2 2 3 3 3
split_gain=917.097 157.409 46.8692 34.5522 28.8165 18.4883 20.2043 17.7619 23.3878 16.0646 12.5203 12.3414 11.8958 8.04985 7.84972 10.4304 7.59654 5.02048 3.89461 3.87285 3.16875 1.81897 1.57104 1.39142 1.10283 1.65818
threshold=1.0000000180025095e-35 -1.1417810916900633 -3.498293280601501 0.28225000000000006 -2.4505094289779659 0.002640118589624763 -3.1641684770584102 0.49216526746749883 2.4886081218719487 0.13825000000000004 1.3748541474342348 1.8105000000000002 0.098052706569433226 2.1339553594589238 0.082250000000000018 0.030250000000000003 6.823500000000001 0.00082657829625532042 0.0035615330561995511 0.084958255290985121 -2.5737432241439815 12.771500000000001 2.6635000000000004 0.85696265101432811 0.073867965489625945 0.0080803995952010172
decision_type=2 2 2 2 2 2 2 2 2 2 2 2 2 2 2 2 2 2 2 2 2 2 2 2 2 2
left_child=-1 2 14 18 5 20 -7 10 16 13 12 -11 -5 -6 15 17 -9 -2 -3 -17 -4 -12 -16 -10 25 -20
right_child=1 3 4 7 9 6 -8 8 23 11 21 -13 -14 -15 22 19 -18 -19 24 -21 -22 -23 -24 -25 -26 -27
leaf_value=19.680341733496761 21.444250264553865 20.78278456540745 20.954275691284607 20.621808415316988 20.88589070957449 22.240854198685827 21.278883839767261 20.9111037246136 20.34616095139468 21.103353092587998 20.476038628482353 20.873964036362661 20.927889380850097 21.451194867127988 19.680341733496761 21.444250264553865 21.78136291463472 20.121318866261038 20.000103369623595 19.680341733496761 21.150265453304538 20.255705833288928 21.150265453304538 20.697522801538785 19.532019084106768 20.331927689202555
leaf_weight=83280.714768409729 1024.8635501265526 54.030425548553467 17021.813031792641 47393.35392087698 21788.809871375561 5032.3516376614571 22135.598133146763 2630.0849233269691 1094.6801678538322 27173.706973135471 12851.043806791306 83.869071006774902 7694.1750217676163 83.869071006774902 1223.041780591011 1855.7453745603561 2889.2044560313225 3995.6544429063797 1034.2967176437378 131.66925811767578 1523.9787181615829 2113.0593705177307 46.593928337097168 4477.1935640573502 2425.9417638778687 738.13696509599686
leaf_count=95618 903 7 15738 57042 19000 2977 15183 960 1400 26487 16058 9 7034 9 163 1461 1402 1665 134 15 1473 2728 5 4171 355 226
internal_value=20.5882 20.5899 20.591 20.5885 20.5913 20.5921 20.5929 20.5887 20.5903 20.5906 20.5884 20.5913 20.5887 20.5897 20.5879 20.5884 20.5924 20.5874 20.5846 20.5911 20.591 20.5873 20.5847 20.5883 20.5845 20.5853
internal_weight=271797 188517 103122 85395.2 94844 45713.7 27167.9 81142.8 11091.2 49130.3 70051.6 27257.6 55087.5 21872.7 8277.57 7007.93 5519.29 5020.52 4252.41 1987.41 18545.8 14964.1 1269.64 5571.87 4198.38 1772.43
internal_count=272223 176605 85088 91517 80876 35371 18160 90795 7933 45505 82862 26496 64076 19009 4212 4044 2362 2568 722 1476 17211 18786 168 5571 715 360
is_linear=0
shrinkage=1


Tree=1
num_leaves=39
num_cat=0
split_feature=1 0 2 1 0 2 0 2 2 2 1 0 0 2 0 0 0 0 1 0 1 0 0 2 2 2 2 0 0 0 1 1 1 1 1 1 0 0
split_gain=839.129 160.09 31.5063 21.4168 21.9652 18.4996 14.6688 12.5354 11.0882 10.8352 10.3377 9.75001 7.04943 5.68232 4.78401 4.62411 4.6864 3.3475 11.5921 4.12773 3.44914 2.47718 3.88816 2.41328 2.12493 1.96713 1.49216 1.33483 1.33167 1.2404 1.22835 1.07476 0.901574 1.39922 0.832253 1.29952 0.767796 0.609116
threshold=0.03024999983608723 -1.1417810916900633 0.28225000000000006 0.082250002771615996 -2.8430203199386592 0.030250000000000003 -3.0737084150314327 6.823500000000001 0.03425000000000001 0.055250000000000007 0.051249999552965171 -2.3202432394027706 -2.5102292299270625 10.104500000000002 -3.498293280601501 -3.498293280601501 -3.263633012771606 2.4886081218719487 12.7814998626709 0.52502429485321056 6.8265001773834237 -3.1641684770584102 -3.3740954399108882 0.030250000000000003 0.038250000000000013 0.047250000000000007 2.6635000000000004 -3.498293280601501 -3.498293280601501 0.1503577530384064 0.16525000333786014 0.54550001025199901 0.21625000238418582 0.23725000023841861 18.984000205993656 48.718500137329109 -2.023062944412231 3.1623266935348515
decision_type=2 2 2 2 2 2 2 2 2 2 2 2 2 2 2 2 2 2 2 2 2 2 2 2 2 2 2 2 2 2 2 2 2 2 2 2 2 2
left_child=5 3 29 6 27 15 8 12 23 24 -10 13 -6 -8 26 -1 -17 18 20 -20 -4 22 -16 -2 -7 28 -11 31 -26 32 -29 -5 -3 -34 37 -36 -13 -19
right_child=1 2 17 4 7 9 11 -9 10 14 -12 36 -14 -15 21 16 -18 34 19 -21 -22 -23 -24 -25 25 -27 -28 30 -30 -31 -32 -33 33 -35 35 -37 -38 -39
leaf_value=-0.86785806694585166 0.34216058681634925 -0.95751934466782962 0.05694053551983351 -0.86785806694585166 1.1759238150213187 0.31580501978877557 0.44510755465808083 0.27312822184791652 1.0660913329857244 -0.86785806694585166 2.0138364174005217 -0.61539246049757568 0.40615034648975024 21.11050651980532 -3.0535157179408383 0.7829726687765588 -2.0832136433871669 -0.15115456086479612 0.26035894654033193 1.5483990836825354 0.23948758801822009 -1.1343399645381111 10.705123206776829 0.67127380994790065 0.81826613146285043 -0.21237661285366102 0.53724537812762208 0.0064968341590981313 1.1563583469174095 -0.59874664465125549 -0.45316835182936038 -0.63741719792522689 2.4365085306778118 -0.4308663870377521 0.1609352025741739 -0.1552703992163906 -2.5366627715325434 -3.30075616388811
leaf_weight=85818.809562623501 1558.1003255844116 825.93909096717834 65615.749931395054 929.41468334197998 1619.1234753727913 1480.2065650224686 27187.033388018608 18.637571334838867 10548.411680161953 1694.4025747179985 514.95902818441391 271.76377439498901 49712.453943014145 9.3187856674194318 49.34102475643158 717.43552583456039 502.7313734292984 3094.0310021042824 27.956357002258301 365.49793899059296 7128.335579931736 29.017242431640625 21.440890550613403 2405.6328616738319 141.11096394062042 93.573161244392395 46.593928337097168 339.49719536304474 72.370197057723999 1878.8135094642639 357.98377501964569 214.33207035064697 38.834562659263611 1274.2489139437675 2281.1523015499115 2484.2458630204201 283.15383803844452 145.82625722885132
leaf_count=97373 1242 119 74765 121 888 1136 21736 2 7922 235 293 117 46418 1 9 610 140 3349 3 120 7201 5 5 2099 97 38 5 68 44 237 43 23 14 327 2690 2643 61 24
internal_value=-0.000110196 0.00162335 0.000231633 0.00285831 0.00226746 -0.00357338 0.00359291 0.00243715 0.00470274 -0.00048797 0.0054198 0.00299181 0.00242363 0.0031099 -0.0028618 -0.00370199 -0.00100541 0.000420391 0.000514098 0.00805334 0.00047321 0.00648433 0.0108882 0.00270045 0.0019572 0.00528996 -0.00340096 -0.00246392 0.00761752 -0.00357962 -0.000941609 -0.00339063 -0.0028508 -0.00212996 -0.000435687 -6.48984e-05 -0.00279089 -0.000980878
internal_weight=271797 181130 85160.6 95969.8 53191.4 90667 42778.4 51350.2 15027.1 3628.06 11063.4 27751.3 51331.6 27196.4 1840.8 87039 1220.17 81142.8 73137.5 393.454 72744.1 99.7992 70.7819 3963.73 1787.26 307.054 1741 1841.23 213.481 4017.84 697.481 1143.75 2139.02 1313.08 8005.26 4765.4 554.918 3239.86
internal_count=272223 172526 91492 81034 47563 99697 33471 47308 11556 1574 8215 21915 47306 21737 259 98123 750 90795 82089 123 81966 19 14 3341 1315 179 240 255 141 697 111 144 460 341 8706 5333 178 3373
is_linear=0
shrinkage=0.0440977


Tree=2
num_leaves=28
num_cat=0
split_feature=3 0 0 2 0 3 3 3 0 3 0 3 2 2 2 3 0 3 3 3 2 2 2 2 3 3 0
split_gain=842.718 127.703 35.8587 32.2933 21.219 17.8662 20.7436 15.4064 16.5288 11.4036 10.9245 12.5026 9.08772 8.32863 9.44066 7.97066 7.22604 4.43588 3.8535 3.84158 2.09905 1.8787 1.57843 1.57104 0.898973 1.65818 0.333169
threshold=1.0000000180025095e-35 -1.1417810916900633 -3.498293280601501 0.28225000000000006 -3.0737084150314327 0.002640118589624763 0.020081382244825367 0.85696265101432811 2.4886081218719487 2.1339553594589238 1.3748541474342348 0.098052706569433226 5.8745000000000003 0.082250000000000018 0.030250000000000003 0.00437593529932201 -2.0854616165161128 0.00082657829625532042 0.084958255290985121 0.0035615330561995511 12.771500000000001 48.801500000000011 0.04225000000000001 2.6635000000000004 0.073867965489625945 0.0080803995952010172 3.1623266935348515
decision_type=2 2 2 2 2 2 2 2 2 2 2 2 2 2 2 2 2 2 2 2 2 2 2 2 2 2 2
left_child=-1 2 13 19 5 22 -7 10 12 15 11 -5 -9 14 17 -6 -11 -2 -16 -3 -12 -10 -4 -15 25 -21 -26
right_child=1 3 4 7 9 6 -8 8 21 16 20 -13 -14 23 18 -17 -18 -19 -20 24 -22 -23 -24 -25 26 -27 -28
leaf_value=-0.82958751074503878 0.80317763201092884 0.20496977945562825 0.6668672092437038 0.029581139670996057 0.26024987394775373 1.6611019134456348 0.10291366839235684 0.11979012479859671 0.38394929804808914 0.12048626859616229 -0.080125737124502425 0.34737602601755285 1.2837405823305921 -0.82958751074503878 0.78866449146179274 0.54322039536747335 0.32985306009373738 -0.41821837651210569 -0.84394573535157347 -0.51530195403446055 -0.28175660559724441 -0.12184733818442579 0.28888682174714075 0.51355408548386428 -1.1340197018186766 -0.22882057694071076 -0.64510929954437002
leaf_weight=83280.714768409729 1024.8635501265526 54.030425548553467 6449.2994065284729 47393.35392087698 33114.693384587765 5687.0237973928452 1463.6341661214828 1197.7243171930313 2182.2899529337883 205.01328468322754 13860.776176571846 8598.0003498792648 2486.0288358926773 1223.041780591011 1855.7453745603561 46118.606893777847 121.14421367645264 3995.6544429063797 131.66925811767578 1034.2967176437378 3129.7180667519569 2294.9036111235619 1684.5813605189323 46.593928337097168 2263.8504872322083 738.13696509599686 162.0912766456604
leaf_count=95618 903 7 5752 57042 32152 4109 233 276 1783 22 17053 7339 876 163 1461 37128 13 1665 15 134 4038 2388 1467 5 334 226 21
internal_value=-0.000170672 0.00146137 0.0025058 0.000200121 0.00274873 0.00425364 0.00586165 0.000396451 0.00221343 0.00245957 0.000193245 0.000490447 0.00440089 -0.000277671 0.000317867 0.00242561 0.0106767 -0.000700529 0.00288955 -0.00354538 -0.00078614 0.00041305 0.00283946 -0.00356249 -0.00369637 -0.00293785 -0.00424911
internal_weight=271797 188517 103122 85395.2 94844 15284.5 7150.66 81142.8 8160.95 79559.5 72981.8 55991.4 3683.75 8277.57 7007.93 79233.3 326.157 5020.52 1987.41 4252.41 16990.5 4477.19 8133.88 1269.64 4198.38 1772.43 2425.94
internal_count=272223 176605 85088 91517 80876 11561 4342 90795 5323 69315 85472 64381 1152 4212 4044 69280 35 2568 1476 722 21091 4171 7219 168 715 360 355
is_linear=0
shrinkage=0.0440977


Tree=3
num_leaves=29
num_cat=0
split_feature=3 0 0 1 0 3 0 1 3 0 1 0 3 0 1 1 0 3 3 3 1 1 1 1 1 1 3 1
split_gain=812.086 114.286 32.0085 20.0012 19.1032 15.2161 13.425 10.3782 9.74649 10.3807 9.61694 9.33961 6.8299 6.81624 6.65566 8.66487 3.70572 3.28613 3.14066 2.98528 1.99944 1.73287 0.971545 4.52861 0.509561 1.01615 3.01492 0.221309
threshold=1.0000000180025095e-35 -1.1417810916900633 -3.498293280601501 0.28024999797344213 -2.4505094289779659 0.002640118589624763 -3.1641684770584102 0.12725000083446505 0.85696265101432811 2.4886081218719487 6.8265001773834237 1.3748541474342348 0.098052706569433226 -1.7189747691154478 0.055250000208616264 0.03024999983608723 -2.5737432241439815 0.098052706569433226 0.0070525221526622781 0.010747369378805162 12.7814998626709 48.718500137329109 0.54550001025199901 0.8152500092983247 0.21625000238418582 0.23725000023841861 0.1538973078131676 0.082250002771615996
decision_type=2 2 2 2 2 2 2 2 2 2 2 2 2 2 2 2 2 2 2 2 2 2 2 2 2 2 2 2
left_child=-1 2 14 24 5 16 -7 13 11 10 -10 12 -5 -6 15 19 -4 -17 -9 -2 -13 -11 27 -24 -3 26 -26 -16
right_child=1 3 4 8 7 6 -8 18 9 21 -12 20 -14 -15 22 17 -18 -19 -20 -21 -22 -23 23 -25 25 -27 -28 -29
leaf_value=-0.79300459855849881 0.051363145675776205 -0.79476218782385788 0.29721163225730984 0.026348884430501904 0.26995419890786931 1.4907866024027596 0.60935358023981678 0.30995880401295706 0.062027026821352152 0.32325665345644994 1.1388866504007529 -0.082483090646527799 0.2773886244652683 -0.71668350353870236 -0.8771767767863341 0.76775933508447092 0.49056552704088779 -0.86024362988851188 0.54338420126159204 -0.80581930405245339 -0.25468109729846128 -0.13235128741969709 19.591187898107894 -0.86750683102919302 2.3391545402900902 -1.7787040686443809 -2.5699248288709069 -0.79300459855849881
leaf_weight=83280.714768409729 3077.3661814928055 1931.9475467205048 17021.813031792641 48187.545815885067 17899.590701580048 5032.3516376614571 22135.598133146763 12641.483782231808 1615.7850030660629 2263.2033140659332 2307.2457488775253 14008.149300932884 9243.5359968543053 553.99053680896759 83.760791420936584 1351.1993775367737 1523.9787181615829 100.90648889541626 18035.189965903759 2520.5887416005135 3167.5921157002449 2406.956055521965 55.912714004516602 158.41935634613037 18.036920428276062 209.995649933815 35.207635402679443 929.41468334197998
leaf_count=95618 2539 251 15738 57251 15941 2977 15183 14318 395 1785 788 17083 7440 99 25 1106 1473 11 15147 387 4032 2411 6 17 8 65 8 121
internal_value=-0.000238028 0.00136408 0.00235213 0.000170922 0.00258164 0.00323047 0.00389523 0.00197788 0.000280565 0.00168682 0.00335878 0.000118573 0.000388395 0.00115143 -0.000277671 0.000244243 0.00225651 0.00327841 0.00247498 -0.000543263 -0.000783606 0.00028191 -0.00327299 -0.000572518 -0.00398294 -0.00215034 0.00324716 -0.00384313
internal_weight=271797 188517 103122 85395.2 94844 45713.7 27167.9 49130.3 83200 8593.19 3923.03 74606.8 57431.1 18453.6 8277.57 7050.06 18545.8 1452.11 30676.7 5597.95 17175.7 4670.16 1227.51 214.332 2195.19 263.24 53.2446 1013.18
internal_count=272223 176605 85088 91517 80876 35371 18160 45505 91185 5379 1183 85806 64691 16040 4212 4043 17211 1117 29465 2926 21115 4196 169 23 332 81 16 146
is_linear=0
shrinkage=0.0440977


Tree=4
num_leaves=39
num_cat=0
split_feature=0 0 2 2 2 0 2 2 1 0 0 2 2 1 2 1 2 1 1 0 1 1 2 2 2 2 2 2 2 1 0 1 1 1 0 1 1 0
split_gain=747.781 117.863 31.4454 18.0189 21.3053 16.5876 10.2587 6.61769 7.05495 6.11441 5.9503 16.0098 5.81808 5.34638 5.1668 4.98086 3.27243 3.23771 3.06069 2.69145 7.8707 2.65777 2.21327 2.07518 1.67114 1.54027 1.48201 1.89671 1.36882 1.23979 0.981216 1.26826 3.5413 0.906666 0.898676 0.719664 0.528608 0.372647
threshold=-3.498293280601501 -1.1417810916900633 0.28225000000000006 0.030250000000000003 0.082250000000000018 -2.4505094289779659 0.13825000000000004 0.060250000000000005 0.055250000208616264 -1.9501707553863523 -3.1641684770584102 0.038250000000000013 10.104500000000002 0.034250000491738326 6.823500000000001 0.03024999983608723 0.030250000000000003 0.047249998897314079 0.03824999928474427 2.4886081218719487 12.7814998626709 0.034250000491738326 1.2565000000000002 12.771500000000001 0.04225000000000001 2.6635000000000004 0.047250000000000007 0.03425000000000001 18.903750000000006 0.055250000208616264 -0.66310319304466236 0.21625000238418582 0.23725000023841861 0.055250000208616264 -2.023062944412231 10.123000144958498 12.7814998626709 3.1623266935348515
decision_type=2 2 2 2 2 2 2 2 2 2 2 2 2 2 2 2 2 2 2 2 2 2 2 2 2 2 2 2 2 2 2 2 2 2 2 2 2 2
left_child=3 5 30 15 13 10 7 34 -9 14 11 16 17 26 -8 -1 -2 -12 -17 20 23 -13 -11 -4 33 -6 27 -5 -22 -26 31 -3 -33 -15 -7 37 -37 -21
right_child=1 2 19 4 25 6 9 8 -10 22 12 21 -14 24 -16 18 -18 -19 -20 35 28 -23 -24 -25 29 -27 -28 -29 -30 -31 -32 32 -34 -35 -36 36 -38 -39
leaf_value=-0.75803490914437743 0.25861037276973703 -2.2299763925576204 0.058694187223257623 0.47331174311285518 -0.75746980993578328 -0.88558427039482268 0.6092512117664407 5.5481542315922106 0.25709225657919682 0.3950911384999663 0.34766521147025264 0.61699040918334513 20.14739718778311 1.4549917038357572 0.23463376330459396 0.29292577129633951 0.56860663590004423 0.44251291685188665 -0.71219917277413591 -1.105179932808495 1.3505882434901508 1.3076654837065464 0.094678559623117928 0.31899941462783765 3.3484820064803786 0.52644231329297431 -1.2590382343551676 0.55562688837977436 1.3771419045525848 -0.3964286921889193 -0.52929647900671473 2.2360031740631241 -0.40466177593434249 -0.29558293123083723 -2.483378969701957 0.1878238943117109 -0.097566520934792095 -3.6936109607942593
leaf_weight=85818.809562623501 1589.3146687150002 418.6471061706543 72318.82588660717 1153.6970839500427 2411.7111426591873 306.40440410375595 2136.3665750622749 10.268170833587645 21168.93280673027 25037.301889419556 4933.0038018226624 471.19255542755127 9.3187856674194318 141.03984618186951 9.3187856674194318 584.20285826921463 5208.7392578721046 29211.595768272877 597.4035632610321 227.63202893733978 355.05827844142914 4372.5224893093109 78.547053337097168 425.25962471961975 53.979580163955688 46.593928337097168 147.17124086618423 462.61689871549606 38.396017551422119 14.964068651199339 3079.9751036167145 18.036920428276062 743.46537417173386 13.945914149284361 405.5982780456543 721.37599569559097 6937.3459381461143 118.90146112442017
leaf_count=97373 1302 65 81836 928 317 114 1625 2 18827 24864 3689 232 1 106 1 501 4267 22904 123 68 114 3001 9 130 33 5 54 343 9 9 405 8 245 3 72 658 7964 16
internal_value=-0.000302877 0.00134416 0.000155507 -0.00355117 -0.000812619 0.0024133 0.00185063 0.00113961 0.00128023 0.00242151 0.00301717 0.00387836 0.00272352 0.00258184 0.0046809 -0.00369109 0.0024974 0.00271343 -0.000846714 0.00034941 0.000433434 0.0058156 0.00222831 0.000399742 0.00898538 -0.0035568 0.00176408 0.00215001 0.00664573 0.014679 -0.00353698 -0.00245198 -0.00137707 0.00637478 -0.00303928 -0.000418207 -0.0003291 -0.00238095
internal_weight=271797 180351 85402.9 91446.1 4445.72 94948.4 49152.7 21891.2 21179.2 27261.5 45795.7 11641.8 34153.9 1987.41 2145.69 87000.4 6798.05 34144.6 1181.61 81142.8 73137.5 4843.72 25115.8 72744.1 223.929 2458.31 1763.49 1616.31 393.454 68.9436 4260.12 1180.15 761.502 154.986 712.003 8005.26 7658.72 346.533
internal_count=272223 172428 91518 99795 1798 80910 45514 19015 18829 26499 35396 8802 26594 1476 1626 97997 5569 26593 624 90795 82089 3233 24873 81966 151 322 1325 1271 123 42 723 318 253 109 186 8706 8622 84
is_linear=0
shrinkage=0.0440977


Tree=5
num_leaves=29
num_cat=0
split_feature=3 0 0 0 1 3 3 3 0 3 1 3 1 1 3 3 1 1 1 1 1 3 3 3 0 3 0 1
split_gain=749.069 90.5857 31.2194 20.9176 18.9556 14.1522 10.1368 9.51124 14.7595 6.47628 8.56603 8.9205 6.04395 5.08528 3.60492 4.97879 4.51863 3.03046 2.09615 1.81149 1.27005 1.20949 2.52905 1.14056 0.842244 2.3552 1.36686 0.607895
threshold=1.0000000180025095e-35 -1.1417810916900633 -3.498293280601501 -3.0737084150314327 0.28024999797344213 0.002640118589624763 0.3488419800996781 0.0037882957840338354 -2.7143269777297969 0.85696265101432811 3.2209999561309819 0.084958255290985121 48.718500137329109 4.9005000591278085 0.010747369378805162 0.0037882957840338354 0.03024999983608723 12.7814998626709 0.03824999928474427 0.042249999940395362 0.03024999983608723 0.032071718946099288 0.084958255290985121 2.1339553594589238 -0.79352030158042897 0.018428109586238865 -0.93840873241424549 0.03024999983608723
decision_type=2 2 2 2 2 2 2 2 2 2 2 2 2 2 2 2 2 2 2 2 2 2 2 2 2 2 2 2
left_child=-1 2 14 5 24 20 -7 19 -9 10 11 -6 13 -11 15 18 -17 -12 -2 -5 -4 27 -23 -14 25 26 -3 -16
right_child=1 4 3 7 9 6 -8 8 -10 12 17 -13 23 -15 21 16 -18 -19 -20 -21 -22 22 -24 -25 -26 -27 -28 -29
leaf_value=-0.72460730306740584 0.011462728920135742 -0.23148355139960347 0.37250369459959859 1.6056366165470464 0.032094413723574196 1.3645214030549242 0.99096887077546991 0.80908674775868972 0.45051754338100586 -0.20599341324044643 -0.05101134449230444 0.32919432916682428 -0.30773996085310962 0.71292156581309796 -0.724067123441685 0.24235857888182519 2.0067456836454336 -0.22304795799914393 -0.72463222265027916 0.19475262259896559 0.51176820106932197 0.83254369158768915 -0.48125267575756181 0.025296494818687613 -0.49548262232004731 -1.3570260720254665 0.37223405213642741 -0.99745155558169385
leaf_weight=83401.722646713257 3511.6024022102356 92.623586654663086 942.76031982898712 74.392295062541962 45717.785668671131 6773.7577801942825 242.28842735290527 7467.9605559706688 43810.119761586189 1399.2973389625549 16985.380049526691 8711.9331177473068 514.01022702455521 4992.3917694687843 423.87557309865952 564.829256772995 304.48611491918564 3166.4721339941025 620.17219644784927 27941.634827852249 7299.7859334349632 716.77999830245972 1897.5189652442932 1899.5412127375603 1756.6272833347321 369.42937457561493 54.030425548553467 181.3534539937973
leaf_count=95499 2994 12 813 55 54268 4250 26 4639 37274 284 20530 6832 638 2773 120 362 211 4029 100 27317 6448 114 207 1754 228 102 7 52
internal_value=-0.000261409 0.00127864 0.00216134 0.00238796 0.000219575 0.00388318 0.00533886 0.00210019 0.00245719 0.000327892 0.000194351 0.00048191 0.00145886 0.00216871 -0.000445206 0.000295736 0.00332708 -0.000582326 -0.000342702 0.0014467 0.00264361 -0.00159589 -0.00118379 -0.000421144 -0.00375304 -0.00218025 0.00253573 -0.00337107
internal_weight=271835 188433 102773 94552.7 85659.5 15258.6 7016.05 79294.1 51278.1 83386.8 74581.6 54429.7 8805.24 6391.69 8220.62 5001.09 869.315 20151.9 4131.77 28016 8242.55 3219.53 2614.3 2413.55 2272.71 516.083 146.654 605.229
internal_count=271938 176439 84982 80822 91457 11537 4276 69285 41913 91108 85659 61100 5449 3057 4160 3667 573 24559 3094 27372 7261 493 321 2392 349 121 19 172
is_linear=0
shrinkage=0.0440977


Tree=6
num_leaves=29
num_cat=0
split_feature=3 0 0 1 0 3 3 3 0 3 1 3 0 1 0 3 3 1 1 1 0 1 3 3 0 3 0 1
split_gain=725.148 79.8164 28.5539 18.5163 17.4502 14.2239 11.066 8.23523 13.9157 6.00354 7.90168 8.46682 5.78059 8.45801 4.7193 3.47351 4.45099 4.94687 2.96471 2.09615 1.73747 1.67754 1.20949 2.52905 0.957912 2.49984 1.39449 0.607895
threshold=1.0000000180025095e-35 -1.1417810916900633 -3.498293280601501 0.28024999797344213 -3.0737084150314327 0.3488419800996781 0.084958255290985121 0.0037882957840338354 -2.7143269777297969 0.85696265101432811 3.2209999561309819 0.084958255290985121 2.4886081218719487 6.8265001773834237 -3.263633012771606 0.010747369378805162 0.0037882957840338354 0.03024999983608723 12.7814998626709 0.03824999928474427 -2.4505094289779659 10.123000144958498 0.032071718946099288 0.084958255290985121 -0.79352030158042897 0.044695531949400909 -0.93840873241424549 0.03024999983608723
decision_type=2 2 2 2 2 2 2 2 2 2 2 2 2 2 2 2 2 2 2 2 2 2 2 2 2 2 2 2
left_child=-1 2 15 24 5 6 -4 20 -9 10 11 -5 13 -11 -7 16 19 -18 -12 -2 -6 -14 27 -24 25 26 -3 -17
right_child=1 3 4 9 7 14 -8 8 -10 12 18 -13 21 -15 -16 22 17 -19 -20 -21 -22 -23 23 -25 -26 -27 -28 -29
leaf_value=-0.69265377797873395 0.010957248786850145 -0.30304658094488052 0.88548194237303934 0.030679123469417011 0.21417689267207349 1.1215062819959434 -0.5226261734669978 0.77340787234026964 0.43065074992698965 0.04971298146299262 -0.048761860849037671 0.31467761202699973 -1.7831070567511287 0.81613245811637347 0.82841708875358355 -0.69213741903926584 0.23167111976021207 1.9182527878693287 -0.21321205310040506 -0.69267759866498679 0.16780543517224514 0.17247503375399723 0.79583041858595682 -0.46003053324849125 -0.47363297170752539 -1.651841919124893 0.35581938163359245 -0.9534662228765256
leaf_weight=83401.722646713257 3511.6024022102356 121.81081414222717 14490.321620166302 45717.785668671131 16071.565757989883 55.912714004516602 525.98241329193115 7467.9605559706688 43810.119761586189 1845.9629656672478 16985.380049526691 8711.9331177473068 297.39760673046112 2335.6970825791359 186.37571334838867 423.87557309865952 564.829256772995 304.48611491918564 3166.4721339941025 620.17219644784927 11944.461364924908 4326.18289321661 716.77999830245972 1897.5189652442932 1756.6272833347321 340.24214708805084 54.030425548553467 181.3534539937973
leaf_count=95499 2994 40 11453 54268 14619 6 58 4639 37274 429 20530 6832 74 812 20 120 362 211 4029 100 12753 4134 114 207 228 74 7 52
internal_value=-0.000317416 0.00119784 0.00202641 0.000203723 0.00224314 0.00360883 0.00343719 0.0019803 0.00231249 0.000310778 0.000182203 0.000458386 0.00139968 0.00258756 0.0141884 -0.000466374 0.000260944 0.00312711 -0.000563747 -0.000342702 0.00137222 0.000325013 -0.00159589 -0.00118379 -0.00372259 -0.00204637 0.00221453 -0.00337107
internal_weight=271835 188433 102773 85659.5 94552.7 15258.6 15016.3 79294.1 51278.1 83386.8 74581.6 54429.7 8805.24 4181.66 242.288 8220.62 5001.09 869.315 20151.9 4131.77 28016 4623.58 3219.53 2614.3 2272.71 516.083 175.841 605.229
internal_count=271938 176439 84982 91457 80822 11537 11511 69285 41913 91108 85659 61100 5449 1241 26 4160 3667 573 24559 3094 27372 4208 493 321 349 121 47 172
is_linear=0
shrinkage=0.0440977


Tree=7
num_leaves=30
num_cat=0
split_feature=3 1 1 2 2 3 3 3 3 1 3 3 1 1 3 2 2 1 1 3 1 2 3 3 3 3 3 3 3
split_gain=707.653 56.433 21.4438 14.1155 13.7358 14.1276 11.3967 20.7471 9.20995 9.21948 12.3785 7.09196 7.03485 6.19526 3.59656 3.05112 2.85281 2.59269 2.52858 2.226 2.16033 2.02287 1.94642 1.55637 1.22412 1.21865 1.20788 1.19052 1.15148
threshold=1.0000000180025095e-35 0.331499993801117 0.03024999983608723 0.21825000000000003 0.082250000000000018 0.006135377101600171 0.021855042316019539 0.0046808880288153895 0.49216526746749883 3.2209999561309819 0.098052706569433226 0.3488419800996781 0.088250000029802336 48.718500137329109 0.010747369378805162 0.87850000000000017 0.038250000000000013 0.03824999928474427 1.8115000128746035 0.21899907290935519 12.7814998626709 0.81725000000000003 2.1339553594589238 0.0080803995952010172 0.49216526746749883 0.85696265101432811 0.002640118589624763 0.0033193146809935574 0.084958255290985121
decision_type=2 2 2 2 2 2 2 2 2 2 2 2 2 2 2 2 2 2 2 2 2 2 2 2 2 2 2 2 2
left_child=-1 2 14 18 6 12 7 -4 9 10 -5 -8 -6 15 16 -10 23 -7 24 28 -11 -21 -15 -2 26 -26 -3 -18 -16
right_child=1 3 4 8 5 17 11 -9 13 20 -12 -13 -14 22 19 -17 27 -19 -20 21 -22 -23 -24 -25 25 -27 -28 -29 -30
leaf_value=-0.66210933027759344 -0.065455320891487562 0.20984564486469054 0.34384991210541732 0.035253203434077993 -0.050052575339179714 -0.6655160595660532 -0.14920447084675792 1.1112924637722037 -0.6678191213251059 -0.068252465729244038 0.4500195908370031 0.11817419775870276 0.20867119557936559 -0.30414068154761326 -0.66161574158658576 0.43593965774258792 -0.073943461696482402 0.49697236261505329 -0.60180786154157584 -0.22034682389923535 -0.24968655520134761 -0.68255868637902051 0.08174897018653568 -0.096821219090813315 0.048933607352311517 -1.4733776765769095 -0.30560227206385665 1.0847146525151821 -0.68255868637902051
leaf_weight=83401.722646713257 4134.939985871315 30.874528884887695 28245.908686339855 45263.845651328564 5057.4968217611313 160.53565180301666 2905.4711763858795 10148.415985524654 367.03876984119415 15675.605426549911 6169.8766313195229 1090.9053521156311 21171.031697034836 635.02568185329437 1265.2559407353401 8530.9698582291603 26.935785055160522 28514.261171579361 1075.6185722351074 726.86528205871582 2088.059518456459 149.10057067871094 1799.1989938616753 117.16445112228394 144.01797533035278 49.512100219726562 1680.8140488862991 276.52817273139954 931.56556272506714
leaf_count=95499 3441 4 25432 54313 2512 26 661 7162 56 19462 5185 118 22993 809 269 5411 6 23334 135 78 2695 16 1741 62 17 6 233 159 103
internal_value=-0.000358966 0.0011379 0.00181873 0.000282499 0.00199525 0.0015348 0.00259157 0.00282484 0.000392815 0.00020196 0.000501093 0.000350325 0.000795128 0.0015581 -0.000432659 0.00209734 0.00035374 0.00221132 -0.0026969 -0.00159827 -0.000664143 0.000281153 -0.000413073 5.84695e-05 -0.00173038 0.00158754 -0.00210622 0.00447725 -0.00234746
internal_weight=271835 188433 104922 83510.5 97294 54903.3 42390.7 38394.3 80529.6 69197.4 51433.7 3996.38 26228.5 11332.2 7628.36 8898.01 4555.57 28674.8 2980.84 3072.79 17763.7 875.966 2434.22 4252.1 1905.22 193.53 1711.69 303.464 2196.82
internal_count=271938 176439 86372 90067 82238 48865 33373 32594 89672 81655 59498 779 25505 8017 4134 5467 3668 23360 395 466 22157 94 2550 3503 260 23 237 165 372
is_linear=0
shrinkage=0.0440977


Tree=8
num_leaves=28
num_cat=0
split_feature=3 0 0 1 0 1 3 3 0 3 1 0 1 3 1 1 3 3 1 3 0 1 0 3 0 1 3
split_gain=685.983 65.2135 22.7213 19.5966 16.3416 10.6381 10.607 7.97637 13.0013 5.41582 8.22393 7.92882 10.5025 7.60742 3.10115 3.94418 3.03417 2.07959 1.9733 1.87097 1.60825 1.31112 0.460133 1.22991 0.747693 0.277824 1.64945
threshold=1.0000000180025095e-35 -1.1417810916900633 -3.498293280601501 0.28024999797344213 -3.1641684770584102 0.03824999928474427 0.002640118589624763 0.0037882957840338354 -2.7143269777297969 0.49216526746749883 3.2209999561309819 2.4886081218719487 6.8265001773834237 0.02392896264791489 0.055250000208616264 0.03024999983608723 0.020081382244825367 0.098052706569433226 12.7814998626709 0.85696265101432811 -2.4505094289779659 10.123000144958498 -0.79352030158042897 0.044695531949400909 -0.86393621563911427 0.59250000119209301 0.18138061463832858
decision_type=2 2 2 2 2 2 2 2 2 2 2 2 2 2 2 2 2 2 2 2 2 2 2 2 2 2 2
left_child=-1 2 14 22 5 16 -7 20 -9 10 13 12 -11 -5 15 19 -4 -17 -12 -2 -6 -13 23 24 -3 26 -16
right_child=1 3 4 9 7 6 -8 8 -10 11 18 21 -14 -15 25 17 -18 -19 -20 -21 -22 -23 -24 -25 -26 -27 -28
leaf_value=-0.63291182287336467 -0.21013907789591446 -0.070162745525415307 0.62176838267222811 -0.016400828189419226 0.21089912642992098 0.520557004490663 1.7031093202711465 0.74847179835457622 0.39214341485027077 0.04097590521366723 -0.071535978111557166 -1.7237000550542994 0.67516084239681518 0.14638376484300855 -0.65992489640999985 0.81703290327109912 -0.23156874557654969 -0.18179918432957051 -0.24026651271712718 0.024558152600821972 0.15610188439031977 0.031622845630438205 -0.45053963660685076 -1.6009148125502473 0.34233576468017252 -0.75989637979124525 18.813652464781978
leaf_weight=83401.722646713257 5392.0269367694855 144.96671080589294 6805.0015919208527 25289.027479171753 18258.534350514412 1807.0766266584396 2625.3523961305618 8871.7528011798859 43810.119761586189 3156.5022765398026 15845.415335416794 297.39760673046112 2988.6405727267265 28241.379096329212 971.93911969661713 1310.0438570380211 430.40100836753845 91.587703227996826 2095.778150677681 279.56357002258301 11944.461364924908 5472.6710005402565 1756.6272833347321 340.24214708805084 30.874528884887695 139.7817850112915 35.674989223480225
leaf_count=95499 2901 43 5711 30787 16517 1587 1468 5439 37274 1042 19484 74 1430 30048 144 1056 73 10 2696 30 12753 5547 228 74 4 15 4
internal_value=-0.000408256 0.00106552 0.00181446 0.000166926 0.00200779 0.00355294 0.00525417 0.00179024 0.0021178 0.000277061 0.000131948 0.00114741 0.00224956 0.000405799 -0.000409199 -6.40971e-05 0.00251018 0.00202975 -0.000685106 -0.000581821 0.00121884 -2.65664e-05 -0.00387229 -0.00270463 0.000289785 -0.0025347 -0.00227484
internal_weight=271835 188433 102773 85659.5 94552.7 11667.8 4432.43 82884.9 52681.9 83386.8 71471.6 11915.2 6145.14 53530.4 8220.62 7073.22 7235.4 1401.63 17941.2 5671.59 30203 5770.07 2272.71 516.083 175.841 1147.4 1007.61
internal_count=271938 176439 84982 91457 80822 8839 3055 71983 42713 91108 83015 8093 2472 60835 4160 3997 5784 1066 22180 2931 29270 5621 349 121 47 163 148
is_linear=0
shrinkage=0.0440977


Tree=9
num_leaves=30
num_cat=0
split_feature=3 1 1 2 2 3 3 3 3 1 3 2 3 1 3 3 2 3 1 1 3 2 3 1 3 3 3 3 2
split_gain=671.565 43.7044 17.5717 13.9257 10.8033 11.5928 18.0799 11.1169 8.20849 8.0095 9.57574 5.29995 5.16171 4.95748 3.65215 3.04884 3.04355 2.64341 2.52858 2.36969 2.226 2.02287 1.9498 1.85484 1.22412 1.21865 1.20788 1.15148 0.854924
threshold=1.0000000180025095e-35 0.331499993801117 0.03024999983608723 0.21825000000000003 0.082250000000000018 0.021855042316019539 0.0046808880288153895 0.006135377101600171 0.3488419800996781 3.2209999561309819 0.084958255290985121 0.088250000000000009 0.3488419800996781 48.718500137329109 0.010747369378805162 2.1339553594589238 0.03425000000000001 0.0050071375444531449 1.8115000128746035 0.03824999928474427 0.21899907290935519 0.81725000000000003 2.1339553594589238 8.1449999809265154 0.49216526746749883 0.85696265101432811 0.002640118589624763 0.084958255290985121 0.030250000000000003
decision_type=2 2 2 2 2 2 2 2 2 2 2 2 2 2 2 2 2 2 2 2 2 2 2 2 2 2 2 2 2
left_child=-1 2 14 18 5 6 -4 11 9 10 -5 -6 -7 15 16 -10 28 -18 24 -9 27 -22 -15 -11 26 -26 -3 -16 -2
right_child=1 3 4 8 7 12 -8 19 13 23 -12 -13 -14 22 20 -17 17 -19 -20 -21 21 -23 -24 -25 25 -27 -28 -29 -30
leaf_value=-0.6050018587790339 -0.053302238113171301 0.20131517080413333 0.30684927842004955 0.028482280451257079 -0.050106292075086677 -0.17119911771582608 1.0385032782457719 -0.62595667104423491 0.24136440968780026 -0.058553016861417423 0.37444447999310809 0.19454614604457296 0.079957091109935499 -0.31787012551272559 -0.62317334750970255 0.59951068601052948 0.1659895537905271 -0.057289430915422164 -0.58672883386142105 0.45776438999083946 -0.19308367184374642 -0.64319275632751649 0.076749532359010886 -0.20470410125592114 0.00016453851843815744 -1.4102120339666864 -0.31359973360112403 -0.64319275632751649 0.16961946346481516
leaf_weight=83401.722646713257 2841.0845502018929 30.874528884887695 28245.908686339855 44050.315974473953 5258.2519105672836 2905.4711763858795 10148.415985524654 160.53565180301666 8640.322253704071 11738.777754604816 6719.2042452692986 20970.276608228683 1090.9053521156311 674.39070618152618 1265.2559407353401 2894.5452901721001 372.25538617372513 253.32156133651733 1075.6185722351074 28514.261171579361 726.86528205871582 149.10057067871094 1799.1989938616753 4012.8653131723404 144.01797533035278 49.512100219726562 1680.8140488862991 931.56556272506714 1088.9068970680237
leaf_count=95499 2372 4 25432 52986 2464 661 7162 26 7176 14602 6159 23041 118 860 269 971 255 127 135 23334 78 16 1741 5177 17 6 233 103 914
internal_value=-0.000443025 0.00101518 0.00161432 0.000262398 0.00177412 0.00230296 0.00253823 0.00136576 0.000371969 0.000167653 0.000437178 0.00070962 4.25947e-05 0.00134211 -0.000423685 0.00172625 0.000368765 0.00322304 -0.0026969 0.00196588 -0.00159827 0.000281153 -0.000449142 -0.000701034 -0.00173038 0.00158754 -0.00210622 -0.00234746 -8.62838e-05
internal_weight=271835 188433 104922 83510.5 97294 42390.7 38394.3 54903.3 80529.6 66521.2 50769.5 26228.5 3996.38 14008.5 7628.36 11534.9 4555.57 625.577 2980.84 28674.8 3072.79 875.966 2473.59 15751.6 1905.22 193.53 1711.69 2196.82 3929.99
internal_count=271938 176439 86372 90067 82238 33373 32594 48865 89672 78924 59145 25505 779 10748 4134 8147 3668 382 395 23360 466 94 2601 19779 260 23 237 372 3286
is_linear=0
shrinkage=0.0440977


Tree=10
num_leaves=30
num_cat=0
split_feature=3 1 2 3 2 3 3 3 1 3 2 1 1 2 2 3 3 3 1 3 2 1 3 3 3 3 1 1 2
split_gain=610.876 33.3841 21.1581 11.4238 8.71078 10.2098 9.53126 8.53591 16.1156 7.15875 8.28299 7.61873 6.81054 6.55825 5.87004 5.28636 3.94808 2.7031 2.22637 5.71764 1.8885 1.04983 1.86955 0.874501 0.746435 0.493516 0.483914 0.355095 0.127211
threshold=1.0000000180025095e-35 0.331499993801117 0.030250000000000003 0.084958255290985121 0.082250000000000018 0.00437593529932201 0.0070525221526622781 0.1538973078131676 0.30425000190734869 0.85696265101432811 0.12725000000000003 48.718500137329109 3.2209999561309819 4.331500000000001 0.23925000000000002 0.0080803995952010172 0.0065805448684841403 0.21899907290935519 12.7814998626709 0.3488419800996781 0.088250000000000009 0.03024999983608723 0.00082657829625532042 0.3488419800996781 0.13121456652879718 0.006135377101600171 48.718500137329109 48.718500137329109 18.903750000000006
decision_type=2 2 2 2 2 2 2 2 2 2 2 2 2 2 2 2 2 2 2 2 2 2 2 2 2 2 2 2 2
left_child=-1 2 16 4 5 -4 -6 20 -9 12 26 14 13 15 -12 -3 21 24 19 -14 -5 22 -2 -19 -18 -23 -11 -20 -13
right_child=1 9 3 7 6 -7 -8 8 -10 10 11 28 18 -15 -16 -17 17 23 27 -21 -22 25 -24 -25 -26 -27 -28 -29 -30
leaf_value=-0.57832266027889034 0.57181110813690139 -0.13824133102429184 0.26614266663115199 -0.68451026976153595 0.14912191246980711 0.85741862322139661 0.49378340768315532 -0.0032176507882217915 3.3099521124012816 -0.64366173265435878 0.75341086022196724 -0.81535481087464112 -0.10714109223610641 1.0891589510143735 0.48740041744500984 0.070436632817386421 -0.63325442962111134 -0.22224698893543596 -0.19221472041683482 0.27370541556002043 -0.26952579865350756 0.15440034884343348 -0.2178590508563123 -0.1150024106673259 -0.65239102828891349 1.5334712270042452 -2.1682588916000127 -0.30308162217072021 -0.083831813648377523
leaf_weight=83379.349989950657 1136.9723930358887 5443.1912057995796 27324.176837027073 979.39512038230896 29334.916384339333 12765.137781023979 22671.168480336666 3980.6892994642258 138.30691301822662 457.84585952758789 9.3187856674194318 16.198421955108643 14482.956462681293 13.01688504219055 5862.9185518026352 49052.445337951183 1968.8934717178345 242.28842735290527 2961.7429179549217 2383.5882024765015 1079.5108143091202 1331.3253889083862 1553.3470833301544 568.44592571258545 455.02034425735474 24.607596695423126 100.34221887588501 195.38452488183975 2323.7688556313515
leaf_count=95666 1007 6736 24579 126 28688 8519 19691 524 26 56 1 2 18003 3 2973 53338 468 26 3776 2406 281 1186 1303 61 49 14 13 241 2397
internal_value=-0.000519228 0.00086875 0.00138959 0.00155953 0.00168267 0.00217116 0.00130609 -0.00027613 0.000882762 0.000208771 0.0014004 0.00175383 6.85327e-05 0.000324022 0.00260158 0.000316259 -0.000904031 -0.00205227 -0.000626945 -0.000425713 -0.00259388 1.41732e-05 -0.000490073 0.000151873 -0.00278926 0.00101428 -0.00379319 -0.00170153 -0.000373841
internal_weight=272236 188857 105554 98273.3 92095.4 40089.3 52006.1 6177.9 4119 83302.7 8770.39 8212.2 74532.3 54508.7 5872.24 54495.6 7280.9 3234.65 20023.7 16866.5 2058.91 4046.25 2690.32 810.734 2423.91 1355.93 558.188 3157.13 2339.97
internal_count=272159 176493 86548 82434 81477 33098 48379 957 550 89945 5442 5373 84503 60077 2974 60074 4114 604 24426 20409 407 3510 2310 87 517 1200 69 4017 2399
is_linear=0
shrinkage=0.0440977


end of trees

feature_importances:
price_std_7d=110
price_lag_1d=86
price_log=71
price_lag_3d=60

parameters:
[boosting: gbdt]
[objective: quantile]
[metric: quantile]
[tree_learner: serial]
[device_type: cpu]
[data_sample_strategy: bagging]
[data: ]
[valid: ]
[num_iterations: 1000]
[learning_rate: 0.0440977]
[num_leaves: 39]
[num_threads: -1]
[seed: 13]
[deterministic: 0]
[force_col_wise: 0]
[force_row_wise: 0]
[histogram_pool_size: -1]
[max_depth: 6]
[min_data_in_leaf: 5]
[min_sum_hessian_in_leaf: 0.001]
[bagging_fraction: 0.7]
[pos_bagging_fraction: 1]
[neg_bagging_fraction: 1]
[bagging_freq: 5]
[bagging_seed: 16376]
[bagging_by_query: 0]
[feature_fraction: 0.75]
[feature_fraction_bynode: 1]
[feature_fraction_seed: 20348]
[extra_trees: 0]
[extra_seed: 30076]
[early_stopping_round: 0]
[early_stopping_min_delta: 0]
[first_metric_only: 0]
[max_delta_step: 0]
[lambda_l1: 0]
[lambda_l2: 1]
[linear_lambda: 0]
[min_gain_to_split: 0.1]
[drop_rate: 0.1]
[max_drop: 50]
[skip_drop: 0.5]
[xgboost_dart_mode: 0]
[uniform_drop: 0]
[drop_seed: 24096]
[top_rate: 0.2]
[other_rate: 0.1]
[min_data_per_group: 100]
[max_cat_threshold: 32]
[cat_l2: 10]
[cat_smooth: 10]
[max_cat_to_onehot: 4]
[top_k: 20]
[monotone_constraints: ]
[monotone_constraints_method: basic]
[monotone_penalty: 0]
[feature_contri: ]
[forcedsplits_filename: ]
[refit_decay_rate: 0.9]
[cegb_tradeoff: 1]
[cegb_penalty_split: 0]
[cegb_penalty_feature_lazy: ]
[cegb_penalty_feature_coupled: ]
[path_smooth: 0]
[interaction_constraints: ]
[verbosity: -1]
[saved_feature_importance_type: 0]
[use_quantized_grad: 0]
[num_grad_quant_bins: 4]
[quant_train_renew_leaf: 0]
[stochastic_rounding: 1]
[linear_tree: 0]
[max_bin: 63]
[max_bin_by_feature: ]
[min_data_in_bin: 3]
[bin_construct_sample_cnt: 200000]
[data_random_seed: 81]
[is_enable_sparse: 1]
[enable_bundle: 1]
[use_missing: 1]
[zero_as_missing: 0]
[feature_pre_filter: 0]
[pre_partition: 0]
[two_round: 0]
[header: 0]
[label_column: ]
[weight_column: ]
[group_column: ]
[ignore_column: ]
[categorical_feature: ]
[forcedbins_filename: ]
[precise_float_parser: 0]
[parser_config_file: ]
[objective_seed: 11872]
[num_class: 1]
[is_unbalance: 0]
[scale_pos_weight: 1]
[sigmoid: 1]
[boost_from_average: 1]
[reg_sqrt: 0]
[alpha: 0.9]
[fair_c: 1]
[poisson_max_delta_step: 0.7]
[tweedie_variance_power: 1.5]
[lambdarank_truncation_level: 30]
[lambdarank_norm: 1]
[label_gain: ]
[lambdarank_position_bias_regularization: 0]
[eval_at: ]
[multi_error_top_k: 1]
[auc_mu_weights: ]
[num_machines: 1]
[local_listen_port: 12400]
[time_out: 120]
[machine_list_filename: ]
[machines: ]
[gpu_platform_id: -1]
[gpu_device_id: -1]
[gpu_use_dp: 0]
[num_gpu: 1]

end of parameters

pandas_categorical:[]
