tree
version=v4
num_class=1
num_tree_per_iteration=1
label_index=0
max_feature_idx=40
objective=quantile
feature_names=price_lag_1d return_1d return_3d return_7d return_14d return_30d return_60d price_std_7d price_std_14d price_std_20d price_std_60d price_zscore_30d vol_regime_60_30 trend_divergence_30_60 price_accel_7d price_log price_tier log_return_1d log_return_7d autocorr_1d autocorr_7d bb_pct_b bb_width rsi_14 macd_line macd_signal macd_histogram volume_missing volume_lag_1d volume_lag_7d volume_mean_7d volume_mean_30d volume_std_30d volume_std_60d volume_log_change_1d volume_log_change_7d volume_zscore_30d volume_price_conf_7d volume_price_conf_1d rsi_missing macd_missing
feature_infos=[0.029999999329447746:726.3900146484375] [-98.001335144042969:500] [-98.001335144042969:500] [-98.001335144042969:500] [-99.363525390625:500] [-99.273765563964844:500] [-99.186729431152344:500] [0:155.79258728027344] [0:113.14417266845703] [0:97.831710815429688] [0:100.54641723632812] [-4.96368408203125:5.2946515083312988] [0.70291376113891602:805.0294189453125] [-1056138296557568:933262033682432] [-598.0013427734375:586.79248046875] [-3.5065579414367676:6.5880870819091797] [0:4] [-3.9126894474029541:4.9908404350280762] [-3.9126894474029541:4.8882842063903809] [-49000.66796875:60162.6015625] [-49000.66796875:34064.93359375] [-0.54432862997055054:1.5621322393417358] [0.014894707128405571:15.69301700592041] [0:99.844482421875] [-54.1455078125:48.291065216064453] [-42.52099609375:42.708404541015625] [-22.157054901123047:15.944230079650879] none [1:107040] [1:107040] [1:33132.71484375] [1:19356.69921875] [0.57735025882720947:18549.255859375] [0.57735025882720947:13367.96484375] [-6.1758670806884766:6.1158919334411621] [-6.4248690605163574:6.5434322357177734] [-3.7836604118347168:5.2921395301818848] [-97.603759765625:500] [-96.563575744628906:500] [0:1] [0:1]
tree_sizes=2694 2697 2921 2938 2616 3008 2903

Tree=0
num_leaves=25
num_cat=0
split_feature=8 15 6 10 25 10 8 8 2 32 31 10 25 8 31 15 25 10 10 5 5 32 25 31
split_gain=125.042 64.952 24.8204 31.7049 29.2192 19.2796 13.9613 13.0503 8.52578 7.04071 14.3495 34.2353 5.82803 8.84694 7.32987 5.67677 3.99931 3.49379 55.9375 1.95847 0.587045 0.276278 1.8391 2.59367
threshold=1.0000000180025095e-35 -1.2937155961990354 -7.7539625167846671 0.19794296473264697 -0.001970207784324884 0.36919142305850988 0.085061676800251021 0.01576222758740187 14.083673477172853 49.320428848266609 119.81666946411134 0.13795936107635501 0.1526102423667908 0.12484395503997804 25.149999618530277 -1.0988626480102537 -2.1264074945293029e-08 0.02035543974488974 0.018715891987085346 -4.1070332527160636 -29.597450256347653 10.802511215209963 -2.5138974798046603e-14 16.983333587646488
decision_type=2 2 2 2 2 2 2 2 2 2 2 2 2 2 2 2 2 2 2 2 2 2 2 2
left_child=16 2 3 4 -2 -5 7 -4 -8 12 11 -11 14 -14 -3 -12 17 18 19 -1 -19 22 23 -18
right_child=1 9 6 5 -6 -7 8 -9 -10 10 15 -13 13 -15 -16 -17 21 20 -20 -21 -22 -23 -24 -25
leaf_value=35.988621215820309 34.974335594177248 34.82057472229004 34.988621253967288 39.593753817305597 35.870439453125002 35.649280366263184 34.270325455846503 35.840795135498048 44.021955032348629 37.427493743896484 35.35749546051025 34.371372714010754 35.299242515563968 34.790844344726615 34.404456443786621 34.563947200775146 33.688621292114256 33.688621292114256 35.485590948657396 33.98862129211426 33.688621292114256 33.688621292114256 33.688621292114256 36.088621292114254
leaf_weight=109.30334711074829 2448.8455437421799 1783.3018317222595 13794.988519847393 144.8912096619606 2596.6185902953148 192.14375215768814 1844.6075601577759 4256.0004172325134 122.16327619552612 409.08499038219452 486.0293447971344 572.56216132640839 60.621477901935577 1617.1784150004387 9289.1747494935989 5051.8787945508957 13.098366320133209 104.22933036088943 82.199998080730438 2467.6201572418213 1534.8188582658768 9598.9308050870895 125.28872156143188 10.250895023345947
leaf_count=104 1899 1187 12210 50 2181 23 277 1828 21 387 558 451 75 2079 10163 5737 23 33 16 3412 419 15217 202 12
internal_value=34.7305 34.7313 34.7323 34.7341 34.7335 34.743 34.7318 34.7321 34.7294 34.73 34.7308 34.7341 34.7296 34.7312 34.7293 34.7302 34.728 34.7288 34.7295 34.7287 34.7277 34.7277 34.7292 34.7366
internal_weight=0 44670.1 25400.3 5382.5 5045.46 337.035 20017.8 18051 1966.77 19269.8 6519.56 981.647 12750.3 1677.8 11072.5 5537.91 14045.7 4298.17 2659.12 2576.92 1639.05 9747.57 148.638 23.3493
internal_count=58564 39126 18489 4153 4080 73 14336 14038 298 20637 7133 838 13504 2154 11350 6295 19438 3984 3532 3516 452 15454 237 35
is_linear=0
shrinkage=1


Tree=1
num_leaves=24
num_cat=0
split_feature=9 15 6 22 10 10 9 9 9 22 10 32 11 10 25 9 31 36 25 25 31 32 32
split_gain=121.72 57.0014 21.3065 41.7513 26.1506 24.7574 22.627 17.0378 10.6992 8.50778 11.3615 15.3503 5.35804 6.98419 4.51068 3.74484 3.72799 3.15481 1.18254 0.505653 0.633081 0.222117 0.441708
threshold=1.0000000180025095e-35 -1.2937155961990354 -6.473655939102172 0.59029695391654979 0.19794296473264697 0.032404528930783279 0.078500002622604384 0.0049575832672417173 0.54713237285614025 0.33974103629589086 0.12331828847527505 49.320428848266609 -0.18771857768297193 0.018715891987085346 0.1526102423667908 0.12969527393579486 16.983333587646488 0.47516819834709173 -2.0816682538902295e-17 -0.0015133465058170257 183.05000305175784 34.66828918457032 27.447232246398929
decision_type=2 2 2 2 2 2 2 2 2 2 2 2 2 2 2 2 2 2 2 2 2 2 2
left_child=12 2 3 4 -2 -5 7 -4 -8 14 11 -11 13 21 17 -16 -12 -3 19 -14 -21 22 -1
right_child=1 9 6 5 -6 -7 8 -9 -10 10 16 -13 18 -15 15 -17 -18 -19 -20 20 -22 -23 -24
leaf_value=-1.0196586387634277 0.30267465820312495 -0.37969469032287595 0.10907156410217275 1.5044589359256737 1.1777763501906005 1.7557368698473124 -0.37032192939645148 0.67802291107177726 0.74845923274651971 -0.019270549132257619 0.31914119208244013 1.4776974197387696 -1.0106586387634275 0.43382247394866036 1.2556415062060531 0.12279223252441247 -0.1955586290359497 -0.12768691978454591 -1.0106586387634275 -1.0106586387634275 -0.8196586435317994 -1.0106586387634275 1.1203414398193361
leaf_weight=25.382934629917145 3804.7530307769775 7453.7905591726303 6369.6990906596184 796.41454863548279 106.74982118606567 983.67353212833405 2695.3457283973694 11168.222970604897 211.99331784248352 1286.8849918842316 468.44502341747284 974.29097491502762 1013.1702650785446 103.05040609836578 18.508560597896576 1357.4110762476921 4281.6549632549286 3428.8456156849861 8445.0293291807175 1649.130990087986 1940.0841356515884 122.19411087036133 11.10513651371002
leaf_count=34 3574 8839 6305 485 47 321 420 7707 24 1103 293 919 288 26 24 1841 3298 4320 13239 2512 2836 92 17
internal_value=0 0.000673962 0.00158678 0.00321157 0.00147298 0.00702199 0.00113366 0.0015404 -0.00131459 -0.000563374 0.000268427 0.00201998 -0.00258841 0.00162352 -0.00104034 0.000570459 -0.000562326 -0.00124539 -0.00267411 -0.00227107 -0.00208798 -0.00225237 0
internal_weight=0 45406.7 26136.9 5691.59 3911.5 1780.09 20445.3 17537.9 2907.34 19269.8 7011.28 2261.18 13309.1 261.733 12258.6 1375.92 4750.1 10882.6 13047.4 4602.39 3589.22 158.682 36.4881
internal_count=58564 39520 18883 4427 3621 806 14456 14012 444 20637 5613 2022 19044 169 15024 1865 3591 13159 18875 5636 5348 143 51
is_linear=0
shrinkage=0.03


Tree=2
num_leaves=26
num_cat=0
split_feature=39 15 9 9 9 1 6 11 32 31 11 11 33 0 31 25 9 11 25 9 25 25 25 11 25
split_gain=118.896 55.1399 21.2146 31.7524 28.8249 28.1101 11.7301 8.30339 6.69996 11.8176 25.2624 5.82654 13.0692 5.67918 5.55889 8.13706 5.01613 2.66864 3.96932 6.40565 1.68125 1.38063 0.794512 0.566369 0.540429
threshold=1.0000000180025095e-35 -1.2937155961990354 0.54713237285614025 0.078500002622604384 0.0049575832672417173 -0.75173842906951893 -29.989059448242184 -0.18771857768297193 49.320428848266609 119.81666946411134 0.88446056842803966 -0.21354664862155912 118.77382659912111 0.33249999582767492 25.149999618530277 0.1526102423667908 0.026521341875195507 3.0067231655120854 0.00042494235094636684 0.015791652724146846 -0.0055178445763885966 -2.0816682538902295e-17 -0.0015133465058170257 -0.43537032604217524 -0.001116799423471093
decision_type=2 2 2 2 2 2 2 2 2 2 2 2 2 2 2 2 2 2 2 2 2 2 2 2 2
left_child=1 2 3 4 -1 -4 -5 11 14 10 -10 20 24 -11 16 -16 -3 21 19 -19 -2 22 -9 -22 -13
right_child=7 8 5 6 -6 -7 -8 17 9 13 -12 12 -14 -15 15 -17 -18 18 -20 -21 23 -23 -24 -25 -26
leaf_value=0.14706921545791615 10.276326381842331 1.1126069578056335 2.1445682839761586 3.4501620064534086 0.76541724407336509 -0.89588475497619391 -0.372066238432612 -0.98033887960052468 -0.11799912729167573 0.56381838198852552 2.9475690527925527 -1.0139307856864928 0.81509154606115208 -0.16587847024154653 -0.30499307683963089 0.20576495968930514 0.0087999093532562245 0.78577885596084585 -3.3120514997734283 13.904435458602904 1.6770692143135069 -0.98033887960052468 -0.98033887960052468 -0.98906887960052481 -0.49889358348777268
leaf_weight=8114.8354825973511 16.207170248031616 150.76968532800674 184.88190674781799 107.88537299633026 13989.166029393673 153.25662231445312 2816.3395426869392 1241.8343185782433 621.26850724220276 541.88819521665573 360.37864446640015 59.308294415473938 76.088586747646332 4922.6924648880959 9219.5126769542694 1258.1112144589424 2018.0511728525162 65.903307914733887 102.52790540456772 13.089289665222166 56.213111817836761 8608.474163711071 3725.9887716174126 224.93535542488098 66.223319828510284
leaf_count=7873 11 137 20 29 10056 15 441 326 529 572 309 8 12 5713 10150 1700 1498 87 21 1 56 13280 5475 223 22
internal_value=0 0.000686391 0.00160312 0.00150146 0.0018904 0.00907065 -0.00143325 -0.00246194 -0.000530795 0.000254512 0.0032855 0.00131874 0.00526416 -0.000287475 -0.000932267 -0.0012188 0.000445046 -0.00260019 0.000950704 0.00604624 -0.00131042 -0.0026488 -0.0022363 -0.00189985 -0.000577571
internal_weight=0 44459 25366.4 25028.2 22104 338.139 2924.22 14256.8 19092.7 6446.23 981.647 498.976 201.62 5464.58 12646.4 10477.6 2168.82 13757.8 181.521 78.9926 297.356 13576.3 4967.82 281.148 125.532
internal_count=58564 39042 18434 18399 17929 35 470 19522 20608 7123 838 332 42 6285 13485 11850 1635 19190 109 88 290 19081 5801 279 30
is_linear=0
shrinkage=0.03


Tree=3
num_leaves=26
num_cat=0
split_feature=39 15 6 22 26 24 9 29 22 7 4 12 24 26 29 22 24 9 8 26 2 32 26 21 32
split_gain=115.145 50.26 18.9592 39.9367 20.497 15.8746 14.4156 10.0828 8.34425 8.91449 8.85499 4.81785 9.03979 12.2863 7.99469 3.92211 3.80564 3.74781 3.54373 1.96775 1.80029 0.893614 3.53245 0.458879 0.444331
threshold=1.0000000180025095e-35 -1.2937155961990354 -5.5078604221343985 0.59029695391654979 -0.0023885930422693487 -0.0007713395170867442 0.089440882205963149 21.500000000000004 0.33974103629589086 0.092954896390438094 58.655569076538093 0.71422952413558971 -0.0018922754679806528 -0.0001770676899468526 302.50000000000006 1.0810002684593203 0.11648622527718545 0.048920989036560066 0.12484395503997804 5.886056345019015e-13 -4.1159503459930411 10.802511215209963 6.4078709005599432e-10 0.42089331150054937 250.41971588134768
decision_type=2 2 2 2 2 2 2 2 2 2 2 2 2 2 2 2 2 2 2 2 2 2 2 2 2
left_child=1 2 3 7 17 -6 -5 -1 16 10 -10 12 -2 -14 -15 -11 20 -4 -18 23 -3 22 -21 -13 -23
right_child=11 8 4 6 5 -7 -8 -9 9 15 -12 19 13 14 -16 -17 18 -19 -20 21 -22 24 -24 -25 -26
leaf_value=1.110394576490364 -0.95092871321250905 -0.034128726764482802 0.11233814473185789 1.4367129634312548 0.6109852574429131 0.35083504408673571 -0.78300662719313929 0.22260300448016121 0.21024228005152429 0.007107146295890771 1.8271625283540638 0.70674131884849534 0.59701958892335516 -0.95092871321250905 0.68514346287498773 -0.5814772591273526 0.31755581742145467 -0.35170860513126634 -0.041768994136614022 1.377071286787491 -0.31056335098995219 -0.93905095741847966 -0.95092871321250905 -0.95092871321250905 -0.95665871306945782
leaf_weight=518.11664038896561 613.99320930242538 1511.6937878727913 851.55992901325226 1310.6168913245201 4303.3972678184509 11975.253374099731 561.17393881082535 3684.3317760825157 3167.8793298602104 2007.0495718121529 362.79091709852219 42.018572270870209 70.10178416967392 268.60571956634521 149.24070531129837 1390.3634736537933 132.91715323925018 2161.9151391983032 1686.865839600563 10.250895023345945 8833.1124882698059 2897.2051440477371 31.322180330753326 9428.4284908771515 745.62689447402954
leaf_count=411 91 1828 628 749 1811 10979 76 3437 2653 2240 202 47 14 227 70 505 168 343 2277 12 10735 3538 55 14427 1041
internal_value=0 0.000634513 0.00150975 0.00297271 0.00104829 0.00146943 0.00661905 0.00134445 -0.000527545 0.000301823 0.00135892 -0.00246373 -0.00054077 0.00248913 0.000495478 -0.000792361 -0.00100112 -0.0012216 0.000257162 -0.00262365 -0.00122392 -0.00202072 0.00216114 -0.00285651 -0.00207285
internal_weight=0 44459 25366.4 6074.24 19292.1 16278.7 1871.79 4202.45 19092.7 6928.08 3530.67 14256.8 1101.94 487.948 417.846 3397.41 12164.6 3013.48 1819.78 13154.9 10344.8 3684.41 41.5731 9470.45 3642.83
internal_count=58564 39042 18434 4673 13761 12790 825 3848 20608 5600 2855 19522 402 311 297 2745 15008 971 2445 19120 12563 4646 67 14474 4579
is_linear=0
shrinkage=0.03


Tree=4
num_leaves=23
num_cat=0
split_feature=8 15 6 8 26 25 10 9 5 0 15 4 25 25 25 10 10 26 10 5 26 26
split_gain=110.637 49.1587 18.1302 30.4757 18.9426 16.9555 14.9416 10.7674 4.75947 5.7364 7.36858 4.79706 5.15496 4.86623 4.72351 4.18851 55.1637 7.534 3.93257 0.587045 0.5876 0.132128
threshold=1.0000000180025095e-35 -1.2937155961990354 -5.5078604221343985 0.010632213205099108 -0.0023885930422693487 -0.0025281236739829178 0.032404528930783279 0.54713237285614025 29.815089225769047 0.24225000292062762 -0.94804024696350087 -18.761769294738766 0.1526102423667908 -0.00053498431225307275 -2.1264074945293029e-08 0.02035543974488974 0.018715891987085346 -0.0005245937209110706 0.032404528930783279 -29.597450256347653 0.0010996261262334885 5.886056345019015e-13
decision_type=2 2 2 2 2 2 2 2 2 2 2 2 2 2 2 2 2 2 2 2 2 2
left_child=14 2 3 5 18 -2 -5 -6 11 -10 -11 13 -13 -3 15 16 17 -1 -4 20 -17 -16
right_child=1 8 4 6 7 -7 -8 -9 9 10 -12 12 -14 -15 21 19 -18 -19 -20 -21 -22 -23
leaf_value=2.7970568960301696 -0.056982259856979876 -0.11478411527316183 0.44336993880779435 1.3500639765936528 0.42984642702170084 0.74700280444554856 1.5375359820253442 0.51729000172640827 -2.140883151511948 1.8284233217268948 0.056633589570470516 -0.24972668219181549 0.17597534319793345 0.49824090869508963 -0.92240085181613374 -0.92275718448995458 0.7727282120116169 -0.63748718434690355 -0.32338380914200271 -0.92240085181613374 5.1368913572937185 -0.92275718448995458
leaf_weight=22.274233281612396 1784.8876361846924 493.7085417509079 509.10968405008316 604.51342540979385 16313.466918826103 2629.8628284931183 1054.3054459691048 52.104706764221191 380.55991023778915 510.22519087791443 2357.5157396793365 13451.81716632843 1557.2292332053185 518.77598309516907 9071.5791881084442 54.819278478622437 82.199998080730438 2554.6492710709572 2452.008223593235 1534.8188582658768 49.410051882266998 675.98959988355637
leaf_count=7 1289 511 407 445 12846 2501 435 8 70 367 2408 14951 1985 345 14285 14 16 3509 558 419 19 1169
internal_value=0 0.000589882 0.00145686 0.00288788 0.00100631 0.00158037 0.0063571 0.00140624 -0.000552143 0.000492086 0.000955418 -0.000764802 -0.000900213 0.00122717 -0.0024626 -0.00162555 -0.000881804 -0.00166092 -0.00119881 -0.0028224 -0.000464271 -0.00283005
internal_weight=0 44670.1 25400.3 6073.57 19326.7 4414.75 1658.82 16365.6 19269.8 3248.3 2867.74 16021.5 15009 1012.48 14045.7 4298.17 2659.12 2576.92 2961.12 1639.05 104.229 9747.57
internal_count=58564 39126 18489 4670 13819 3790 880 12854 20637 2845 2775 17792 16936 856 19438 3984 3532 3516 965 452 33 15454
is_linear=0
shrinkage=0.03


Tree=5
num_leaves=27
num_cat=0
split_feature=8 0 14 10 20 0 10 26 0 30 8 22 10 36 11 36 10 30 22 10 26 26 36 25 36 26
split_gain=114.423 47.5223 17.6604 16.7108 11.9303 10.0899 12.2704 9.85225 9.74712 17.8473 9.10518 7.85132 7.3545 7.34059 4.90509 3.39892 3.21809 7.13058 7.27765 2.20486 2.18536 1.70298 1.4075 1.25638 1.16578 0.812675
threshold=1.0000000180025095e-35 0.26325000822544103 -12.38358688354492 0.32348060607910162 789.98171997070324 0.185249999165535 0.037902845069766052 -0.0023885930422693487 0.4212500005960465 87.928569793701186 0.62850299477577221 0.29206603765487676 0.12331828847527505 -0.54278934001922596 -0.18771857768297193 0.90054661035537731 0.018715891987085346 109.07143020629884 0.23803453892469409 0.50947561860084545 5.886056345019015e-13 -0.00038672873051837081 -1.0773258209228513 -0.001116799423471093 -1.0057955384254453 8.2422193372622146e-05
decision_type=2 2 2 2 2 2 2 2 2 2 2 2 2 2 2 2 2 2 2 2 2 2 2 2 2 2
left_child=14 2 3 7 11 6 -4 -2 9 -6 -7 15 -13 -5 16 -3 21 -18 -19 -10 -16 -1 23 -22 -23 -24
right_child=1 4 5 13 8 10 -8 -9 19 -11 -12 12 -14 -15 20 -17 17 18 -20 -21 22 24 25 -25 -26 -27
leaf_value=1.7761815855657037 0.0092456888246886266 -0.3411862618606008 0.43008192953160579 -3.8283349857335924 -1.4359204923831501 0.82663110100228387 -0.14029107858846096 0.85665140656006333 -0.5275643030230911 3.1975329374599983 13.67254235022116 0.39506471075346689 -0.088309503480513307 3.213791673348227 -0.89472882626164973 -0.016266789166203992 -0.93741183513425419 6.9825828014403335 0.74954636565126842 1.3503627660424367 1.3947782122702748 0.8276293333292708 -0.81783433853115295 -0.41783435522045348 -0.71237067372791929 -0.89472882626164973
leaf_weight=35.111907958984375 1080.858938395977 9069.0650624632835 11892.044933021069 83.95427930355072 54.756051301956177 2209.6190141439438 5391.5264638662338 3768.8545877337456 218.28549355268478 93.281412959098816 69.419981956481934 2594.4888045191765 5193.2998270392418 187.82731461524963 9779.1665667891502 2262.2544612884521 95.790579080581665 55.659077942371368 60.128876030445099 72.103709280490875 83.755572915077209 35.001635253429413 2349.5107005238533 199.12594610452652 349.15508013963699 1158.1670889258385
leaf_count=12 477 11092 11429 11 16 2024 1197 2987 166 40 6 2565 4153 20 14592 2869 18 19 12 63 30 24 3666 270 304 545
internal_value=0 0.000601737 0.00147707 0.00304688 -0.000502287 0.00106526 0.000816601 0.00263638 0.0043837 0.0106471 0.00294385 -0.000615226 0.000116348 0.0102986 -0.00249324 -0.00111933 6.957e-05 0.0031041 0.00813226 0.00112633 -0.00261348 -0.0014279 -0.00198824 0 -0.00203488 -0.00215243
internal_weight=0 44241.6 24684.1 5121.5 19557.5 19562.6 17283.6 4849.71 438.427 148.037 2279.04 19119.1 7787.79 271.782 14200.6 11331.3 630.847 211.579 115.788 290.389 13569.7 419.269 3790.56 282.882 384.157 3507.68
internal_count=58607 39115 18151 3495 20964 14656 12626 3464 285 56 2030 20679 6718 31 19492 13961 389 49 31 229 19103 340 4511 300 328 4211
is_linear=0
shrinkage=0.03


Tree=6
num_leaves=26
num_cat=0
split_feature=8 0 1 10 6 9 24 20 12 6 21 12 5 12 24 10 10 21 10 12 24 37 12 28 28
split_gain=111.46 44.974 21.2682 25.6466 19.9044 14.472 17.0566 10.9921 21.7103 10.4785 5.02727 3.85495 3.77485 3.37778 2.42885 2.42375 35.3343 2.29602 2.10915 2.08384 1.81215 1.62982 0.426793 0.156301 0.773163
threshold=1.0000000180025095e-35 0.26325000822544103 -2.6313880681991573 0.32348060607910162 4.5895595550537118 0.078500002622604384 -0.021710057742893692 789.98171997070324 1.2059555649757387 -10.360902786254881 0.39815440773963934 1.2290057539939883 -4.1070332527160636 0.75071495771408092 -5.450345036406289e-13 0.02035543974488974 0.018715891987085346 0.92420729994773876 0.50947561860084545 0.72929775714874279 -0.0051188992802053681 -23.822088241577145 7.8421380519866952 390.50000000000006 423.50000000000006
decision_type=2 2 2 2 2 2 2 2 2 2 2 2 2 2 2 2 2 2 2 2 2 2 2 2 2
left_child=12 2 3 9 -5 6 -4 11 18 -2 -7 13 19 -3 15 16 -14 -10 -9 -1 -21 -13 -22 -16 -25
right_child=1 7 5 4 -6 10 -8 8 17 -11 -12 21 14 -15 23 -17 -18 -19 -20 20 22 -23 -24 24 -26
leaf_value=1.2193133187201548 0.89390768408039345 -0.31364871716930215 1.0821461672277606 3.1186984213773687 -0.12140493546346656 0.68857678382594356 0.29615169440249201 -0.42117892552619562 3.9089893403301557 0.42485272299792659 -0.41317998053741112 0.54166837064512385 -0.79072955113189591 -0.0091652016862690724 -0.86788696147380029 -0.86788696147380029 1.3529348659021665 2.125225988889726 1.3516151807601717 7.8978665026415973 -0.86823260416740655 -0.25573521859100712 -0.96870799392512175 0.032113038526199629 -0.86788696147380029
leaf_weight=32.276725292205811 1636.9328609704971 1305.6068234443665 231.25550013780594 172.04207062721252 136.98323082923889 149.04112058877945 15296.669311404228 270.88609176874161 51.072901546955109 5000.2766383886337 2060.9047800898552 52.728229284286499 3230.7712413072586 9944.390211045742 8166.3681733608246 1571.1238222122192 55.655361950397491 43.657396495342255 72.810277283191681 41.545754611492157 162.24427199363708 7816.382891535759 33.098689675331116 68.339302599430084 839.14968866109848
leaf_count=6 1204 418 114 25 17 76 12973 190 16 3484 258 64 4640 10662 12989 415 9 16 63 17 116 9535 13 97 1190
internal_value=0 0.000576778 0.00142833 0.00283643 0.0112913 0.000875993 0.00119979 -0.000497225 0.00419245 0.0024397 -0.00139208 -0.000605657 -0.00247785 -0.000247649 -0.00254615 -0.00199385 -0.00152071 0.0168742 0.000634066 0.000999678 0 -0.00111553 -0.00119457 -0.00284003 -0.0023609
internal_weight=0 44241.6 24684.1 6946.23 309.025 17737.9 15527.9 19557.5 438.427 6637.21 2209.95 19119.1 14200.6 11250 13931.4 4857.55 3286.43 94.7303 343.696 269.165 236.889 7869.11 195.343 9073.86 907.489
internal_count=58607 39115 18151 4730 42 13421 13087 20964 285 4688 334 20679 19492 11080 19340 5064 4649 32 253 152 146 9599 129 14276 1287
is_linear=0
shrinkage=0.03


end of trees

feature_importances:
price_std_60d=22
macd_signal=18
price_std_20d=14
macd_histogram=12
price_std_14d=10
volume_std_30d=8
return_60d=7
price_zscore_30d=7
price_log=7
bb_width=7
volume_mean_30d=7
price_lag_1d=6
vol_regime_60_30=6
macd_line=6
return_30d=5
volume_zscore_30d=5
bb_pct_b=3
return_1d=2
return_3d=2
return_14d=2
autocorr_7d=2
volume_lag_1d=2
volume_lag_7d=2
volume_mean_7d=2
rsi_missing=2
price_std_7d=1
price_accel_7d=1
volume_std_60d=1
volume_price_conf_7d=1

parameters:
[boosting: gbdt]
[objective: quantile]
[metric: quantile]
[tree_learner: serial]
[device_type: cpu]
[data_sample_strategy: bagging]
[data: ]
[valid: ]
[num_iterations: 1000]
[learning_rate: 0.03]
[num_leaves: 31]
[num_threads: -1]
[seed: 42]
[deterministic: 0]
[force_col_wise: 0]
[force_row_wise: 0]
[histogram_pool_size: -1]
[max_depth: 5]
[min_data_in_leaf: 15]
[min_sum_hessian_in_leaf: 0.001]
[bagging_fraction: 0.7]
[pos_bagging_fraction: 1]
[neg_bagging_fraction: 1]
[bagging_freq: 5]
[bagging_seed: 400]
[feature_fraction: 0.6]
[feature_fraction_bynode: 1]
[feature_fraction_seed: 30056]
[extra_trees: 0]
[extra_seed: 12879]
[early_stopping_round: 0]
[early_stopping_min_delta: 0]
[first_metric_only: 0]
[max_delta_step: 0]
[lambda_l1: 0.5]
[lambda_l2: 0.5]
[linear_lambda: 0]
[min_gain_to_split: 0.1]
[drop_rate: 0.1]
[max_drop: 50]
[skip_drop: 0.5]
[xgboost_dart_mode: 0]
[uniform_drop: 0]
[drop_seed: 17869]
[top_rate: 0.2]
[other_rate: 0.1]
[min_data_per_group: 100]
[max_cat_threshold: 32]
[cat_l2: 10]
[cat_smooth: 10]
[max_cat_to_onehot: 4]
[top_k: 20]
[monotone_constraints: ]
[monotone_constraints_method: basic]
[monotone_penalty: 0]
[feature_contri: ]
[forcedsplits_filename: ]
[refit_decay_rate: 0.9]
[cegb_tradeoff: 1]
[cegb_penalty_split: 0]
[cegb_penalty_feature_lazy: ]
[cegb_penalty_feature_coupled: ]
[path_smooth: 0]
[interaction_constraints: ]
[verbosity: -1]
[saved_feature_importance_type: 0]
[use_quantized_grad: 0]
[num_grad_quant_bins: 4]
[quant_train_renew_leaf: 0]
[stochastic_rounding: 1]
[linear_tree: 0]
[max_bin: 63]
[max_bin_by_feature: ]
[min_data_in_bin: 3]
[bin_construct_sample_cnt: 200000]
[data_random_seed: 175]
[is_enable_sparse: 1]
[enable_bundle: 1]
[use_missing: 1]
[zero_as_missing: 0]
[feature_pre_filter: 0]
[pre_partition: 0]
[two_round: 0]
[header: 0]
[label_column: ]
[weight_column: ]
[group_column: ]
[ignore_column: ]
[categorical_feature: ]
[forcedbins_filename: ]
[precise_float_parser: 0]
[parser_config_file: ]
[objective_seed: 16083]
[num_class: 1]
[is_unbalance: 0]
[scale_pos_weight: 1]
[sigmoid: 1]
[boost_from_average: 1]
[reg_sqrt: 0]
[alpha: 0.9]
[fair_c: 1]
[poisson_max_delta_step: 0.7]
[tweedie_variance_power: 1.5]
[lambdarank_truncation_level: 30]
[lambdarank_norm: 1]
[label_gain: ]
[lambdarank_position_bias_regularization: 0]
[eval_at: ]
[multi_error_top_k: 1]
[auc_mu_weights: ]
[num_machines: 1]
[local_listen_port: 12400]
[time_out: 120]
[machine_list_filename: ]
[machines: ]
[gpu_platform_id: -1]
[gpu_device_id: -1]
[gpu_use_dp: 0]
[num_gpu: 1]

end of parameters

pandas_categorical:[]
