tree
version=v4
num_class=1
num_tree_per_iteration=1
label_index=0
max_feature_idx=54
objective=quantile
feature_names=price_lag_1d return_1d return_3d return_7d return_14d return_30d return_60d price_std_7d price_std_14d price_std_20d price_std_30d price_std_60d price_zscore_30d vol_regime_60_30 trend_divergence_30_60 price_accel_7d price_log price_tier log_return_1d log_return_7d autocorr_1d autocorr_7d bb_pct_b bb_width rsi_14 macd_line macd_signal macd_histogram distance_to_support distance_to_resistance volume_missing volume_lag_1d volume_lag_7d volume_mean_30d volume_std_30d volume_std_60d volume_log_change_1d volume_log_change_7d volume_zscore_30d volume_price_conf_7d volume_price_conf_1d rsi_missing macd_missing dow_sin dow_cos events_next_30d_major events_next_30d_operation events_next_30d_case_drop events_next_30d_update events_next_30d_game_update item_type_graffiti item_type_skin item_type_sticker item_type_unknown item_volume_vs_market_30d
feature_infos=[0.029999999329447746:960.7130126953125] [-99.536705017089844:500] [-99.492156982421875:500] [-99.509979248046875:500] [-99.901214599609375:500] [-99.499412536621094:500] [-99.499412536621094:500] [0:167.40560913085938] [0:119.09705352783203] [0:135.57257080078125] [0:112.72939300537109] [0:97.889312744140625] [-4.8795590400695801:5.2946515083312988] [0.70205938816070557:761.94976806640625] [-112984214994944:140802198077440] [-599.50994873046875:534.69384765625] [-3.5065579414367676:6.86767578125] [0:4] [-5.3745660781860352:6.8952875137329102] [-5.3184762001037598:6.9452981948852539] [-49768.35546875:222115.390625] [-49754.98828125:50974.09765625] [-0.51409953832626343:1.5621322393417358] [0.0062784175388514996:17.437114715576172] [0:99.844482421875] [-24.604433059692383:40.936752319335938] [-25.746257781982422:26.537761688232422] [-17.223386764526367:29.474584579467773] [0.0070656398311257362:106457.8984375] [0.010915839113295078:106457.8984375] none [1:197735] [1:197735] [1:125869.734375] [0:64217.12890625] [0:67507.5625] [-6.4329400062561035:6.5171170234680176] [-6.0185933113098145:7.2102642059326172] [-4.1069283485412598:5.2931628227233887] [-99.499412536621094:500] [-99.341239929199219:500] [0:1] [0:1] [-0.97492790222167969:0.97492790222167969] [-0.90096884965896606:1] [0:1] [0:1] [0:1] none [0:2] [0:1] [0:1] [0:1] none [0.00099037075415253639:352.26205444335938]
tree_sizes=1697 1756 1758 1775 1747 1777 1755 1760 1769 1767 1768 1745 1772 1774 1763 1767 1766 1781 1767 1788 1783 1749 1777 1764 1787 1776 1766 1770 1787 1791 1784 1773 1788 1764 1779 1773 1780 1779 1784 1779

Tree=0
num_leaves=15
num_cat=0
split_feature=7 32 22 49 23 16 6 23 18 52 45 29 13 25
split_gain=351.145 88.2868 59.6138 54.2996 51.4223 37.9876 20.7754 18.7987 20.6016 16.8614 10.9612 8.47739 8.27286 7.0805
threshold=1.0000000180025095e-35 49.500000000000007 0.36530296504497534 1.5000000000000002 0.35699190199375158 -0.67432591319084156 -7.6906502246856681 0.23350359499454501 0.19110786914825442 1.0000000180025095e-35 1.0000000180025095e-35 18.543620109558109 8.9345102310180682 -0.02274985238909721
decision_type=2 2 2 2 2 2 2 2 2 2 2 2 2 2
left_child=-1 2 4 5 11 9 -6 -4 -9 -3 13 -2 -7 -5
right_child=1 3 7 10 6 12 -8 8 -10 -11 -12 -13 -14 -15
leaf_value=13.983279789870897 14.597145631928846 14.623593088297046 14.526208422354975 14.618489506833923 16.004044494784388 14.444653992627766 15.490998480912735 15.084518888920714 14.188213965150354 15.070298189469861 14.20279418638221 14.995529700038679 15.159803239112724 15.263495334301037
leaf_weight=30410.914289295673 1175.7366958260536 27282.642212033272 3229.8210746049881 133.58556306362152 1427.6164299845695 17218.808731377125 1745.4090289473534 9448.2310438752174 1308.4005528092384 5725.5589090585709 113.43936663866043 1740.6447339653969 229.71661841869354 1034.3833582997322
leaf_count=36409 1537 24454 4135 182 974 18824 1082 5674 541 4897 126 1998 110 1280
internal_value=14.5454 14.5469 14.5491 14.5461 14.5523 14.5459 14.5557 14.5477 14.5485 14.5466 14.5539 14.5485 14.5444 14.555
internal_weight=102225 71814 20075.9 51738.1 6089.41 50456.7 3173.03 13986.5 10756.6 33008.2 1281.41 2916.38 17448.5 1167.97
internal_count=102223 65814 15941 49873 5591 48285 2056 10350 6215 29351 1588 3535 18934 1462
is_linear=0
shrinkage=1


Tree=1
num_leaves=15
num_cat=0
split_feature=7 32 12 29 49 0 1 15 1 29 29 42 36 0
split_gain=332.818 72.5161 56.8501 52.5961 48.004 30.3069 19.5152 14.2773 11.2186 8.98566 7.61332 6.43945 6.14777 4.60091
threshold=1.0000000180025095e-35 49.500000000000007 -0.43000601232051844 38.781694412231452 1.5000000000000002 0.83449998497962963 -5.4342422485351554 -33.791362762451165 21.059002876281742 13.335210323333742 18.543620109558109 1.0000000180025095e-35 1.1761944293975832 4.5885000228881845
decision_type=2 2 2 2 2 2 2 2 2 2 2 2 2 2
left_child=-1 2 3 10 5 6 -3 -5 9 -4 -2 -7 -10 -6
right_child=1 4 8 7 13 11 -8 -9 12 -11 -12 -13 -14 -15
leaf_value=-0.54044737487395544 0.012910533729926841 0.40104338612433682 0.068598368620568215 2.2999730670507543 0.61977706364869845 -0.076528602669481083 0.062859884026881377 1.0210380102681482 -0.54836798711343671 0.43862365727587671 0.40977575088047247 -0.31303507034892275 1.203744584131754 0.007636652071959891
leaf_weight=30410.914289295673 1304.5944029688835 4692.6175281405449 3537.2116547822952 700.36058539152145 1170.2100383639336 10784.029172122478 33064.604188024998 3030.989733338356 1203.0559140443802 8363.7683806419373 1845.6245313882828 1915.4755825996399 90.25435745716095 111.1982496380806
leaf_count=36409 1704 3315 4276 364 1433 13170 30913 1967 474 4876 2219 887 61 155
internal_value=-0.000122283 0.00131222 0.00328431 0.00613523 0.000545781 0.000356808 0.00090705 0.00924443 0.00179229 0.00216589 0.00243055 -0.00127445 -0.00159881 0.00792945
internal_weight=102225 71814 20075.9 6881.57 51738.1 50456.7 37757.2 3731.35 13194.3 11901 3150.22 12699.5 1293.31 1281.41
internal_count=102223 65814 15941 6254 49873 48285 34228 2331 9687 9152 3923 14057 535 1588
is_linear=0
shrinkage=0.0386495


Tree=2
num_leaves=15
num_cat=0
split_feature=0 29 33 22 16 16 22 37 16 42 9 28 22 2
split_gain=311.303 61.2888 59.6001 45.1535 26.4057 23.1664 15.3752 15.0803 14.7718 16.4766 9.69183 8.20726 8.07847 8.07837
threshold=0.03024999983608723 18.543620109558109 46.416667938232429 0.36530296504497534 -2.9141628742218013 -0.31129217147827143 0.40069426596164709 0.53563660383224498 -3.1641684770584102 1.0000000180025095e-35 0.038039643317461021 20.00212383270264 0.46742375195026403 1.8732593655586245
decision_type=2 2 2 2 2 2 2 2 2 2 2 2 2 2
left_child=6 5 3 4 -3 7 -1 11 -4 -10 -5 -2 -8 -14
right_child=1 2 8 10 -6 -7 12 -9 9 -11 -12 -13 13 -15
leaf_value=0.20536616484331649 0.02546760243166403 1.5707119789652166 0.48645377780884164 0.66596607173094835 0.72232920700574221 -0.078166617966453189 -0.51955933076718397 0.4564229925915681 0.1724729037378846 -0.30891579603814245 0.36313738220595454 0.25689891354517025 4.0217972109471329 -0.3433300007977616
leaf_weight=1213.0029472708702 16195.444110989571 806.0122281908989 2147.4382879734039 2156.585739672184 3274.8593094348907 14458.78882008791 31135.584020495415 1847.7125707268715 16815.770341098309 2291.659074306488 4447.6178531050682 4933.7115745544434 91.625833868980408 409.09589642286301
leaf_count=936 17754 522 1483 1491 2780 17341 36623 1950 13803 900 1714 4604 59 263
internal_value=-0.000191951 0.00127508 0.00251887 0.00487539 0.00807884 0.000212259 -0.00329188 0.0009762 0.00133114 0.00098538 0.00288529 0.000679921 -0.003456 0.00132622
internal_weight=102225 69375.6 31939.9 10685.1 4080.87 37435.7 32849.3 22976.9 21254.9 19107.4 6604.2 21129.2 31636.3 500.722
internal_count=102223 64342 22693 6507 3302 41649 37881 24308 16186 14703 3205 22358 36945 322
is_linear=0
shrinkage=0.0386495


Tree=3
num_leaves=15
num_cat=0
split_feature=7 33 12 16 16 14 51 6 42 18 18 18 27 5
split_gain=303.015 54.9445 53.825 31.8763 30.0059 20.7213 11.0804 9.75527 9.46173 11.7243 9.36149 9.28297 8.47308 6.25704
threshold=1.0000000180025095e-35 32.069047927856452 -0.43000601232051844 -0.31129217147827143 -2.6557012796401973 0.73426833748817455 1.0000000180025095e-35 -3.9470664262771602 1.0000000180025095e-35 -0.082385264337062822 -0.050407411530613892 0.12527538836002353 -0.0014504913124255834 -19.511750221252438
decision_type=2 2 2 2 2 2 2 2 2 2 2 2 2 2
left_child=-1 2 4 5 6 10 -2 13 9 -5 -3 -7 -6 -4
right_child=1 3 7 8 12 11 -8 -9 -10 -11 -12 -13 -14 -15
leaf_value=-0.4994786000213261 1.5547835314150766 0.35613459289855354 0.93663716280700271 0.47008752641564749 0.79682488864235146 0.29709387356184697 1.8682449893241062 0.17642952547959206 -0.28123742301726479 -0.046827451616003005 0.05930835301431317 -0.50796615102258236 0.46549344139270699 0.4219365830010337
leaf_weight=30410.914289295673 732.17900174856186 5345.3086686134338 189.70799279212952 424.58187109231949 1642.6999740600586 9014.3139923214912 424.24233555793762 5460.8619068861008 2386.1418035626411 14674.366546213627 27894.783474981785 713.44922012090683 1158.0907670855522 1753.2667638659477
leaf_count=36409 521 3566 86 319 1429 9341 225 3978 1059 17914 24807 392 954 1223
internal_value=-0.000241552 0.00112717 0.00359414 0.000662489 0.00723615 0.00122913 0.0125049 0.00163829 -0.000726628 -0.000364657 0.000767478 0.00280015 0.00503266 0.00399625
internal_weight=102225 71814 11361 60452.9 3957.21 42967.9 1156.42 7403.84 17485.1 15098.9 33240.1 9727.76 2800.79 1942.97
internal_count=102223 65814 8416 57398 3129 38106 746 5287 19292 18233 28373 9733 2383 1309
is_linear=0
shrinkage=0.0386495


Tree=4
num_leaves=15
num_cat=0
split_feature=7 54 12 16 52 49 16 35 23 1 23 13 5 22
split_gain=290.857 49.9313 41.3806 37.5342 31.5713 27.1925 23.7187 20.471 18.9807 10.1787 11.368 7.82359 9.34426 5.69986
threshold=1.0000000180025095e-35 0.10265813395380975 -0.43000601232051844 -2.6557012796401973 1.0000000180025095e-35 1.5000000000000002 -0.31129217147827143 10.125693321228029 0.37477365136146551 21.059002876281742 0.21774221211671832 1.1941192746162417 62.073150634765632 0.40069426596164709
decision_type=2 2 2 2 2 2 2 2 2 2 2 2 2 2
left_child=13 2 3 7 5 6 -3 -2 -5 10 -4 -6 -13 -1
right_child=1 4 9 8 11 -7 -8 -9 -10 -11 -12 12 -14 -15
leaf_value=0.52246243848155216 2.1457810902367074 0.062868162648793316 -0.034460592054765628 0.10777415625920239 0.84799711592207305 0.43964635002674979 -0.10679028750046309 0.96995970888689775 0.91629600690783208 -0.49649293664309885 0.43074925430308703 0.1927499530996909 1.87627266415258 -0.48017398034384651
leaf_weight=418.91845142841339 329.43200474977493 32431.79015904665 2117.5894511938095 2169.7709140181541 3592.70841807127 890.2900652885437 14430.256491661072 1191.5646524429321 1825.8143148422241 1125.6952405571938 7671.9098654985428 3946.2434023022652 90.929339230060577 29991.99583786726
leaf_count=355 204 29364 2517 2520 3194 1164 16423 832 1044 440 4599 3468 45 36054
internal_value=-0.000296414 0.00104455 0.00291611 0.0056477 0.000488129 0.00011795 -8.07763e-06 0.0108312 0.00365554 0.00152946 0.00193267 0.0027967 0.0016043 -0.0034648
internal_weight=102225 71814 16431.8 5516.58 55382.2 47752.3 46862 1521 3995.59 10915.2 9789.5 7629.88 4037.17 30410.9
internal_count=102223 65814 12156 4600 53658 46951 45787 1036 3564 7556 7116 6707 3513 36409
is_linear=0
shrinkage=0.0386495


Tree=5
num_leaves=15
num_cat=0
split_feature=7 32 22 16 29 18 16 32 22 2 23 42 52 25
split_gain=293.275 59.7223 41.2477 31.2314 29.2315 18.3591 14.0536 13.0398 11.587 9.80823 17.186 8.41219 7.87727 4.90435
threshold=1.0000000180025095e-35 31.500000000000004 0.38875257968902593 -0.31129217147827143 33.339584350585945 -0.020612322725355622 -3.498293280601501 133.50000000000003 0.11140801385045053 29.205974578857425 0.39619936048984533 1.0000000180025095e-35 1.0000000180025095e-35 -1.3844031343523963e-07
decision_type=2 2 2 2 2 2 2 2 2 2 2 2 2 2
left_child=13 2 4 5 -2 7 -7 -3 -6 10 -4 12 -5 -1
right_child=1 3 9 11 8 6 -8 -9 -10 -11 -12 -13 -14 -15
leaf_value=-0.46161547539656006 0.17094249106877507 0.40738534190351183 0.0085560990988807449 -0.060728665243114544 1.5385222450438509 -0.45145226478876543 0.093609856051396975 0.11667901321601132 0.9511967025872855 -0.44379880174147235 0.69634507917360866 -0.24352488771298045 0.29973447719360302 -0.46161547539656006
leaf_weight=6990.5392464995384 1554.1869046092033 7142.061073243618 3126.8756376504898 13578.303547620773 385.18945461511612 2064.14485257864 26776.863338828087 5537.2926745414734 2733.0094699263573 983.26796591281891 4047.8266828656197 2802.2464656829834 1327.7479456663132 23518.110169291496
leaf_count=6012 1895 4796 3628 16742 345 899 25475 5691 1570 400 2045 1153 1106 30495
internal_value=-0.000295228 0.00104892 0.00344018 0.000529837 0.00633996 0.00111002 0.00056842 0.00233712 0.0085029 0.0017711 0.00227081 -0.000827216 -0.000457133 -0.00347175
internal_weight=102568 72059 12830.4 59228.7 4672.39 41520.4 28841 12679.4 3118.2 8157.97 7174.7 17708.3 14906.1 30508.6
internal_count=102252 65745 9883 55862 3810 36861 26374 10487 1915 6073 5673 19001 17848 36507
is_linear=0
shrinkage=0.0386495


Tree=6
num_leaves=15
num_cat=0
split_feature=8 32 49 12 16 29 1 29 0 4 5 54 0 0
split_gain=281.571 53.8977 40.1196 36.7311 28.7739 26.5368 20.6099 10.3606 11.9234 10.0124 6.9422 6.56258 5.56463 6.29159
threshold=1.0000000180025095e-35 31.500000000000004 1.5000000000000002 -0.46633283793926233 -0.14329333603382108 33.339584350585945 -2.040133953094482 302.32363891601568 0.074250001460313811 -15.928916454315184 4.831005573272706 0.18194971978664401 4.5885000228881845 1.3345000147819521
decision_type=2 2 2 2 2 2 2 2 2 2 2 2 2 2
left_child=-1 3 4 5 6 -2 -3 11 -9 -7 -6 -5 13 -4
right_child=1 2 12 7 10 9 -8 8 -10 -11 -12 -13 -14 -15
leaf_value=-0.44377424818604688 0.15837977797894845 0.24082576066564593 0.56433988699045479 0.12472104905743861 -0.13691049761665428 1.0761392465251847 0.029318290453671739 -0.15804827779822145 0.79517448960054737 0.91538301992882187 0.031334516041583063 0.70939482388755071 -0.0035202460719458042 0.79659586388322123
leaf_weight=29069.5943171978 1457.7319341301918 12815.496072947979 1142.7150757908821 6749.2780202031136 11300.427617788315 1315.7723286151886 30767.056513130665 454.38355404138565 1147.472824037075 1545.0713424086571 4053.0659111738205 428.92890357971191 134.74640041589737 185.92461407184601
leaf_count=35612 1835 10617 1315 5609 12116 917 27894 75 259 970 4177 437 189 230
internal_value=-0.000329022 0.000943909 0.00045534 0.00319193 0.000297233 0.00611486 0.000804883 0.00174658 0.00456692 0.00828226 -0.00113993 0.00110804 0.00677421 0.00753488
internal_weight=102568 73498.1 60399.4 13098.6 58936 4318.58 43582.6 8780.06 1601.86 2860.84 15353.5 7178.21 1463.39 1328.64
internal_count=102252 66640 56538 10102 54804 3722 38511 6380 334 1887 16293 6046 1734 1545
is_linear=0
shrinkage=0.0386495


Tree=7
num_leaves=15
num_cat=0
split_feature=7 31 4 49 16 29 34 19 6 13 42 22 34 29
split_gain=278.276 45.2752 44.1675 33.8009 27.1783 17.1127 16.0113 10.9918 10.1038 14.9985 8.67686 6.2757 5.59394 5.10879
threshold=1.0000000180025095e-35 37.500000000000007 -5.6843996047973624 1.5000000000000002 -0.14329333603382108 33.339584350585945 119.7843475341797 -0.14207220077514646 -5.4532411098480216 1.0911805629730227 1.0000000180025095e-35 0.40069426596164709 25.639027595520023 72.318859100341811
decision_type=2 2 2 2 2 2 2 2 2 2 2 2 2 2
left_child=11 2 5 4 6 -2 -3 -7 9 -4 -6 -1 -10 -5
right_child=1 3 8 13 10 7 -8 -9 12 -11 -12 -13 -14 -15
leaf_value=0.51897759262907095 0.21323785941659262 0.036041505870876928 0.82572820225688071 0.37590478140394329 -0.06174887767417133 1.5206514186734932 0.31306222400942602 0.7308564283377611 0.035159072210077164 0.14393793833079699 -0.25681358316706626 -0.42662257625550715 0.60122576848501297 1.6872769927608469
leaf_weight=393.80657553672791 1477.4886272549629 31570.425966918468 966.41546130180359 1223.3764391541481 12246.107961118221 1458.771758556366 9096.8706938624382 2258.8286516070366 6616.0025172233582 1815.8148189783096 2277.1623331904411 30114.842840254307 911.26421117782593 140.48657339811325
leaf_count=351 1701 28143 584 1597 14592 844 8619 1285 4983 1540 951 36156 834 72
internal_value=-0.000364778 0.000944516 0.00279533 0.000436002 0.000286251 0.005704 0.000799632 0.00710881 0.00132318 0.00331693 -0.00114721 -0.00345899 0.00057786 0.00644414
internal_weight=102568 72059 15504.6 56554.4 55190.6 5195.09 40667.3 3717.6 10309.5 2782.23 14523.3 30508.6 7527.27 1363.86
internal_count=102252 65745 11771 53974 52305 3830 36762 2129 7941 2124 15543 36507 5817 1669
is_linear=0
shrinkage=0.0386495


Tree=8
num_leaves=15
num_cat=0
split_feature=7 1 54 49 52 16 37 12 36 29 23 13 11 38
split_gain=270.837 46.3895 30.8101 25.3903 23.107 18.9655 16.7151 15.1944 7.77783 7.06681 6.20927 6.15924 4.76718 3.71915
threshold=1.0000000180025095e-35 -3.7028359174728389 0.12249751016497613 1.5000000000000002 1.0000000180025095e-35 -2.7766047716140743 0.39774259924888616 -0.94132691621780384 -0.69266894459724415 831.12997436523449 0.90654444694519054 1.1941192746162417 1.0000000180025095e-35 -0.87173321843147267
decision_type=2 2 2 2 2 2 2 2 2 2 2 2 2 2
left_child=12 2 5 4 6 7 -3 -2 -4 -7 -10 -6 -1 -5
right_child=1 3 8 13 11 9 -8 -9 10 -11 -12 -13 -14 -15
leaf_value=-0.41013380860842985 1.4839636649538279 -0.02964903402467314 0.90081585923029406 0.69896803445752831 0.59819689796128972 0.45073386437464685 0.20389045506080103 0.67741542206877225 0.19580564035709053 1.6368181098501193 -0.096068967292671628 0.18026581785209464 -0.41013380860842985 0.34958269039290568
leaf_weight=25047.772275924683 410.13719612360001 41461.201286494732 356.51852321624756 308.52587026357651 3981.3240314126015 3730.5087710618973 5946.0753104090691 1219.3662448525429 6324.8744528889656 250.13609999418259 2531.7161813378334 4502.6286691427231 5460.8771398663521 1036.0033765435219
leaf_count=32448 310 40340 295 338 3657 2765 5364 579 6224 47 746 3801 4059 1279
internal_value=-0.000412607 0.000879051 0.00280647 0.000378784 0.00025134 0.00506812 -7.99581e-05 0.00860504 0.00142218 0.0036021 0.00118809 0.00210901 -0.00346516 0.00562527
internal_weight=102568 72059 14823.3 57235.8 55891.2 5610.15 47407.3 1629.5 9213.11 3980.64 8856.59 8483.95 30508.6 1344.53
internal_count=102252 65745 10966 54779 53162 3701 45704 889 7265 2812 6970 7458 36507 1617
is_linear=0
shrinkage=0.0386495


Tree=9
num_leaves=15
num_cat=0
split_feature=9 1 54 52 31 12 3 54 5 29 23 20 5 38
split_gain=254.055 45.3705 28.5984 19.7416 15.3788 14.7653 11.5488 11.6944 11.3857 8.57884 6.94294 8.44243 8.32044 5.06521
threshold=1.0000000180025095e-35 -3.7028359174728389 0.12249751016497613 1.0000000180025095e-35 37.500000000000007 -0.20435594022274015 -10.840489387512205 0.027704969048500065 -42.347188949584954 831.12997436523449 0.90654444694519054 39.140926361083991 -11.160467624664305 0.28032623231410986
decision_type=2 2 2 2 2 2 2 2 2 2 2 2 2 2
left_child=-1 2 6 4 5 -3 7 -2 -6 -8 11 -4 -12 -5
right_child=1 3 10 13 8 -7 9 -9 -10 -11 12 -13 -14 -15
leaf_value=-0.39428232429714227 1.9752132690551165 0.42691065397378708 0.16793689026968414 0.22958641481092978 0.71744077405400142 -0.0035450045474050788 0.46275765432868599 0.50939249958924016 -0.038460747891977017 1.1327009364132832 0.50085561621888097 0.67582038493573449 -0.14944902798953005 0.64804205009440863
leaf_weight=28193.496991991997 653.46660578250885 3896.3135007619858 5992.2683297991753 7168.6017618775368 668.73612779378891 4504.6450551152229 3432.7047082185745 1200.0081026554108 41134.454263806343 323.96889537572861 290.91769397258759 601.53308111429214 2328.3900525569916 2178.1602587103844
leaf_count=35055 391 2879 5993 6292 329 3576 2557 694 41114 59 113 493 666 2041
internal_value=-0.000451012 0.000732667 0.00264627 0.000255291 -4.72437e-05 0.00146017 0.00482521 0.00735149 -0.000351623 0.00356011 0.0013124 0.0019823 -0.000352107 0.00188615
internal_weight=102568 74374.2 14823.3 59550.9 50204.1 8400.96 5610.15 1853.47 41803.2 3756.67 9213.11 6593.8 2619.31 9346.76
internal_count=102252 67197 10966 56231 47898 6455 3701 1085 41443 2616 7265 6486 779 8333
is_linear=0
shrinkage=0.0386495


Tree=10
num_leaves=15
num_cat=0
split_feature=7 23 32 6 49 16 1 1 5 35 28 5 33 22
split_gain=250.507 36.6672 28.3353 25.3996 17.6302 17.5575 14.0808 13.3529 9.83966 8.6884 17.2769 9.38708 5.54343 4.8236
threshold=1.0000000180025095e-35 0.22633107751607898 49.500000000000007 -7.6906502246856681 1.5000000000000002 0.52502429485321056 21.059002876281742 -9.3313894271850568 10.001590251922609 137.06092834472659 27.908357620239261 -4.2774264812469474 113.56904602050783 0.40069426596164709
decision_type=2 2 2 2 2 2 2 2 2 2 2 2 2 2
left_child=13 4 3 7 5 8 -5 -3 -2 11 -11 -4 -6 -1
right_child=1 2 9 6 12 -7 -8 -9 -10 10 -12 -13 -14 -15
leaf_value=0.23191635284224107 -0.01010667292768716 1.5324071309494804 0.11623483994768553 0.41695612926712483 0.0092110885634714128 -0.13830895140418914 -0.46332501417533006 0.53836695265546619 0.25984701933710336 0.096625915184058081 0.97511087534051999 -0.050505528700547635 0.40807656731914599 -0.37904349261189285
leaf_weight=392.22366517782211 21584.10694783926 989.99852865934372 6126.648127913475 9334.1027510762215 292.68737745285034 7808.5522983670235 1207.8168475031853 3796.4106000065804 2366.7095856070518 4019.802764236927 1779.3789893984795 11410.690694153309 751.39516752958298 30081.181887030602
leaf_count=342 24130 572 5345 6308 367 9933 494 2549 2812 3217 1202 7762 1003 36004
internal_value=-0.000496688 0.000753728 0.00156022 0.00285236 -0.000195143 -0.000359428 0.00178327 0.00519316 0.000157248 0.000708841 0.00200704 0.000276071 0.00473787 -0.00343101
internal_weight=101942 71468.3 38664.8 15328.3 32803.5 31759.4 10541.9 4786.41 23950.8 23336.5 5799.18 17537.3 1044.08 30473.4
internal_count=102040 65694 27449 9923 38245 36875 6802 3121 26942 17526 4419 13107 1370 36346
is_linear=0
shrinkage=0.0386495


Tree=11
num_leaves=15
num_cat=0
split_feature=8 1 49 36 4 23 54 34 9 20 13 0 35 29
split_gain=243.895 35.2532 19.4599 18.9896 15.8912 15.3382 15.203 9.10206 7.48351 8.29793 6.76977 6.4608 6.38246 4.72703
threshold=1.0000000180025095e-35 -4.9158039093017569 1.5000000000000002 1.1761944293975832 -4.3954143524169913 0.13070768117904666 0.10933799296617509 334.84901428222662 0.010992282070219518 21.147859573364261 0.7072756588459016 0.080249998718500151 689.67239379882824 122.035701751709
decision_type=2 2 2 2 2 2 2 2 2 2 2 2 2 2
left_child=-1 4 3 5 6 -3 11 -5 9 -6 -8 -2 -10 -4
right_child=1 2 13 7 8 -7 10 -9 12 -11 -12 -13 -14 -15
leaf_value=-0.3643936348086082 1.3468914137063401 -0.081884541664241028 0.28636356084166353 0.69893079057140062 0.34335152638005112 0.056152515878555527 0.40108458308102746 -0.47947228861866659 0.0024614269895047048 0.81883180446307913 0.2597293556732545 0.74757260910716028 0.60464370823497193 1.8210320779652209
leaf_weight=29091.159514605999 853.67854541540146 13005.331251442432 1362.427904009819 1033.451220870018 1763.5010429024696 45799.443843901157 51.743410050868988 102.22601705789566 3926.3977944850922 305.88611787557602 2970.6125444173813 1467.875963807106 114.15797781944275 93.813083291053772
leaf_count=35482 507 15682 1700 917 1497 40223 11 58 2076 216 2642 934 49 46
internal_value=-0.00052681 0.000667166 0.00029884 0.000190503 0.00263607 9.38117e-05 0.0041799 0.00513721 0.00127538 0.00316717 0.00234074 0.00654522 0.000291069 0.00471196
internal_weight=101942 72850.5 61396.7 59940.5 11453.9 58804.8 5343.91 1135.68 6109.94 2069.39 3022.36 2321.55 4040.56 1456.24
internal_count=102040 66558 58626 56880 7932 55905 4094 975 3838 1713 2653 1441 2125 1746
is_linear=0
shrinkage=0.0386495


Tree=12
num_leaves=15
num_cat=0
split_feature=0 23 6 33 5 49 17 11 34 11 1 22 25 6
split_gain=238.325 35.93 24.0002 22.3017 16.7901 17.0098 13.9357 13.3231 13.18 12.7734 12.0981 9.47809 8.64327 5.79737
threshold=0.03024999983608723 0.28836928308010107 -7.6906502246856681 32.069047927856452 15.151890277862551 1.5000000000000002 1.0000000180025095e-35 0.011710876598954202 202.49245452880862 1.0000000180025095e-35 21.059002876281742 0.18220862746238711 -0.0097610731609165651 19.995076179504398
decision_type=2 2 2 2 2 2 2 2 2 2 2 2 2 2
left_child=9 4 3 11 5 6 -2 8 -4 -1 -9 -3 -5 -6
right_child=1 2 7 12 13 -7 -8 10 -10 -11 -12 -13 -14 -15
leaf_value=-0.35030998731585433 0.011864937075164887 2.3773760671988269 0.37969879985314398 0.050595894337372806 0.17196519525112758 0.2796660992948119 -0.10957820011272859 0.20135993761658766 2.9368895767444561 -0.35030998731585433 -0.70226478610396581 0.75333625612949151 0.38482436708927381 0.33704333455220387
leaf_weight=24875.250876188278 24440.595546424389 279.37996083498001 2444.4511387348175 2343.3296618461609 1198.5075218081474 1099.8288077116013 11193.109348595142 17166.271615684032 473.16323119401932 8081.1893384456635 1691.156132042408 2242.4900224804878 3212.4451982975006 1200.5378316640854
leaf_count=32289 26914 243 2538 1906 1359 1442 14039 9927 451 5531 544 1247 2318 1292
internal_value=-0.000556573 0.000734398 0.00174427 0.00354645 -3.45645e-05 -0.000240689 -0.000388409 0.00107282 0.00350734 -0.00326051 0.000692743 0.00657091 0.00216128 0.00309498
internal_weight=101942 68985.3 29852.7 8077.64 39132.6 36733.5 35633.7 21775 2917.61 32956.4 18857.4 2521.87 5555.77 2399.05
internal_count=102040 64220 19174 5714 45046 42395 40953 13460 2989 37820 10471 1490 4224 2651
is_linear=0
shrinkage=0.0386495


Tree=13
num_leaves=15
num_cat=0
split_feature=7 23 32 12 5 29 18 0 9 42 37 42 12 9
split_gain=235.603 28.0294 20.0925 20.1483 15.676 13.2124 13.1883 12.7329 11.4604 12.2505 8.7512 7.92076 5.52144 4.21992
threshold=1.0000000180025095e-35 0.28836928308010107 49.500000000000007 -0.94132691621780384 15.151890277862551 60.612764358520515 0.19110786914825442 2.461499929428101 0.021446506492793563 1.0000000180025095e-35 0.32857231795787817 1.0000000180025095e-35 -0.23443175107240674 0.0056048615369945773
decision_type=2 2 2 2 2 2 2 2 2 2 2 2 2 2
left_child=12 4 3 5 7 -3 -5 10 11 -10 -2 -4 -1 -6
right_child=1 2 8 6 13 -7 -8 -9 9 -11 -12 -13 -14 -15
leaf_value=-0.27552588254345917 -0.013665491394350044 0.32506338063120932 0.22339642201725718 0.47733717758498229 0.40037913352730237 1.1591199321771035 -0.3661465589295364 -0.11894486445104005 0.08790075414177248 -0.38198186822700492 0.17893098554251635 3.1923567830549624 -0.33677066636383246 0.21243487543415973
leaf_weight=1354.2413702011108 26126.743886709213 951.52790182828903 5474.9247545003891 10434.714792609215 653.15761351585388 769.47589182853699 1276.7685645222664 7274.3067777752876 9379.9567241072655 2761.1083396077156 3930.3711831569672 676.18502581119537 29119.164182007313 1759.0592237710953
leaf_count=1131 29058 995 5017 5821 678 523 528 9411 5851 911 4646 264 35215 1991
internal_value=-0.000578328 0.000634283 0.001491 0.00262739 -4.81615e-05 0.00654556 0.00204565 -0.000244778 0.000653157 -3.08035e-05 0.000104588 0.00201215 -0.00342398 0.00296835
internal_weight=101942 71468.3 31724.7 13432.5 39743.6 1721 11711.5 37331.4 18292.2 12141.1 30057.1 6151.11 30473.4 2412.22
internal_count=102040 65694 19910 7867 45784 1518 6349 43115 12043 6762 33704 5281 36346 2669
is_linear=0
shrinkage=0.0386495


Tree=14
num_leaves=15
num_cat=0
split_feature=8 1 37 49 16 4 31 13 6 9 24 35 16 14
split_gain=229.78 28.6002 16.0052 15.0247 11.3321 11.0996 10.7982 11.0032 7.77422 6.55883 8.60558 6.43263 5.24058 5.19251
threshold=1.0000000180025095e-35 -4.9158039093017569 0.48321945965290075 1.5000000000000002 -1.012664198875427 -4.3954143524169913 49.500000000000007 0.7072756588459016 -53.089601516723626 0.010992282070219518 33.338058471679695 689.67239379882824 -0.45689007639884943 0.48227724432945257
decision_type=2 2 2 2 2 2 2 2 2 2 2 2 2 2
left_child=-1 5 3 4 -3 6 8 -8 -2 10 -7 -11 13 -4
right_child=1 2 12 -5 -6 9 7 -9 -10 11 -12 -13 -14 -15
leaf_value=-0.32375463398044796 6.180651682424152 0.052542049041094677 0.48072623229036576 0.30188042290455025 -0.060629026213858447 0.29879428942696717 0.040829162692098409 0.17224142784138136 0.98920583337832724 -0.00023759876531006196 0.35378339561097971 0.17119061929206156 0.045883991846248445 0.25408866731056756
leaf_weight=29091.159514605999 62.32607239484787 29305.484457373619 1979.6240232586861 1349.9161757230759 23985.245701849461 127.38263583183289 43.440921783447266 2806.4234267473221 2431.7200427651405 3926.3977944850922 1942.0045249462128 114.15797781944275 2046.4491781592369 2729.9737842082977
leaf_count=35482 26 24813 1716 1618 26113 22 10 2410 1648 2076 1691 49 2019 2347
internal_value=-0.000612877 0.000545996 0.000214161 -4.23654e-06 -0.00010737 0.00231934 0.00361091 0.00195174 0.00548047 0.0011794 0.00295048 0.000256979 0.00198855 0.00269964
internal_weight=101942 72850.5 61396.7 54640.6 53290.7 11453.9 5343.91 2849.86 2494.05 6109.94 2069.39 4040.56 6756.05 4709.6
internal_count=102040 66558 58626 52544 50926 7932 4094 2420 1674 3838 1713 2125 6082 4063
is_linear=0
shrinkage=0.0386495


Tree=15
num_leaves=15
num_cat=0
split_feature=8 1 52 54 23 1 0 22 1 38 23 20 5 13
split_gain=230.859 26.2868 15.0879 12.4527 11.1398 15.1525 9.55152 8.31555 9.11467 7.5523 6.71236 13.6362 8.06398 3.44689
threshold=1.0000000180025095e-35 -4.0450160503387442 1.0000000180025095e-35 0.12249751016497613 0.23350359499454501 13.346055984497072 0.72749999165534984 0.4413855522871018 -7.9082906246185294 -0.24492253363132474 0.90654444694519054 39.140926361083991 -13.945504665374754 2.0246880054473881
decision_type=2 2 2 2 2 2 2 2 2 2 2 2 2 2
left_child=-1 3 4 7 6 -6 -3 8 -2 13 11 -5 -12 -4
right_child=1 2 9 10 5 -7 -8 -9 -10 -11 12 -13 -14 -15
leaf_value=-0.31124166530161507 1.0665123358708819 -0.0019559557127730547 0.20656764872236555 0.15554811951618439 0.14665018142373293 -0.52237698239145125 -0.096259579877025728 0.26922476303089027 0.28014355945787472 0.51896357910115121 0.71721362179363279 0.86843551510519201 -0.20395403352161201 -0.1062725759607797
leaf_weight=29052.910150468349 2359.7991350889206 16354.227452456951 4134.0922467708588 5209.149277806282 19928.155310332775 2761.1655941605568 11149.048267781734 1593.4187031388283 1434.6285148859024 3950.7206814885139 225.10720103979111 579.85421693325043 2267.8211013674736 1408.9821882843971
leaf_count=35397 1331 17903 3607 5212 14841 1166 14674 1079 1085 3774 85 456 663 852
internal_value=-0.000619108 0.000535068 0.000183838 0.00206416 -8.2337e-05 0.000550234 -0.000606297 0.00351518 0.00450402 0.0015969 0.00111256 0.00183675 -0.00054601 0.00066258
internal_weight=102409 73356.2 59686.4 13669.8 50192.6 22689.3 27503.3 5387.85 3794.43 9493.8 8281.93 5789 2492.93 5543.07
internal_count=102125 66728 56817 9911 48584 16007 32577 3495 2416 8233 6416 5668 748 4459
is_linear=0
shrinkage=0.0386495


Tree=16
num_leaves=15
num_cat=0
split_feature=41 23 1 23 5 16 6 0 16 43 2 52 49 25
split_gain=224.742 22.0084 15.5392 12.9528 12.6161 12.2681 10.6598 10.4576 9.29667 14.9399 16.5262 8.39404 8.20381 7.12647
threshold=1.0000000180025095e-35 0.19934358447790149 -4.9158039093017569 3.2683293819427495 -3.7969315052032466 0.52502429485321056 -1.0571525692939756 0.03824999928474427 -3.498293280601501 -1.0000000180025095e-35 4.0120692253112802 1.0000000180025095e-35 1.5000000000000002 0.060720082372426994
decision_type=2 2 2 2 2 2 2 2 2 2 2 2 2 2
left_child=1 5 4 12 13 11 -5 -6 -2 10 -10 -1 -4 -3
right_child=8 2 3 6 7 -7 -8 -9 9 -11 -12 -13 -14 -15
leaf_value=-0.010945057267774944 -0.29921231714500429 0.58893312337608272 0.13562377147456642 0.26368427661113752 1.2644618756719321 -0.10972414134878898 -0.31971984197290293 0.19142663101940574 3.7073588523527445 -0.16954851250462152 -0.61808756365487971 0.35776607448555359 0.43928168724408106 1.3811377507751195
leaf_weight=18073.633489191532 29317.321953833103 3753.6519140005112 28977.277307093143 1081.8318954706192 248.16396504640579 7036.922078192234 3265.6036014556885 5436.0666810870171 142.45014071464539 1807.6531739830971 111.7597473859787 2354.0090072751045 537.52639991044998 265.20868736505508
leaf_count=21638 35347 2674 25499 201 200 9320 601 2973 34 347 49 2646 527 69
internal_value=-0.000652377 0.000550354 0.0010908 0.000697589 0.00245665 -0.00030483 -0.00126574 0.00126931 -0.00337659 -0.000830169 0.00785877 0.000172064 0.000988811 0.00412012
internal_weight=102409 71029.9 43565.3 33862.2 9703.09 27464.6 4347.44 5684.23 31379.2 2061.86 254.21 20427.6 29514.8 4018.86
internal_count=102125 66348 32744 26828 5916 33604 802 3173 35777 430 83 24284 26026 2743
is_linear=0
shrinkage=0.0386495


Tree=17
num_leaves=15
num_cat=0
split_feature=8 23 11 31 4 16 42 16 42 5 13 38 22 40
split_gain=221.349 20.4102 17.2078 18.2978 19.6395 14.0637 14.0085 14.5382 13.5932 9.47685 24.0517 6.97369 5.90743 5.14311
threshold=1.0000000180025095e-35 0.27744746208190924 0.010680563282221557 49.500000000000007 -5.6843996047973624 -0.14329333603382108 1.0000000180025095e-35 -2.9141628742218013 1.0000000180025095e-35 13.514032363891603 5.6551811695098886 -0.24492253363132474 0.40069426596164709 -9.2576575279235822
decision_type=2 2 2 2 2 2 2 2 2 2 2 2 2 2
left_child=-1 5 6 4 -4 9 12 -8 -5 11 -11 -2 -3 -7
right_child=1 2 3 8 -6 13 7 -9 -10 10 -12 -13 -14 -15
leaf_value=-0.28764789779839944 -0.045766037324272278 0.6114395027481726 0.74501909367388897 0.071034738963239044 0.22106719801105329 0.28362129649398832 3.607323676151124 -0.14505855772725154 -0.36975444816504394 0.19334210668009119 0.47501717798083565 0.056630325806264897 0.28103835305249902 -0.081234503887614676
leaf_weight=29052.910150468349 12274.84469628334 1778.3145226836205 4725.6395173072815 13993.425139904022 7378.030991435051 72.503023207187653 352.48219621181488 144.88834178447723 3029.4418892264366 1801.8903371095657 207.81622326374054 12188.770090997219 2599.6590775847435 12808.463844537735
leaf_count=35397 13043 1917 2694 9259 3693 72 138 113 1047 2107 87 13667 2739 16152
internal_value=-0.000679832 0.000450294 0.00114404 0.000785567 0.00193434 -0.00014765 0.00327254 0.00945082 -2.79635e-05 0.000360317 0.00291184 0.000148117 0.00255341 -0.00119603
internal_weight=102409 73356.2 34001.9 29126.5 12103.7 39354.3 4875.34 497.371 17022.9 26473.3 2009.71 24463.6 4377.97 12881
internal_count=102125 66728 21600 16693 6387 45128 4907 251 10306 28904 2194 26710 4656 16224
is_linear=0
shrinkage=0.0386495


Tree=18
num_leaves=15
num_cat=0
split_feature=8 1 49 16 29 35 31 36 0 12 37 8 29 27
split_gain=218.278 18.6187 13.8793 12.7743 11.6231 11.3927 8.54827 6.90753 5.88013 8.03967 4.35359 4.25133 3.86978 3.40915
threshold=1.0000000180025095e-35 -4.0450160503387442 1.5000000000000002 -0.45689007639884943 182.57653808593753 181.89566802978518 114.50000000000001 -0.78829839825630177 0.31724999845027929 -1.4002724289894102 -0.14087089896202085 0.021469695493578914 22.499552726745609 0.047275798395276077
decision_type=2 2 2 2 2 2 2 2 2 2 2 2 2 2
left_child=-1 6 3 5 -5 -3 8 10 9 -2 -8 -9 -4 -10
right_child=1 2 12 4 -6 -7 7 11 13 -11 -12 -13 -14 -15
leaf_value=-0.2765304379757213 0.79464868937327837 0.019752019959408319 0.21437488998612403 -0.074380271374370505 0.46420756878414016 0.31232193178136952 0.26770520080638216 0.15727798470660098 0.10975651970548544 0.40995633365853196 3.0024164430194076 -0.20092109563149346 0.86441154412249566 0.55249161397141311
leaf_weight=29052.910150468349 755.34284645318985 32434.856871724129 1077.1388767957687 19258.354266762733 1102.5501152276993 5514.3865599036217 179.17078822851181 2466.7945475578308 3108.8187752962112 4575.266118824482 115.93094569444656 1924.3066776394844 299.10505086183548 544.14745056629181
leaf_count=35397 728 28069 1421 21601 242 5256 157 2449 2296 2818 107 1106 228 250
internal_value=-0.000699717 0.000422535 0.000126788 3.51738e-05 -0.00074469 0.000455139 0.00170941 0.000356429 0.00240849 0.00323336 0.0060606 -1.63051e-05 0.00396065 0.00118781
internal_weight=102409 73356.2 59686.4 58310.1 20360.9 37949.2 13669.8 4686.2 8983.58 5330.61 295.102 4391.1 1376.24 3652.97
internal_count=102125 66728 56817 55168 21843 33325 9911 3819 6092 3546 264 3555 1649 2546
is_linear=0
shrinkage=0.0386495


Tree=19
num_leaves=15
num_cat=0
split_feature=8 23 32 12 23 16 24 4 54 6 11 23 24 25
split_gain=215.456 18.2885 14.8231 15.5736 13.9568 11.7351 8.96414 7.79944 7.24877 7.07779 6.85679 6.82288 5.57511 3.06683
threshold=1.0000000180025095e-35 0.21952228993177417 49.500000000000007 -0.20435594022274015 3.2683293819427495 0.52502429485321056 24.755545616149906 -2.8405728340148921 0.40735758841037756 1.0000000180025095e-35 0.20722714066505435 0.44955436885356909 1.0000000180025095e-35 -1.3844031343523963e-07
decision_type=2 2 2 2 2 2 2 2 2 2 2 2 2 2
left_child=13 5 3 11 6 9 -4 -6 -5 12 -11 -3 -2 -1
right_child=1 2 4 8 7 -7 -8 -9 -10 10 -12 -13 -14 -15
leaf_value=-0.26584266289558728 0.11870667724251877 0.21640255827272359 -0.13844065619835738 0.11072910467839978 0.11302545497872798 -0.10050317144628386 0.14396095886270169 -0.32864695434579821 0.97351853085367734 0.10270564002545959 0.46476743449932079 0.70859152305494344 -0.032410822537179883 -0.26584266289558728
leaf_weight=5873.7822113037109 296.59388840198517 2867.9772607684135 3521.3671533465385 7290.9833717346191 984.90611660480499 7899.3409828543663 18037.490123033524 2657.0950254797935 137.24668473005295 6971.3935218453407 216.92604559659958 5481.3447431921959 16993.504973948002 23179.127939164639
leaf_count=5235 59 2982 2817 4765 190 10039 15414 485 124 9002 76 2400 18375 30162
internal_value=-0.000718116 0.000396849 0.000939614 0.00186942 0.000355084 -0.000288319 0.000730885 -0.00185274 0.00057216 0.000127512 0.00114825 0.00301622 -0.000293588 -0.00353514
internal_weight=102409 73356.2 40978.4 15777.6 25200.9 32377.8 21558.9 3642 7428.23 24478.4 7188.32 8349.32 17290.1 29052.9
internal_count=102125 66728 29177 10271 18906 37551 18231 675 4889 27512 9078 5382 18434 35397
is_linear=0
shrinkage=0.0386495


Tree=20
num_leaves=15
num_cat=0
split_feature=8 32 23 9 18 18 46 37 28 13 18 6 26 34
split_gain=197.577 21.5072 14.9825 14.5569 10.9709 10.8132 9.82617 8.23516 6.91431 5.84494 9.58766 5.69127 4.73417 3.96614
threshold=1.0000000180025095e-35 49.500000000000007 0.22633107751607898 0.038039643317461021 -0.055874742567539208 0.19110786914825442 1.0000000180025095e-35 0.32857231795787817 94.60632705688478 1.0536879897117617 -0.037731315940618508 -38.160709381103509 -3.2586838116799293e-08 94.814147949218764
decision_type=2 2 2 2 2 2 2 2 2 2 2 2 2 2
left_child=12 2 13 4 6 8 -3 -6 -4 11 -11 -5 -1 -2
right_child=1 3 5 9 7 -7 -8 -9 -10 10 -12 -13 -14 -15
leaf_value=-0.25556796543902238 -0.051672081353527202 0.19301134585263777 0.35718962242787239 1.1006821745587698 -0.0055405186767101041 -0.28707156712353521 2.0821424883057689 0.20269949707396667 1.9098956444800279 0.26803263943162797 -0.049026046079438827 -0.17562461185138684 -0.25556796543902238 0.77375771067429744
leaf_weight=6170.7588491439819 4785.1651784181595 2762.8968815803528 13753.990410983562 145.161545753479 27308.553445398808 1285.6797285079956 634.74044287204742 3424.9834434986115 507.98604661226273 957.4474088549614 7410.344987988472 10338.311909794807 22783.483035445213 109.68828147649765
leaf_count=5803 6025 2432 9211 69 28247 539 456 3734 253 873 8416 6477 29662 127
internal_value=-0.000738324 0.000327179 0.00139218 -8.26803e-05 0.000392227 0.00197993 0.00247678 0.000159744 0.0022875 -0.000945549 -0.000175889 -0.0015542 -0.00344217 -0.000462895
internal_weight=102379 73424.9 20442.5 52982.4 34131.2 15547.7 3397.64 30733.5 14262 18851.3 8367.79 10483.5 28954.2 4894.85
internal_count=102324 66859 16155 50704 34869 10003 2888 31981 9464 15835 9289 6546 35465 6152
is_linear=0
shrinkage=0.0386495


Tree=21
num_leaves=15
num_cat=0
split_feature=7 52 32 16 4 5 24 25 35 16 7 0 32 5
split_gain=190.886 20.8789 15.848 10.9044 9.5962 8.85661 7.90706 7.24794 6.44253 13.719 11.2115 6.10807 9.6882 5.40488
threshold=1.0000000180025095e-35 1.0000000180025095e-35 22.500000000000004 1.3662191629409792 -4.8217360973358145 -32.528430938720696 49.029554367065437 -1.3844031343523963e-07 4.7085537910461435 -1.7189747691154478 0.015884254127740863 0.055250000208616264 107.50000000000001 15.151890277862551
decision_type=2 2 2 2 2 2 2 2 2 2 2 2 2 2
left_child=7 2 4 5 6 -4 -2 -1 9 10 -3 12 -10 -5
right_child=1 8 3 13 -6 -7 -8 -9 11 -11 -12 -13 -14 -15
leaf_value=-0.2456903803446121 0.43627331217656845 0.93095117051215981 0.32326845567587453 -0.14018543789558371 0.11448593200049148 -0.0063010149990162714 1.5513032043132631 -0.2456903803446121 1.5340560118219955 -0.15451350351985027 9.4979211480316561 0.2083387003443356 0.093857571485329805 0.36817225496498368
leaf_weight=7041.2003613114357 2175.4797780513763 74.880878150463104 1701.9138172268867 6028.4824740886688 3991.1417610049248 45201.303332448006 251.08438897132874 23360.74672794342 1839.0923478603363 96.537043750286102 59.504343807697296 8747.0117809772491 1213.7379767894745 597.07458394765854
leaf_count=6041 1653 51 1009 7195 3101 42210 57 30322 1326 48 21 7435 1316 539
internal_value=-0.000778482 0.000305419 9.53261e-06 -0.000207112 0.00182505 0 0.00374575 -0.0033464 0.00177469 0.00820459 0.0161592 0.00164257 0.00314113 -0.00167458
internal_weight=102379 71977.2 59946.5 53528.8 6417.71 46903.2 2426.56 30401.9 12030.8 230.922 134.385 11799.8 3052.83 6625.56
internal_count=102324 65961 55764 50953 4811 43219 1710 36363 10197 120 72 10077 2642 7734
is_linear=0
shrinkage=0.0386495


Tree=22
num_leaves=15
num_cat=0
split_feature=8 32 49 9 27 35 4 3 54 5 25 45 5 9
split_gain=188.457 17.3528 15.7386 13.2264 11.9215 9.31495 8.21802 8.67323 6.32697 6.28829 5.02529 4.50562 5.28973 2.62612
threshold=1.0000000180025095e-35 49.500000000000007 1.5000000000000002 0.034816436469554908 0.0072150428313761958 181.89566802978518 -14.624006748199461 -29.994930267333981 0.72492629289627086 -42.347188949584954 -1.3844031343523963e-07 1.0000000180025095e-35 -13.945504665374754 0.35457295179367071
decision_type=2 2 2 2 2 2 2 2 2 2 2 2 2 2
left_child=10 4 3 5 6 -3 7 -2 -8 -5 -1 12 -4 -6
right_child=1 2 11 9 13 -7 8 -9 -10 -11 -12 -13 -14 -15
leaf_value=-0.23619455940100101 1.2967832701314996 -0.0043601329293469562 1.5790039054839629 0.4901206555993049 -0.18841015102772718 0.25534152944432947 0.20652982546456014 0.41354498052360561 1.4702571785714651 -0.10087687032792622 -0.23619455940100101 -0.50086610684424204 0.32361132106370816 0.07117269700206233
leaf_weight=5862.0052633285522 435.28876745700836 26491.25443392992 62.842670798301697 528.25575685501099 1698.2108619213104 5867.2859885692596 13794.211932957172 2882.9090961813927 99.49757444858551 18715.253619194031 23092.236621260643 119.93503272533417 1197.6125636696815 1532.3914130330086
leaf_count=5281 195 27030 61 201 1585 5829 11203 1968 114 15969 30184 129 1485 1090
internal_value=-0.000797809 0.00024278 -0.000125307 -0.000235386 0.00119954 0.000240339 0.00160513 0.00334248 0.00118561 -0.00103829 -0.00343847 0.00394213 0.00464143 -0.000943078
internal_weight=102379 73424.9 52982.4 51602 20442.5 32358.5 17211.9 3318.2 13893.7 19243.5 28954.2 1380.39 1260.46 3230.6
internal_count=102324 66859 50704 49029 16155 32859 13480 2163 11317 16170 35465 1675 1546 2675
is_linear=0
shrinkage=0.0386495


Tree=23
num_leaves=15
num_cat=0
split_feature=8 32 52 5 24 4 1 9 3 13 29 54 26 13
split_gain=186.124 16.2948 12.14 10.7517 13.3067 10.6283 11.3343 8.69665 7.33397 7.10441 6.64446 5.55372 4.93734 4.68603
threshold=1.0000000180025095e-35 49.500000000000007 1.0000000180025095e-35 -32.528430938720696 60.574262619018562 -5.2410974502563468 -17.371451377868649 0.054951114580035217 -29.994930267333981 1.1941192746162417 7.6927847862243661 0.78761583566665661 -3.2586838116799293e-08 0.95650717616081249
decision_type=2 2 2 2 2 2 2 2 2 2 2 2 2 2
left_child=12 5 3 4 -3 6 8 -5 -2 10 -4 13 -1 -7
right_child=1 2 9 7 -6 11 -8 -9 -10 -11 -12 -13 -14 -15
leaf_value=-0.22706574759819004 3.4236447147160627 0.1899654604776555 1.2280246282183436 -0.0086222785717089186 1.6063842815294149 -0.070570252503690617 0.27503947816465196 -0.10649434253442863 1.3045843294184618 0.035489254250850213 0.44546549235976801 1.6971957925508221 -0.22706574759819004 0.16222758403327914
leaf_weight=6170.7588491439819 160.64778345823288 1186.3170829415321 544.24546760320663 30143.892119467258 105.4955934882164 4301.0797813534737 6434.4593731164932 13774.27416074276 581.73795002698898 4133.2308307886124 3094.9848107099533 67.386268854141235 22783.483035445213 8897.1984891891479
leaf_count=5803 66 835 481 31926 29 2688 5162 11498 266 3311 2624 72 29662 7901
internal_value=-0.000811442 0.000222678 -0.000133991 -0.00037757 0.00308896 0.00114984 0.00234995 -0.000480991 0.00689402 0.0012751 0.00252105 0.00049595 -0.0034357 0.000433981
internal_weight=102379 73424.9 52982.4 45210 1291.81 20442.5 7176.85 43918.2 742.386 7772.46 3639.23 13265.7 28954.2 13198.3
internal_count=102324 66859 50704 44288 864 16155 5494 43424 332 6416 3105 10661 35465 10589
is_linear=0
shrinkage=0.0386495


Tree=24
num_leaves=15
num_cat=0
split_feature=7 23 32 27 42 11 25 49 0 33 16 15 33 12
split_gain=181.344 14.7267 10.9027 11.6015 7.80906 33.768 7.48826 6.85115 6.82989 6.19773 5.60237 4.19487 3.89372 2.60079
threshold=1.0000000180025095e-35 0.1386688053607941 49.500000000000007 0.0057078567333519467 1.0000000180025095e-35 0.011710876598954202 -1.3844031343523963e-07 1.5000000000000002 0.03024999983608723 81.880702972412124 0.52502429485321056 28.360026359558109 452.61666870117193 0.58957195281982433
decision_type=2 2 2 2 2 2 2 2 2 2 2 2 2 2
left_child=6 7 3 9 8 -6 -1 10 -4 -3 12 -8 -2 -9
right_child=1 2 4 -5 5 -7 11 13 -10 -11 -12 -13 -14 -15
leaf_value=-0.21828976020057486 -0.0061812995668788107 0.27268503612152439 -0.3323345632693136 -0.11906117752836512 1.3907852397612803 -0.25320879955270109 -0.21828976020057486 0.084847218348291148 0.05488907778038133 1.2380200293654078 -0.13606613662218192 1.1682751840179246 -0.11187880292814055 0.43792962694015941
leaf_weight=7041.2003613114357 7829.3047631382942 14822.727406442165 1191.5398100018501 3064.9162841439247 1203.8448467850685 5066.6867914795876 23336.906007707119 520.86466830968857 30222.087270200253 527.34935039281845 4434.4377596974373 23.840720236301422 2918.5346099734306 174.9509465098381
leaf_count=6041 9073 10903 619 2348 619 1613 30306 716 30105 449 5813 16 3464 239
internal_value=-0.000838245 0.000218183 0.000512936 0.00128403 0.000134543 -0.00110816 -0.00334112 -0.000819496 0.000384501 0.00171875 -0.000994338 -0.00367806 -0.000510174 0.00290429
internal_weight=102379 71977.2 56099.2 18415 37684.2 6270.53 30401.9 15878.1 31413.6 15350.1 15182.3 23360.7 10747.8 695.816
internal_count=102324 65961 46656 13700 32956 2232 36363 19305 30724 11352 18350 30322 12537 955
is_linear=0
shrinkage=0.0386495


Tree=25
num_leaves=15
num_cat=0
split_feature=7 52 31 4 49 23 33 38 13 16 7 25 33 4
split_gain=182.185 19.4574 12.2916 13.4725 9.18434 9.11266 8.67344 7.36699 6.96992 6.98161 8.69642 6.75368 5.17911 4.2178
threshold=1.0000000180025095e-35 1.0000000180025095e-35 49.500000000000007 -5.2410974502563468 1.5000000000000002 0.5262318253517152 88.908332824707045 0.52644634246826183 1.8295034766197207 -2.6557012796401973 0.0041840099729597577 -1.3844031343523963e-07 764.18334960937511 -26.895245552062985
decision_type=2 2 2 2 2 2 2 2 2 2 2 2 2 2
left_child=11 2 3 5 7 -2 -5 -4 9 10 -3 -1 -11 -13
right_child=1 8 4 6 -6 -7 -8 -9 -10 12 -12 13 -14 -15
leaf_value=-0.20985296070610124 0.094684936446717535 0.37904770162226559 -0.069741594366924897 -0.017159707898052386 0.29285907128024097 0.88970102154129849 1.1312493851591134 0.026962444648226804 0.001528543508946211 0.241451466423068 1.3173679065061363 1.1231218819442412 -0.4839429370713953 -0.20985296070610124
leaf_weight=7025.9032192230225 2604.9836376309395 2006.0756371617317 31961.188145816326 10403.216829240322 1072.877021074295 2772.2989701628685 201.70862418413162 10806.991661906242 3099.8792223930359 4808.1740323901176 1558.9262122511864 23.668249607086182 557.23782086372375 23312.904938817024
leaf_count=6026 2781 2033 31663 7838 1385 1049 144 10635 2279 4535 1088 17 343 30372
internal_value=-0.000840452 0.000219493 -6.48038e-05 0.000851534 -0.0004002 0.00242724 4.67891e-05 -0.000490033 0.00163781 0.00218595 0.00352087 -0.0033506 0.00128719 -0.00367114
internal_weight=102216 71853.6 59823.3 15982.2 43841.1 5377.28 10604.9 42768.2 12030.3 8930.41 3565 30362.5 5365.41 23336.6
internal_count=102188 65773 55495 11812 43683 3830 7982 42298 10278 7999 3121 36415 4878 30389
is_linear=0
shrinkage=0.0386495


Tree=26
num_leaves=15
num_cat=0
split_feature=16 24 16 52 29 28 16 35 29 32 5 25 16 35
split_gain=180.165 18.0775 17.1472 11.0188 10.3233 14.6193 8.43596 7.69827 8.56365 7.01519 7.81418 6.66734 6.6234 5.85274
threshold=-3.498293280601501 49.999616622924812 -0.45689007639884943 1.0000000180025095e-35 182.57653808593753 24.054379463195804 0.32678250968456274 4.7085537910461435 46.668233871459968 107.50000000000001 -32.528430938720696 -1.3844031343523963e-07 -3.0737084150314327 181.89566802978518
decision_type=2 2 2 2 2 2 2 2 2 2 2 2 2 2
left_child=1 -1 3 9 -4 6 -6 8 -5 10 -2 -3 -9 -11
right_child=2 11 4 7 5 -7 -8 12 -10 13 -12 -13 -14 -15
leaf_value=0.20820449740143587 0.92569435467358163 -0.2017422396572888 -0.064759118676386396 -0.23354983315313757 0.057356299764472672 -0.4068687677576478 1.1014890703317637 1.0093082614215139 2.7472864363162444 -0.048889221536973046 0.089427685196397461 -0.2017422396572888 0.196083349403646 0.15195154789549564
leaf_weight=1426.7737850546837 823.55742597579956 7115.891242980957 22548.812685012817 74.242939114570618 441.52636474370956 634.86256819963455 723.12307643890381 1710.640517771244 125.14562481641769 14009.965764224529 17034.947568833828 24836.221073567867 7336.6809255480766 3373.6426604390144
leaf_count=971 427 6027 24750 60 113 101 191 1499 43 16028 11095 30958 6354 3571
internal_value=-0.000852624 -0.00318288 0.000276528 0.000728348 -0.000546641 0.00226071 0.00484638 0.00191741 0.00945871 0.00041463 0.00095299 -0.00337338 0.00174275 -0.000135149
internal_weight=102216 33378.9 68837.1 44488.8 24348.3 1799.51 1164.65 9246.71 199.389 35242.1 17858.5 31952.1 9047.32 17383.6
internal_count=102188 37956 64232 39077 25155 405 304 7956 103 31121 11522 36985 7853 19599
is_linear=0
shrinkage=0.0386495


Tree=27
num_leaves=15
num_cat=0
split_feature=16 16 11 35 7 35 32 29 28 6 16 33 11 15
split_gain=178.383 15.7236 13.7629 10.4678 15.3245 10.0569 21.3828 9.94261 14.402 9.02646 8.22044 8.13914 5.25881 5.22034
threshold=-3.498293280601501 -0.45689007639884943 1.0000000180025095e-35 8.6052389144897479 0.021981459110975269 181.89566802978518 192.50000000000003 182.57653808593753 24.054379463195804 1.0000000180025095e-35 0.32678250968456274 452.61666870117193 0.0091063007712364214 -18.866442680358883
decision_type=2 2 2 2 2 2 2 2 2 2 2 2 2 2
left_child=2 3 -1 4 12 11 -7 13 10 -6 -9 -5 -2 -3
right_child=1 7 -4 5 9 6 -8 8 -10 -11 -12 -13 -14 -15
leaf_value=-0.19394499427119893 0.10331972174708565 0.20824630701609972 -0.19394499427119893 0.05682193572355642 4.2358680931947941 1.0611669500655534 0.14607868999647527 0.055139504984849763 -0.3911434757834355 0.11949306795191378 1.0589170210372647 -0.12989707401616804 -0.031013888225888835 -0.071255645229331935
leaf_weight=24864.132382035255 481.40316784381866 1459.4917274713516 8514.7537195682526 32245.220291316509 530.2721358537674 1150.4994163513184 5134.8475318551064 441.52636474370956 634.86256819963455 271.79124337434769 723.12307643890381 3453.0183213353157 1221.7713187932968 21089.320957541466
leaf_count=32369 312 1202 5587 27724 172 596 5214 113 101 94 191 4150 815 23548
internal_value=-0.000864626 0.00025892 -0.00318333 0.000691609 0.00312249 0.000545031 0.00197198 -0.000529292 0.00222573 0.00753177 0.00479237 0.000292069 0.00100567 -0.000751906
internal_weight=102216 68837.1 33378.9 44488.8 2505.24 41983.6 6285.35 24348.3 1799.51 802.063 1164.65 35698.2 1703.17 22548.8
internal_count=102188 64232 37956 39077 1393 37684 5810 25155 405 266 304 31874 1127 24750
is_linear=0
shrinkage=0.0386495


Tree=28
num_leaves=15
num_cat=0
split_feature=8 33 29 42 8 42 12 40 23 35 38 25 35 8
split_gain=176.779 12.9764 12.8401 13.1188 11.6373 10.5657 8.96125 8.71267 8.44289 8.51847 8.00159 4.80702 3.28225 2.56454
threshold=1.0000000180025095e-35 20.416666030883793 28.002732276916507 1.0000000180025095e-35 0.043122110888361938 1.0000000180025095e-35 -0.26057739555835718 -7.8178992271423331 0.31130290031433111 137.06092834472659 0.52644634246826183 -1.3844031343523963e-07 7.0236384868621835 2.6341285705566411
decision_type=2 2 2 2 2 2 2 2 2 2 2 2 2 2
left_child=11 2 12 6 8 7 -4 -6 10 -10 -3 -1 -2 -5
right_child=1 4 3 13 5 -7 -8 -9 9 -11 -12 -13 -14 -15
leaf_value=-0.18644910885669552 -0.14386359638757029 -0.029217636053829391 0.86382655909089801 18.285184492606856 0.59766372568405424 -0.26227954956986488 -0.018135655105409852 -0.052749018720705233 0.0843514826810014 0.60377020807975135 0.084667360241251516 -0.18644910885669552 0.14593232385779586 0.34687281213226184
leaf_weight=5861.1403080821037 1616.0607095956802 23357.251914203167 2273.9047926068306 134.28347945213318 821.07388997077942 3338.2417733669281 1191.7090105414391 17949.577425003052 10477.303012907505 3133.9786511063576 7356.5200634002686 23068.425469279289 1521.3895421624184 115.17418104410172
leaf_count=5262 1550 25652 1404 37 356 1234 623 16217 7386 2555 8043 30252 1590 27
internal_value=-0.000874933 0.000134181 0.0017354 0.00327259 -3.01554e-05 -0.00075521 0.00263082 -0.000395156 0.000330205 0.00113149 -2.30614e-05 -0.00343313 -6.72613e-05 0.011866
internal_weight=102216 73286.5 6852.52 3715.07 66433.9 22108.9 3465.61 18770.7 44325.1 13611.3 30713.8 28929.6 3137.45 249.458
internal_count=102188 66674 5231 2091 61443 17807 2027 16573 43636 9941 33695 35514 3140 64
is_linear=0
shrinkage=0.0386495


Tree=29
num_leaves=15
num_cat=0
split_feature=8 52 31 23 6 49 23 8 10 45 11 34 25 45
split_gain=172.786 13.7758 10.7972 9.48204 11.4013 7.66948 7.25196 4.84551 9.772 11.3904 7.13433 5.49972 4.84359 2.67421
threshold=1.0000000180025095e-35 1.0000000180025095e-35 49.500000000000007 0.35699190199375158 4.1682753562927255 1.5000000000000002 1.1566997766494753 0.035346012562513358 0.023698599077761177 1.0000000180025095e-35 0.011710876598954202 4.2709927558898935 -1.3844031343523963e-07 1.0000000180025095e-35
decision_type=2 2 2 2 2 2 2 2 2 2 2 2 2 2
left_child=12 2 3 -2 -5 6 -4 8 10 -10 -3 -9 -1 -13
right_child=1 7 5 4 -6 -7 -8 11 9 -11 -12 13 -14 -15
leaf_value=-0.179242935988569 -0.028536231080767617 0.49835942174162523 -0.026642851159242271 0.50779595442638437 -0.10813806490741715 0.28162790282751837 -0.17898975440545603 0.7302635416535781 0.64760786617685573 -0.24590594246401004 -0.021491965550711273 0.099506235272420543 -0.179242935988569 -0.33767327479222103
leaf_weight=5861.1403080821037 6821.1045324206352 4096.7589412927628 37302.160005331039 6191.2225934267044 3178.4933020472527 1094.5030903816223 6299.7548374533653 94.376551747322083 1484.5827328562737 475.91057109832764 3792.7520645260811 1614.8960116505623 23068.425469279289 839.9532111287117
leaf_count=5262 7725 4178 41118 2619 1593 1399 1596 36 1158 494 2881 1276 30252 601
internal_value=-0.000903082 9.45561e-05 -0.000143726 0.000709966 0.00150913 -0.000454282 -0.000535656 0.00126916 0.00165848 0.00410936 0.00104122 -0.000212526 -0.00343221 -0.000589783
internal_weight=102216 73286.5 60887.2 16190.8 9369.72 44696.4 43601.9 12399.2 9850 1960.49 7889.51 2549.23 28929.6 2454.85
internal_count=102188 66674 56050 11937 4212 44113 42714 10624 8711 1652 7059 1913 35514 1877
is_linear=0
shrinkage=0.0386495


Tree=30
num_leaves=15
num_cat=0
split_feature=7 52 42 10 7 46 29 25 35 45 13 5 1 36
split_gain=168.916 9.92671 9.15444 10.7038 14.41 9.63775 9.15551 7.63798 7.48753 6.0791 5.29599 5.17845 3.92314 6.56493
threshold=1.0000000180025095e-35 1.0000000180025095e-35 1.0000000180025095e-35 0.0038270814111456279 0.0032191728241741662 1.0000000180025095e-35 21.331123352050785 -1.3844031343523963e-07 126.49353790283205 1.0000000180025095e-35 1.8295034766197207 40.288143157958991 -2.2292370796203609 0.6443997621536256
decision_type=2 2 2 2 2 2 2 2 2 2 2 2 2 2
left_child=7 2 6 4 -4 -5 9 -1 -8 -2 12 -12 -3 -14
right_child=1 10 3 5 -6 -7 8 -9 -10 -11 11 -13 13 -15
leaf_value=-0.17231527840927252 0.0013656362028900166 0.5166312270796467 0.035570335539897135 -0.15798905031334368 0.39408460396321232 2.0196735844625358 0.070372112113085208 -0.17231527840927252 0.27105606833195212 -0.089680887189975689 -0.089299346125766371 1.9145228700323531 0.09927046441268246 1.0141742797793678
leaf_weight=6880.3833672404289 19941.668011963367 3064.6618359684944 912.48992973566055 6465.2042800188065 111.04980486631393 170.25854647159576 20281.892563760281 23404.04501748085 2255.104355096817 9798.8756651878357 2869.7443398237228 69.5006964802742 4966.6044944524765 715.06131160259247
leaf_count=5998 25343 2669 436 2589 70 60 13030 30520 1984 12274 2182 47 4525 669
internal_value=-0.000927928 9.45161e-05 -0.000105521 -0.00135366 0.00229626 -0.00192593 7.62753e-05 -0.00334775 0.000664724 -0.000367709 0.00112533 -0.000277138 0.00160322 0.000985403
internal_weight=101907 71622.1 59936.5 7659 1023.54 6635.46 52277.5 30284.4 22537 29740.5 11685.6 2939.25 8746.33 5681.67
internal_count=102396 65878 55786 3155 506 2649 52631 36518 15014 37617 10092 2229 7863 5194
is_linear=0
shrinkage=0.0386495


Tree=31
num_leaves=15
num_cat=0
split_feature=8 49 23 27 14 25 45 28 5 34 11 9 0 29
split_gain=166.799 9.34788 9.81997 8.46884 11.5844 5.3417 4.55891 3.53942 3.21586 2.85063 2.83517 3.60471 2.49375 1.57655
threshold=1.0000000180025095e-35 1.5000000000000002 0.08930243551731111 0.0072150428313761958 0.95192366838455211 -1.3844031343523963e-07 1.0000000180025095e-35 94.60632705688478 -13.945504665374754 32.997980117797859 0.012596536893397571 0.010992282070219518 4.1345000267028817 5.7167615890502939
decision_type=2 2 2 2 2 2 2 2 2 2 2 2 2 2
left_child=5 2 10 4 -4 13 8 -5 9 -3 11 -2 -10 -1
right_child=1 6 3 7 -6 -7 -8 -9 12 -11 -12 -13 -14 -15
leaf_value=0.59358314895483244 -0.073323467233776973 0.44508895583876734 0.0024214600043002345 -0.074148040232666731 0.19222909419098494 -0.16565537163014726 -0.45272763730576565 -0.94879286935664175 0.32551477547614771 0.62067931052867953 -0.15188284570442737 0.55725465560784537 -0.039593968493325464 -0.16565537163014726
leaf_weight=143.9011327624321 1759.4295976758003 39.259645998477936 47692.28961700201 7187.6714826226234 10093.924712479115 23095.509312987328 149.31990659236908 1042.0841197371483 1210.8964784145355 42.899218201637268 3539.5492841005325 59.537536263465881 178.133056640625 5672.1391186714172
leaf_count=166 1651 36 41278 6876 10236 30376 162 310 1447 43 4461 14 239 5101
internal_value=-0.000936762 4.65555e-05 -1.85801e-05 0.000109776 0.000275781 -0.00342125 0.00294764 -0.00104859 0.00361999 0.0112431 -0.00161017 -0.000331744 0.0031119 -0.00234514
internal_weight=101907 72995 71374.5 66016 57786.2 28911.5 1620.51 8229.76 1471.19 82.1589 5358.52 1818.97 1389.03 5816.04
internal_count=102396 66753 64826 58700 51514 35643 1927 7186 1765 79 6126 1665 1686 5267
is_linear=0
shrinkage=0.0386495


Tree=32
num_leaves=15
num_cat=0
split_feature=7 23 42 9 23 27 34 33 25 28 49 9 9 12
split_gain=165.807 8.84853 8.60952 13.4363 20.6739 11.1594 8.28533 7.78037 7.67938 3.97425 2.49878 2.49709 7.70263 1.85688
threshold=1.0000000180025095e-35 0.08930243551731111 1.0000000180025095e-35 0.0060784346424043187 0.48329836130142217 0.0072150428313761958 577.11499023437511 118.71538162231447 -1.3844031343523963e-07 94.60632705688478 1.5000000000000002 0.0037268582964316015 0.0028472054982557897 -0.62096670269966114
decision_type=2 2 2 2 2 2 2 2 2 2 2 2 2 2
left_child=8 10 5 4 -4 7 -5 -3 13 -7 11 12 -2 -1
right_child=1 2 3 6 -6 9 -8 -9 -10 -11 -12 -13 -14 -15
leaf_value=0.49593959747653976 -0.1394970022274748 0.14152880962679407 0.10890895120458864 -0.16132778495802538 2.5469842410038463 -0.06089183631095247 0.86296365788010154 0.0044265794015881923 -0.15925286720510287 -0.90945832178191932 0.23307036776259335 -0.12647891361110031 0.32968645485771347 -0.15925286720510287
leaf_weight=203.42102706432343 1159.3656473755836 27366.494442462921 1100.9292715191841 6587.2505602836609 71.180248260498047 7373.9924619197845 476.94503539800644 22152.174022078514 23404.04501748085 1052.7791439294815 253.70387595891953 3812.0284478664398 215.27267837524414 6676.9623401761055
leaf_count=227 1069 23986 647 2435 30 7125 177 24889 30520 317 352 4652 199 5771
internal_value=-0.000949434 6.35441e-05 0.000187504 -0.000979733 0.00283147 0.000354442 -0.00162093 0.000576432 -0.00334687 -0.000942996 -0.00143328 -0.00162316 -0.000164355 -0.0021897
internal_weight=101907 71622.1 66181.7 8236.31 1172.11 57945.4 7064.2 49518.7 30284.4 8426.77 5440.37 5186.67 1374.64 6880.38
internal_count=102396 65878 59606 3289 677 56317 2612 48875 36518 7442 6272 5920 1268 5998
is_linear=0
shrinkage=0.0386495


Tree=33
num_leaves=15
num_cat=0
split_feature=7 52 1 31 28 23 25 23 22 29 33 25 36 49
split_gain=164.276 9.1893 8.04114 9.7075 9.69312 7.76557 7.6168 4.00712 4.87437 5.52335 4.01547 4.72233 2.24378 2.063
threshold=1.0000000180025095e-35 1.0000000180025095e-35 21.059002876281742 49.500000000000007 50.103040695190437 0.23350359499454501 -1.3844031343523963e-07 0.39619936048984533 0.83782964944839489 19.446323394775394 671.28332519531261 0.03899036347866059 1.1761944293975832 1.5000000000000002
decision_type=2 2 2 2 2 2 2 2 2 2 2 2 2 2
left_child=6 2 3 5 -5 -2 -1 10 9 -9 11 -3 -4 -12
right_child=1 7 12 4 -6 -7 -8 8 -10 -11 13 -13 -14 -15
leaf_value=-0.15309781665076197 -0.049355405085625227 0.10438597391714145 -0.90625582248288217 -0.035682860045112993 0.53153448689335769 0.22025924164665908 -0.15309781665076197 1.4637959075594624 -0.18989995066618889 0.32936604164509953 -0.28179371515965401 0.32338056452699071 0.66626043258767276 0.16083318237141075
leaf_weight=6880.3833672404289 4237.331153690815 5631.7345460653305 1785.2510481476784 42154.547990918159 1020.3451824784279 10617.816085100174 23404.04501748085 691.96022343635559 741.74729627370834 3525.6488862037659 891.9071079492569 133.61620980501175 121.25169676542282 68.95840859413147
leaf_count=5998 5121 5849 626 42961 665 6352 30520 465 541 2365 686 114 61 72
internal_value=-0.000961871 4.6413e-05 -0.000146053 -6.38423e-05 -0.000357987 0.000787089 -0.0033482 0.00103841 0.00187505 0.00238706 0.000412541 0.000805225 -0.0026153 -0.00188019
internal_weight=101907 71622.1 59936.5 58030 43174.9 14855.1 30284.4 11685.6 4959.36 4217.61 6726.22 5765.35 1906.5 960.866
internal_count=102396 65878 55786 55099 43626 11473 36518 10092 3371 2830 6721 5963 687 758
is_linear=0
shrinkage=0.0386495


Tree=34
num_leaves=15
num_cat=0
split_feature=7 52 18 31 28 25 23 13 23 9 5 6 6 36
split_gain=163.355 8.75404 7.92654 8.87717 9.23541 7.67938 7.10906 4.47695 5.34999 8.75697 4.87507 3.86408 3.64654 2.2309
threshold=1.0000000180025095e-35 1.0000000180025095e-35 0.19110786914825442 49.500000000000007 50.103040695190437 -1.3844031343523963e-07 0.23350359499454501 1.4817777276039126 0.42094911634922033 0.0081747160293161886 62.073150634765632 1.0000000180025095e-35 50.014417648315437 1.1761944293975832
decision_type=2 2 2 2 2 2 2 2 2 2 2 2 2 2
left_child=5 2 3 6 -5 -1 -2 8 11 -10 12 -3 -9 -4
right_child=1 7 13 4 -6 -7 -8 10 9 -11 -12 -13 -14 -15
leaf_value=-0.14718065598808441 -0.047447841229705814 -0.042234914946502944 -0.87122944901505706 -0.034303733807980429 0.51099092183470973 -0.14718065598808441 0.2117463225941566 0.012846938925041029 1.349753912860125 0.41694066080049241 0.61682034841424349 0.32612182392596423 -0.64334850001400024 0.64050977128464825
leaf_weight=6880.3833672404289 4237.331153690815 2611.2065412998199 1785.2510481476784 42154.547990918159 1020.3451824784279 23404.04501748085 10617.816085100174 3445.8322939276695 648.03292453289032 2984.6100388765335 99.060593843460083 1363.5332900285721 533.29699581861496 121.25169676542282
leaf_count=5998 5121 2492 626 42961 665 30520 6352 3101 608 1965 41 1634 251 61
internal_value=-0.000967242 3.82062e-05 -0.000149631 -6.79997e-05 -0.000349315 -0.00334687 0.000745649 0.00100647 0.00156034 0.00263648 -1.27603e-05 0.0005614 -0.000239724 -0.00260128
internal_weight=101907 71622.1 59936.5 58030 43174.9 30284.4 14855.1 11685.6 7607.38 3632.64 4078.19 3974.74 3979.13 1906.5
internal_count=102396 65878 55786 55099 43626 36518 11473 10092 6699 2573 3393 4126 3352 687
is_linear=0
shrinkage=0.0386495


Tree=35
num_leaves=15
num_cat=0
split_feature=16 22 16 42 0 16 11 7 7 18 54 23 18 11
split_gain=165.018 21.3739 10.9412 9.23536 8.00624 10.5162 8.84251 7.89046 7.18325 6.32498 6.97462 6.26024 5.51438 5.40528
threshold=-3.498293280601501 0.40069426596164709 -1.2064763307571409 1.0000000180025095e-35 0.15850000083446505 -2.9907571077346797 0.32273086905479437 0.44437283277511602 0.24625243991613391 -0.034288194030523293 0.34076471626758581 0.09367320686578752 0.19110786914825442 1.0000000180025095e-35
decision_type=2 2 2 2 2 2 2 2 2 2 2 2 2 2
left_child=1 9 4 11 5 7 -6 -2 -8 10 -1 -4 -13 -3
right_child=2 13 3 -5 6 -7 8 -9 -10 -11 -12 12 -14 -15
leaf_value=2.3527369819655544 0.20109654914468889 -0.14149219088144999 -0.098079682436717663 -0.12394831880300283 0.17499174625512035 -0.018380392422405578 0.19523565893626865 0.36370923321945869 0.962096522593616 0.025721746122749325 -0.2766431013342231 0.022329067483094805 -0.73810330360314824 -0.14149219088144999
leaf_weight=169.52803963422775 7533.1745369434357 24928.490019261837 3571.1841824054718 4472.4622719883919 7944.061818420887 19874.745750427246 157.02259081602097 72.662054002285004 89.686394453048706 1189.835967361927 110.504798412323 24040.332805514336 976.15103262662888 7064.5850428342819
leaf_count=111 5473 32455 4994 1860 7575 16640 71 9 14 972 96 27256 310 4463
internal_value=-0.000955876 -0.00318169 0.000127011 -0.000378436 0.000597079 0.000278372 0.00165896 0.00150121 0.00888109 0.00134575 0.00655249 -0.000120713 9.32366e-05 -0.00339158
internal_weight=102194 33462.9 68731.5 33060.1 35671.4 27480.6 8190.77 7605.84 246.709 1469.87 280.033 28587.7 25016.5 31993.1
internal_count=102299 38097 64202 34420 29782 22122 7660 5482 85 1179 207 32560 27566 36918
is_linear=0
shrinkage=0.0386495


Tree=36
num_leaves=15
num_cat=0
split_feature=8 52 42 23 46 29 1 11 1 25 38 35 14 35
split_gain=166.185 11.0672 9.38993 12.6849 11.2522 10.9875 9.17661 8.86116 4.86458 4.73502 4.59293 3.28668 5.41065 3.24131
threshold=1.0000000180025095e-35 1.0000000180025095e-35 1.0000000180025095e-35 0.19934358447790149 1.0000000180025095e-35 26.523844718933109 21.059002876281742 0.0083550368435680884 -17.371451377868649 -1.3844031343523963e-07 0.45776045322418218 27.894509315490726 0.34595893323421484 1196.0657348632815
decision_type=2 2 2 2 2 2 2 2 2 2 2 2 2 2
left_child=9 2 3 10 7 -6 -5 -4 11 -1 -2 12 -3 -10
right_child=1 8 4 6 5 -7 -8 -9 13 -11 -12 -13 -14 -15
leaf_value=-0.13602358235210935 -0.076226271724501998 -0.041753231884550573 0.045836315874207244 0.093594502038911107 -1.0632889808659443 2.1626332036404756 -0.62604071361719082 -0.1609782348785799 0.16778205780493038 -0.13602358235210935 0.015494859801070453 0.48050837488078196 2.6510367297101931 -0.38213932980490928
leaf_weight=5887.9174492359161 16374.311051607132 72.616047441959381 1660.7066423296928 28871.970325648785 93.003663241863251 114.21702361106873 1643.2709168791771 6074.5919646024704 10911.838278830051 23229.066333174706 6178.3267828226089 298.23514568805695 161.32391977310181 623.03176021575928
leaf_count=5308 21464 49 858 23018 30 45 611 2282 9842 30347 7889 138 101 317
internal_value=-0.000972854 1.0181e-05 -0.000200555 -1.3934e-05 -0.00143985 0.00735456 0.000498641 -0.00168478 0.00108031 -0.00344189 -0.000710036 0.00471254 0.00819711 0.000906924
internal_weight=102194 73077.4 61010.4 53067.9 7942.52 207.221 30515.2 7735.3 12067 29117 22552.6 532.175 233.94 11534.9
internal_count=102299 66644 56197 52982 3215 75 23629 3140 10447 35655 29353 288 150 10159
is_linear=0
shrinkage=0.0386495


Tree=37
num_leaves=15
num_cat=0
split_feature=8 18 32 16 35 5 5 18 4 26 33 25 4 36
split_gain=165.615 9.74638 7.58799 7.83886 8.24824 6.88436 7.22672 7.54118 7.06492 13.6687 6.23263 4.73502 3.87482 3.56395
threshold=1.0000000180025095e-35 -0.017115871421992775 133.50000000000003 -2.8430203199386592 117.63193130493165 -42.347188949584954 2.1409381628036503 0.12527538836002353 1.020755469799042 -1.0000000180025095e-35 20.416666030883793 -1.3844031343523963e-07 -3.5705897808074947 -0.93130770325660694
decision_type=2 2 2 2 2 2 2 2 2 2 2 2 2 2
left_child=11 2 3 4 -2 8 10 -8 -3 -10 -7 -1 -5 -4
right_child=1 5 13 12 -6 6 7 -9 9 -11 -12 -13 -14 -15
leaf_value=-0.13076633304380331 0.25534438273515608 0.18632035353259851 0.6699823206935891 0.17592119873364004 2.6942108410581853 0.21648308454765161 0.075954099320297438 -0.45217156605627085 0.2382461956589797 1.1535315452400121 -0.072003336059423065 -0.13076633304380331 0.01089269896257467 -0.045734219259332271
leaf_weight=5887.9174492359161 3202.4597784876823 833.12822777032852 130.92213004827499 5334.2936506271362 265.01962119340897 2033.1279560923576 14904.800709307194 2388.6523401141167 198.62229382991791 114.18925428390503 29215.539255619049 23229.066333174706 6803.8551716804504 7652.8331336379051
leaf_count=5308 1714 414 134 4818 148 1676 15633 1311 83 29 27601 30347 5038 8045
internal_value=-0.000977095 4.25014e-06 0.000655564 0.00114799 0.00277362 -0.000301187 -0.000372179 0.000259252 0.00265094 0.00760383 -0.00072347 -0.00344189 0.000678439 -0.000324286
internal_weight=102194 73077.4 23389.4 15605.6 3467.48 49688.1 48542.1 17293.5 1145.94 312.812 31248.7 29117 12138.1 7783.76
internal_count=102299 66644 19897 11718 1862 46747 46221 16944 526 112 29277 35655 9856 8179
is_linear=0
shrinkage=0.0386495


Tree=38
num_leaves=15
num_cat=0
split_feature=8 52 42 23 11 1 23 25 1 9 49 54 16 8
split_gain=158.515 9.4564 8.46803 11.4995 9.76849 8.72687 5.86117 5.17674 4.70963 6.09326 4.62215 3.9405 3.66666 3.22684
threshold=1.0000000180025095e-35 1.0000000180025095e-35 1.0000000180025095e-35 0.19934358447790149 0.0083550368435680884 21.059002876281742 0.44955436885356909 -1.3844031343523963e-07 -9.3313894271850568 0.10225893184542657 1.5000000000000002 0.2327574044466019 -2.7143269777297969 0.035346012562513358
decision_type=2 2 2 2 2 2 2 2 2 2 2 2 2 2
left_child=7 2 3 10 6 -5 -4 -1 9 12 -2 -6 -3 -10
right_child=1 8 4 5 11 -7 -8 -9 13 -11 -12 -13 -14 -15
leaf_value=-0.12571227401920954 -0.054637841655104061 0.69946335848065866 0.043643765370431034 0.088870114886577534 -0.071239972150733827 -0.58436830164639642 2.1457503018237936 -0.12571227401920954 0.18782426286939916 0.63431389127393367 0.17314983578175025 -0.16080868107918095 -0.029380615307666537 -0.075799893692762355
leaf_weight=5887.9174492359161 21688.014968276024 639.69203263521194 1623.8811379671097 28871.970325648785 2325.262727200985 1643.2709168791771 71.691764712333679 23229.066333174706 8635.8710904717445 114.75007039308548 864.62286615371704 3921.6836639046669 481.0518758893013 2195.6800825595856
leaf_count=5308 28174 485 833 23018 800 611 41 30347 7837 49 1179 1541 324 1752
internal_value=-0.000959754 3.08752e-07 -0.000194435 -1.71529e-05 -0.00137135 0.000470826 0.00120771 -0.00337113 0.000989598 0.00326205 -0.000679975 -0.00208081 0.00231735 0.000724487
internal_weight=102194 73077.4 61010.4 53067.9 7942.52 30515.2 1695.57 29117 12067 1235.49 22552.6 6246.95 1120.74 10831.6
internal_count=102299 66644 56197 52982 3215 23629 874 35655 10447 858 29353 2341 809 9589
is_linear=0
shrinkage=0.0386495


Tree=39
num_leaves=15
num_cat=0
split_feature=8 52 42 23 11 1 23 26 31 49 1 9 11 35
split_gain=156.478 8.10368 8.17259 9.93702 9.66709 8.1551 5.86117 4.89886 4.47498 4.10395 3.63605 4.75779 4.78761 2.69401
threshold=1.0000000180025095e-35 1.0000000180025095e-35 1.0000000180025095e-35 0.19934358447790149 0.0083550368435680884 21.059002876281742 0.44955436885356909 -3.2586838116799293e-08 93.500000000000014 1.5000000000000002 -11.829627990722654 0.10225893184542657 0.011710876598954202 1196.0657348632815
decision_type=2 2 2 2 2 2 2 2 2 2 2 2 2 2
left_child=7 2 3 9 6 -5 -4 -1 -6 -2 11 12 -3 -12
right_child=1 10 4 5 8 -7 -8 -9 -10 -11 13 -13 -14 -15
leaf_value=-0.12085355206670081 -0.052526114039336123 1.042299027016045 0.041956953779837644 0.085435325551246527 -0.024259781880096466 -0.56178273378747978 2.0628180330583716 -0.12085355206670081 -0.16477834619641551 0.16645767374149065 0.14521089969816048 1.3236591855176076 0.062479414141582278 -0.3718462452108719
leaf_weight=6226.5380960702896 21688.014968276024 296.91866624355316 1623.8811379671097 28871.970325648785 2094.9505959749222 1643.2709168791771 71.691764712333679 22890.445686340332 4151.9957951307297 864.62286615371704 10563.803287446499 68.671531736850739 519.8821576833725 617.76950883865356
leaf_count=5848 28174 272 833 23018 793 611 41 29807 1548 1179 9550 29 283 313
internal_value=-0.000975288 -1.98283e-05 -0.000201616 -2.74254e-05 -0.00135787 0.000426092 0.00120771 -0.00337113 -0.00206368 -0.000643619 0.000894361 0.00329354 0.00236752 0.00069863
internal_weight=102194 73077.4 61010.4 53067.9 7942.52 30515.2 1695.57 29117 6246.95 22552.6 12067 885.472 816.801 11181.6
internal_count=102299 66644 56197 52982 3215 23629 874 35655 2341 29353 10447 584 555 9863
is_linear=0
shrinkage=0.0386495


end of trees

feature_importances:
price_log=38
bb_width=38
return_1d=25
distance_to_resistance=25
return_30d=23
price_std_7d=22
price_std_14d=22
macd_line=21
events_next_30d_game_update=21
volume_std_60d=18
macd_missing=18
item_type_sticker=18
price_std_20d=17
volume_lag_7d=17
price_lag_1d=16
price_std_60d=16
return_60d=14
vol_regime_60_30=14
log_return_1d=14
bb_pct_b=14
return_14d=13
price_zscore_30d=13
volume_mean_30d=13
item_volume_vs_market_30d=12
volume_lag_1d=10
distance_to_support=9
volume_std_30d=8
volume_log_change_1d=8
volume_zscore_30d=7
rsi_14=6
macd_histogram=6
volume_log_change_7d=6
events_next_30d_major=6
trend_divergence_30_60=4
macd_signal=4
return_3d=3
return_7d=3
price_accel_7d=3
autocorr_1d=3
events_next_30d_operation=3
price_std_30d=2
volume_price_conf_1d=2
price_tier=1
log_return_7d=1
rsi_missing=1
dow_sin=1
item_type_skin=1

parameters:
[boosting: gbdt]
[objective: quantile]
[metric: quantile]
[tree_learner: serial]
[device_type: cpu]
[data_sample_strategy: bagging]
[data: ]
[valid: ]
[num_iterations: 1000]
[learning_rate: 0.0386495]
[num_leaves: 15]
[num_threads: -1]
[seed: 91]
[deterministic: 0]
[force_col_wise: 0]
[force_row_wise: 0]
[histogram_pool_size: -1]
[max_depth: 5]
[min_data_in_leaf: 30]
[min_sum_hessian_in_leaf: 0.001]
[bagging_fraction: 0.7]
[pos_bagging_fraction: 1]
[neg_bagging_fraction: 1]
[bagging_freq: 5]
[bagging_seed: 2784]
[bagging_by_query: 0]
[feature_fraction: 0.7]
[feature_fraction_bynode: 1]
[feature_fraction_seed: 29510]
[extra_trees: 0]
[extra_seed: 8681]
[early_stopping_round: 0]
[early_stopping_min_delta: 0]
[first_metric_only: 0]
[max_delta_step: 0]
[lambda_l1: 1.5]
[lambda_l2: 2]
[linear_lambda: 0]
[min_gain_to_split: 0.1]
[drop_rate: 0.1]
[max_drop: 50]
[skip_drop: 0.5]
[xgboost_dart_mode: 0]
[uniform_drop: 0]
[drop_seed: 8477]
[top_rate: 0.2]
[other_rate: 0.1]
[min_data_per_group: 100]
[max_cat_threshold: 32]
[cat_l2: 10]
[cat_smooth: 10]
[max_cat_to_onehot: 4]
[top_k: 20]
[monotone_constraints: ]
[monotone_constraints_method: basic]
[monotone_penalty: 0]
[feature_contri: ]
[forcedsplits_filename: ]
[refit_decay_rate: 0.9]
[cegb_tradeoff: 1]
[cegb_penalty_split: 0]
[cegb_penalty_feature_lazy: ]
[cegb_penalty_feature_coupled: ]
[path_smooth: 0]
[interaction_constraints: ]
[verbosity: -1]
[saved_feature_importance_type: 0]
[use_quantized_grad: 0]
[num_grad_quant_bins: 4]
[quant_train_renew_leaf: 0]
[stochastic_rounding: 1]
[linear_tree: 0]
[max_bin: 63]
[max_bin_by_feature: ]
[min_data_in_bin: 3]
[bin_construct_sample_cnt: 200000]
[data_random_seed: 335]
[is_enable_sparse: 1]
[enable_bundle: 1]
[use_missing: 1]
[zero_as_missing: 0]
[feature_pre_filter: 0]
[pre_partition: 0]
[two_round: 0]
[header: 0]
[label_column: ]
[weight_column: ]
[group_column: ]
[ignore_column: ]
[categorical_feature: ]
[forcedbins_filename: ]
[precise_float_parser: 0]
[parser_config_file: ]
[objective_seed: 29977]
[num_class: 1]
[is_unbalance: 0]
[scale_pos_weight: 1]
[sigmoid: 1]
[boost_from_average: 1]
[reg_sqrt: 0]
[alpha: 0.9]
[fair_c: 1]
[poisson_max_delta_step: 0.7]
[tweedie_variance_power: 1.5]
[lambdarank_truncation_level: 30]
[lambdarank_norm: 1]
[label_gain: ]
[lambdarank_position_bias_regularization: 0]
[eval_at: ]
[multi_error_top_k: 1]
[auc_mu_weights: ]
[num_machines: 1]
[local_listen_port: 12400]
[time_out: 120]
[machine_list_filename: ]
[machines: ]
[gpu_platform_id: -1]
[gpu_device_id: -1]
[gpu_use_dp: 0]
[num_gpu: 1]

end of parameters

pandas_categorical:[]
