tree
version=v4
num_class=1
num_tree_per_iteration=1
label_index=0
max_feature_idx=19
objective=quantile
feature_names=event_decay_major event_density_30d_major event_density_90d_major event_decay_operation event_density_30d_operation event_density_90d_operation event_decay_case_drop event_density_30d_case_drop event_density_90d_case_drop event_decay_update event_density_30d_update event_density_90d_update event_decay_game_update event_density_30d_game_update event_density_90d_game_update event_decay_major_weighted event_decay_operation_weighted event_decay_case_drop_weighted event_decay_update_weighted event_decay_game_update_weighted
feature_infos=[0.031220927834510803:0.98347145318984985] [0:2] [0:3] [1.5229979055675358e-08:0.95349693298339844] [0:1] [0:1] [0:0.93106275796890259] [0:1] [0:3] none none none [0:0.86687791347503662] [0:2] [0:3] [0:0.98347145318984985] [0:0.95349693298339844] [0:0.93106275796890259] none [0:0.26006338000297546]
tree_sizes=4243 4479 4417 4456 4436 4474 4456 4458 4438 4474 4441 4450 4435 4453 4437 4472 4467 4485 4479

Tree=0
num_leaves=39
num_cat=0
split_feature=16 15 16 6 15 3 16 3 3 14 3 14 3 19 15 6 1 6 6 19 3 3 19 6 3 3 3 19 6 12 3 12 3 14 6 12 6 3
split_gain=82.26 171.163 89.2393 143.355 50.2576 66.6184 41.4289 23.1938 38.0714 63.8542 47.294 22.0227 18.741 16.887 16.2708 30.4376 15.9318 15.6507 18.5962 18.082 12.2559 11.5753 9.31933 8.74521 8.40232 7.07493 6.96764 6.83457 6.3294 7.06191 6.11198 5.80612 5.72952 5.35477 5.21388 7.82243 4.37291 3.78285
threshold=1.7159065635041773e-07 0.05249301344156266 1.2678929692810927e-06 7.4751966394615021e-07 0.11112770810723306 0.0027929162606596951 1.0000000180025095e-35 0.0010775665869005027 0.0079622003249824064 1.5000000000000002 0.0044963988475501546 2.5000000000000004 0.078289981931447997 0.050431555137038238 0.49803984165191656 2.7039660608352283e-06 1.0000000180025095e-35 1.421712966021005e-06 5.5234647788893207e-06 1.3373437024455372e-08 0.024967188946902755 7.8760091781759924e-08 4.1935285466365719e-08 2.7039660608352283e-06 0.0044963988475501546 0.014099423773586752 8.1219440062341174e-07 0.15813896059989932 0.029156521894037727 0.022750562056899074 9.2124505499668902e-06 5.1423764801938894e-08 1.3946797139396952e-07 1.0000000180025095e-35 3.6594201446860103e-07 1.0000000180025095e-35 0.0052508653607219466 3.3323743991786621e-05
decision_type=2 2 2 2 2 2 2 2 2 2 2 2 2 2 2 2 2 2 2 2 2 2 2 2 2 2 2 2 2 2 2 2 2 2 2 2 2 2
left_child=1 6 3 33 5 11 -1 22 9 10 -9 21 27 -11 15 30 -14 26 23 -20 -17 -3 37 -19 -7 36 -5 -10 29 -24 -6 -27 -8 -2 35 -34 -16 -4
right_child=2 4 7 17 14 24 32 8 12 13 -12 -13 16 -15 25 20 -18 18 19 -21 -22 -23 28 -25 -26 31 -28 -29 -30 -31 -32 -33 34 -35 -36 -37 -38 -39
leaf_value=10.213964017106429 10.657359682616841 14.899001668880647 10.626701229578281 11.160847448561807 10.530308890932542 15.505689610277738 10.523421651182773 11.193755816794376 10.617731223057181 10.705823110553176 10.80193351344051 10.502603593004189 10.818042289808488 10.945117809748449 10.849196569605938 11.231603567194712 10.6752573683495 12.607206822920231 11.683887736914205 10.973424597262808 10.694111043274392 11.169414443392455 10.678645537992415 10.966851843730424 12.942042880738672 11.06746817216945 11.583454515320659 10.804424927253073 10.573716021409332 10.861269888102608 10.794197102027001 10.537616952604518 10.626470600744884 10.843931343618985 10.34522832692473 10.80193351344051 10.659895968961358 10.504315709297192
leaf_weight=44753.382544338703 7174.9287534356117 587.79013025760651 9241.7311762571335 587.37313187122345 7404.9189206361771 410.23921471834183 8485.9452047944069 4223.4929518699646 29013.599520564079 14534.931353092194 2693.5465099215508 1967.4442788362503 16761.014338493347 2180.2191148996353 6320.4580135941505 9547.3138378858566 14879.954311966896 1549.2138786911964 1410.6501969099045 379.08088505268097 2785.8002172708511 6399.9232885241508 13449.215936779976 1651.7601031064987 346.48055100440979 586.92851781845093 1219.1660064458847 3345.7186868190765 4118.2084407806396 3904.7674897909164 4792.3927865028381 17747.309343755245 3214.4487565159798 1970.1823984980583 1139.1264917254448 6015.5287106633186 15000.714218318462 7149.2971066236496
leaf_count=53808 6871 410 6396 492 7570 477 7044 4245 24336 12720 2541 2481 15084 1824 7139 10714 13684 1412 1318 340 3386 6676 13109 1611 420 684 1000 2803 3517 3086 5895 20922 2711 2014 953 6023 16137 7691
internal_value=10.6852 10.6844 10.6859 10.689 10.6858 10.6888 10.6827 10.6855 10.6859 10.6874 10.691 10.6877 10.6853 10.6859 10.6854 10.6863 10.6861 10.6939 10.6926 10.6962 10.6878 10.6889 10.6846 10.6906 10.7013 10.6848 10.6974 10.6846 10.6852 10.6856 10.6847 10.6842 10.6844 10.6854 10.6851 10.6855 10.6854 10.6838
internal_weight=278944 137506 141438 15942.4 73897.7 9711.88 63608.4 125496 87632.5 23632.2 6917.04 8955.16 64000.3 16715.2 64185.8 24530.4 31641 6797.24 4990.71 1789.73 12333.1 6987.71 37863.2 3200.97 756.72 39655.4 1806.54 32359.3 21472.2 17354 12197.3 18334.2 18855 9145.11 10369.1 9229.98 21321.2 16391
internal_count=279544 153450 126094 15058 82911 10464 70539 111036 77237 21330 6786 9567 55907 14544 72447 27565 28768 6173 4681 1658 14100 7086 33799 3023 897 44882 1492 27139 19712 16195 13465 21606 16731 8885 9687 8734 23276 14087
is_linear=0
shrinkage=1


Tree=1
num_leaves=39
num_cat=0
split_feature=16 15 15 16 6 12 16 16 6 16 16 1 15 6 6 12 19 19 6 16 19 13 16 16 6 5 16 6 12 19 16 15 15 12 6 15 12 15
split_gain=76.9584 193.519 42.494 38.7848 171.945 26.3942 19.9288 29.6504 50.6932 53.7463 15.495 15.2697 15.2018 27.038 14.7273 15.1576 13.4882 12.8146 10.6503 9.91191 8.5133 7.09268 8.98645 7.21164 6.90406 6.71032 6.40234 6.06282 6.54203 5.94886 5.94827 5.32406 9.36641 5.10755 4.26583 4.23303 3.92866 3.79892
threshold=4.1121879235106469e-08 0.05249301344156266 0.11112770810723306 1.2678929692810927e-06 7.4751966394615021e-07 0.002313763834536076 0.00031771855719853198 0.0023476403439417486 0.0052508653607219466 0.0013257549726404252 0.023083658888936046 1.0000000180025095e-35 0.49803984165191656 2.7039660608352283e-06 1.421712966021005e-06 1.0683193440996776e-08 1.3373437024455372e-08 0.050431555137038238 2.7039660608352283e-06 1.0000000180025095e-35 4.1935285466365719e-08 1.0000000180025095e-35 6.3124673488346175e-08 8.8097582562340917e-08 0.0001032937398122158 1.0000000180025095e-35 2.3947405480839739e-07 0.029156521894037727 0.022750562056899074 0.15813896059989932 3.3421297018776391e-07 0.082325432449579253 0.067402362823486342 5.1423764801938894e-08 0.0052508653607219466 0.10055250674486162 0.0030789537122473125 1.0000000180025095e-35
decision_type=2 2 2 2 2 2 2 2 2 2 2 2 2 2 2 2 2 2 2 2 2 2 2 2 2 2 2 2 2 2 2 2 2 2 2 2 2 2
left_child=1 19 5 4 21 31 20 8 9 -8 29 -12 13 -4 26 18 -17 -10 -16 37 -5 23 -23 -2 -15 34 -6 28 -22 -9 -25 32 -3 -27 -14 -7 -21 -1
right_child=3 2 12 6 14 35 7 10 17 -11 11 -13 25 24 15 16 -18 -19 -20 36 27 22 -24 30 -26 33 -28 -29 -30 -31 -32 -33 -34 -35 -36 -37 -38 -39
leaf_value=-0.45041245664210766 0.094346494497301592 0.9342626325512533 -0.048755121281696435 -0.10231099329735956 0.4524069608488418 -0.20675875187963796 0.63944721875839039 -0.059628703645309429 0.036717457126816309 0.12643392113213067 0.12428154195389929 -0.012770279767942899 0.15969364919968679 0.54288918249724605 1.8372938141200448 0.84214791148185031 0.27555764860578713 0.2484991256910124 0.17980383017652704 -0.069153928743494991 -0.0062223282290051717 -0.24115275575664369 0.19552248409248341 -0.15832821801785874 0.24346229586194415 0.32334786931200832 0.85846804110266073 -0.10652469307557361 0.16834870565273405 0.1140104775879523 0.013297426593851846 1.1473782966142791 0.2805254101250097 -0.1380350884707944 -0.024145084140873799 0.27182105800361178 -0.35062420296851093 -0.25442261051246146
leaf_weight=41260.919560015202 3362.230105817318 2275.982553422451 12184.952361702919 16228.039414942265 581.96591824293137 1868.4513149857521 2785.5152514576912 28975.749025166035 15908.794949054718 2673.4625735878944 16879.973038315773 15046.033016264439 6207.411531329155 4599.4844848513603 1549.2138786911964 1724.1680238842964 379.08088505268097 2180.2191148996353 1338.2422761321068 5814.7451409101486 13449.215936779976 852.02441811561584 4050.5466931462288 6282.7033678293228 7733.6295703053474 625.78110891580582 1224.5732200741768 4118.2084407806396 3904.7674897909164 3345.7186868190765 5084.8967666625977 2979.2212956547737 2301.8230109810829 17940.925109803677 14881.292343437672 286.39928829669952 2565.3731685876846 3492.4629843235016
leaf_count=50251 3261 2035 13449 13876 485 2358 3035 24287 13847 2515 15238 13899 7011 5035 1412 1632 340 1824 1297 4339 13109 873 4159 5497 9065 726 1007 3517 3086 2803 4935 3424 2287 21150 15995 360 2568 3557
internal_value=-3.45028e-05 -0.000835562 0.000624089 0.000635233 0.00217053 0.00334242 0.000311882 0.000676028 0.00201458 0.00573865 0.000185399 0.000874446 0.000212658 0.0010758 0.00821481 0.00697715 0.00982484 0.000890456 0.00490019 -0.00286527 -0.00053613 7.75256e-05 0.0015302 -0.000406044 0.00253129 -0.000321018 0.0116282 3.99652e-05 0.000400949 -0.000495223 -0.000936695 0.00456987 0.00362414 -0.000932351 0.000217224 -0.000962361 -0.00147314 -0.00312591
internal_weight=278944 127019 73885.4 151925 26429.6 9711.88 125496 87795.5 23548 5458.98 64247.5 31926 64173.5 24518.1 6797.24 4990.71 2103.25 18089 2887.46 53133.5 37700.2 19632.4 4902.57 14729.8 12333.1 39655.4 1806.54 21472.2 17354 32321.5 11367.6 7557.03 4577.81 18566.7 21088.7 2154.85 8380.12 44753.4
internal_count=279544 143610 82895 135934 24898 10464 111036 77448 21221 5550 56227 29137 72431 27549 6173 4681 1972 15671 2709 60715 33588 18725 5032 13693 14100 44882 1492 19712 16195 27090 10432 7746 4322 21876 23006 2718 6907 53808
is_linear=0
shrinkage=0.0440977


Tree=2
num_leaves=39
num_cat=0
split_feature=17 17 15 6 0 6 0 0 14 0 6 0 0 0 19 0 19 14 0 0 19 0 19 17 17 0 0 6 19 0 19 19 19 6 13 13 19 8
split_gain=56.6674 165.109 72.0819 41.5191 39.7849 17.7312 19.4487 34.9 14.1009 20.749 23.5565 14.0718 12.2717 10.7159 8.50945 15.9515 7.64413 7.37395 11.4725 26.9742 9.5012 7.5415 7.05617 6.74634 6.1098 5.43633 5.40602 13.9874 4.54859 4.35755 10.5159 4.28172 4.27357 9.04808 3.92736 3.622 3.40953 3.3556
threshold=3.2049462106442666e-07 4.5040064833301594e-06 0.05249301344156266 1.1282931154710242e-05 0.29870507121086126 5.5234647788893207e-06 0.10807117074728013 0.097786840051412596 2.5000000000000004 0.11746299266815187 2.7039660608352283e-06 0.54427608847618114 0.46071977913379675 0.66478031873703014 9.5538457571819907e-06 0.40998613834381109 2.6861268054290127e-07 2.5000000000000004 0.097786840051412596 0.059310715645551688 0.021401781588792804 0.048559507355093963 0.0021765910787507896 0.048566129058599479 6.0955099456805339e-07 0.065548479557037367 0.50917410850524913 0.0001032937398122158 0.13708717375993731 0.12767100334167483 5.7718832491282523e-10 0.00022136233747005465 0.0051289594266563663 0.33071270585060125 1.0000000180025095e-35 1.0000000180025095e-35 2.7783073619502834e-09 1.5000000000000002
decision_type=2 2 2 2 2 2 2 2 2 2 2 2 2 2 2 2 2 2 2 2 2 2 2 2 2 2 2 2 2 2 2 2 2 2 2 2 2 2
left_child=2 5 3 17 8 6 7 -2 9 25 -11 12 14 35 15 -3 -15 18 19 -1 -20 31 -16 -18 -9 -4 27 -6 -23 30 -8 -19 -14 -34 -29 37 -31 -13
right_child=1 11 4 -5 26 -7 29 24 -10 10 -12 13 32 16 22 -17 23 21 20 -21 -22 28 -24 -25 -26 -27 -28 34 -30 36 -32 -33 33 -35 -36 -37 -38 -39
leaf_value=-0.19953152068589305 0.17201118953309932 0.055150955917842942 1.1946273595362558 -0.43055029727297267 -0.15886575623911581 1.0098905072440678 0.60681218743465326 0.89882190552800956 -0.16952183573063193 -0.032872286731118701 0.51937607369471461 -0.099094440544126111 0.17690050673201832 -0.1706172004521668 -0.18764412941226094 0.45330424583485746 0.0080585595600263307 0.10680397916440201 -0.099073089908004633 0.10815013190899901 0.098715140372311508 -0.36040167853767141 0.072188805325968039 0.10584957914847121 0.37679320469540134 0.68166028459031602 -0.040868192689886194 0.19553036896368584 0.12030008638784621 0.13842530061354397 3.3374144463824913 -0.23979175203045366 0.4850494384218878 0.24225615095926098 0.56271394230555905 -0.13800517374530244 0.39577202711208337 0.1068919262494256
leaf_weight=9263.7830582857132 793.05669230222702 8555.5198026895523 1699.2581405043602 19635.15555280447 4784.2709617614746 1232.2005159258842 1114.13542085886 979.39528965950012 1967.4442788362503 7362.4636500477791 4647.2897631525993 4295.7124451994896 5089.3593419790268 2342.2644966244698 3287.6433781981468 809.55632400512695 27585.319245398045 1303.4771483540535 55462.742599010468 13745.520973682404 4895.5503188967705 6118.731044113636 2932.3204817771912 14264.372207701206 221.05642718076706 6486.5691092014313 40049.026323974133 6155.449942111969 512.48447090387344 1184.4355809092522 652.54584103822708 415.67354243993759 1357.4454060196877 1771.9740207791328 1434.9746558070183 11446.344919085503 484.31862217187881 2605.3553256392479
leaf_count=9811 676 8757 1561 24724 4248 1160 971 821 2481 9068 5084 3991 4763 2687 3089 786 23079 1472 50138 13716 4776 6584 2585 12470 172 6942 45563 7009 493 1159 629 407 1197 1517 1712 10504 474 2268
internal_value=-6.89661e-05 0.000819736 -0.000513483 -0.00122407 0.000547385 0.00750864 0.00642253 0.0098871 0.00211371 0.00246088 0.00129376 0.000303624 0.00121609 -4.36956e-05 0.000488928 0.00132862 0.000328243 -0.000830071 -0.000704915 0.000132927 -0.00102431 -0.00207936 -0.000775369 0.000465469 0.0146266 0.00417284 -0.000114833 0.000690733 -0.00275404 0.00440983 0.00593626 0.000523144 0.00259477 0.00387709 0.00186768 -0.000939523 0.00279124 -0.000141534
internal_weight=278944 93004.3 185940 111353 74586.7 6661.14 5428.94 1993.51 22163 20195.6 12009.8 86343.2 23803.8 62539.4 15585 9365.08 44192 91718 83367.6 23009.3 60358.3 8350.37 6219.96 41849.7 1200.45 8185.83 52423.7 12374.7 6631.22 3435.44 1766.68 1719.15 8218.78 3129.42 7590.42 18347.4 1668.75 6901.07
internal_count=279544 83755 195789 112121 83668 6062 4902 1669 25136 22655 14152 77693 22694 54999 15217 9543 38236 87397 78441 23527 54914 8956 5674 35549 993 8503 58532 12969 7077 3233 1600 1879 7477 2714 8721 16763 1633 6259
is_linear=0
shrinkage=0.0440977


Tree=3
num_leaves=39
num_cat=0
split_feature=16 15 16 6 16 15 17 3 3 17 3 3 6 3 15 3 1 3 19 17 17 3 3 15 19 6 13 19 6 19 19 3 3 6 15 6 3 19
split_gain=69.5435 144.414 57.6335 91.6978 35.7777 32.837 20.8146 17.8671 27.1433 46.4399 49.7923 17.5937 24.105 15.1723 13.7874 22.2312 12.223 12.0183 11.5932 11.1734 13.3388 8.90657 8.889 8.87228 7.86353 6.10272 5.97322 6.68357 5.79337 6.54238 5.79021 5.71501 5.01732 4.81448 4.00528 3.93862 11.1053 3.9313
threshold=1.7159065635041773e-07 0.05249301344156266 1.2678929692810927e-06 7.4751966394615021e-07 1.0000000180025095e-35 0.43225850164890295 6.0955099456805339e-07 0.0010775665869005027 0.0079622003249824064 0.0027892800280824308 0.0044963988475501546 9.2124505499668902e-06 1.0000000180025095e-35 0.078289981931447997 0.13573168963193896 0.0027929162606596951 1.0000000180025095e-35 8.1219440062341174e-07 0.050431555137038238 2.3681526499785836e-06 4.5040064833301594e-06 2.1708387976104863e-05 0.014099423773586752 0.067402362823486342 4.1935285466365719e-08 2.7039660608352283e-06 1.5000000000000002 2.4911049785469877e-11 0.029156521894037727 0.0068251686170697221 0.15813896059989932 4.300155296732556e-06 2.14092125361276e-07 1.0000000180025095e-35 1.0000000180025095e-35 0.0052508653607219466 5.1154045650037012e-05 0.15813896059989932
decision_type=2 2 2 2 2 2 2 2 2 2 2 2 2 2 2 2 2 2 2 2 2 2 2 2 2 2 2 2 2 2 2 2 2 2 2 2 2 2
left_child=1 4 3 37 34 11 17 24 9 10 -9 12 23 30 15 -13 -15 -5 -11 25 -21 -16 35 -3 -4 -8 27 33 29 -26 -10 -14 -28 -6 -1 36 -7 -2
right_child=2 5 7 6 26 22 19 8 13 18 -12 14 31 16 21 -17 -18 -19 -20 20 -22 -23 -24 -25 28 -27 32 -29 -30 -31 -32 -33 -34 -35 -36 -37 -38 -39
leaf_value=-0.41156401371274848 -0.0046805652354138605 0.8281194414824895 -0.095549119142506994 0.4036964724570809 -0.064116629896235414 -0.16272164747581847 1.1057602287379684 0.65071368793471163 -0.061858461442020347 0.036780249316884596 0.11008595409040935 0.34697844105400533 0.48045533571548021 0.1195192953401245 0.69587888906978079 2.3264501190322706 -0.0079772762759039162 0.92157109839502249 0.23287315810512743 0.84525514640537225 0.24893242008606711 0.19808235474765346 -0.1138133756964881 -0.13106043353569455 -0.0048864289577660461 0.16381943403074092 -0.19041508349993891 -0.27101025350018904 -0.10226112022442807 0.16085249372646543 0.10431515184505046 0.018282222016524376 0.25894850375978512 0.083324099012265687 -0.23655800573600921 -0.0096781663650316284 0.34716180369226934 0.25109383120482986
leaf_weight=41260.919560015202 8411.3038407564163 1265.5526828169823 16391.028282880783 581.96591824293137 9032.6016783118248 2401.2125810980797 1977.695720911026 2790.1500059962273 29013.599520564079 15981.406103491783 2680.4147053956985 1259.14998960495 6560.1220931410789 16761.014338493347 2186.7493113875389 1218.5069618821144 14879.954311966896 796.09137785434723 2180.2191148996353 1545.7183429002762 557.5305660367012 7024.6499891877174 20423.387397646904 9063.1701068282127 13449.215936779976 1338.2422761321068 485.85086077451706 4184.4703344106674 4118.2084407806396 3904.7674897909164 3345.7186868190765 1441.1385799646378 1663.2372127175331 3488.8890774846077 3492.4629843235016 15920.859426259995 5133.2141993045807 733.80731117725372
leaf_count=50251 8188 1268 14087 485 7093 2717 1759 3041 24336 13941 2524 1252 6780 15084 2520 1464 13684 660 1824 1474 498 8423 24141 9773 13109 1297 485 4110 3517 3086 2803 1563 1687 3356 3557 17165 5845 697
internal_value=-9.34322e-05 -0.000799597 0.000593102 0.00309053 -0.00233992 0.000526274 0.00696937 0.000275818 0.00062168 0.00189883 0.00546026 0.0016501 0.000797511 0.000150068 0.0029869 0.00590663 0.000836691 0.0118084 0.000825834 0.00573691 0.00825127 0.002201 -0.0002426 -0.000609973 -0.000524656 0.00414008 -0.00072862 -0.00101014 3.05923e-05 0.000383463 -0.000521317 0.00261426 0.00145925 -0.000500161 -0.00301875 0.000343073 0.00117367 0.00020708
internal_weight=278944 137506 141438 15942.4 63608.4 73897.7 6797.24 125496 87632.5 23632.2 5470.56 30019 18330 64000.3 11689.1 2477.66 31641 1378.06 18161.6 5419.19 2103.25 9211.4 43878.7 10328.7 37863.2 3315.94 18855 16706 21472.2 17354 32359.3 8001.26 2149.09 12521.5 44753.4 23455.3 7534.43 9145.11
internal_count=279544 153450 126094 15058 70539 82911 6173 111036 77237 21330 5565 33043 19384 55907 13659 2716 28768 1145 15765 5028 1972 10943 49868 11041 33799 3056 16731 14559 19712 16195 27139 8343 2172 10449 53808 25727 8562 8885
is_linear=0
shrinkage=0.0440977


Tree=4
num_leaves=39
num_cat=0
split_feature=0 6 3 3 3 6 15 0 0 0 15 0 15 3 3 15 0 15 3 0 5 3 3 3 0 0 14 0 3 3 0 6 3 6 3 3 0 6
split_gain=29.0213 82.6963 37.0177 102.821 32.0719 46.4804 27.4352 23.2617 14.6598 13.5928 13.2342 13.1698 10.6606 16.9974 11.2222 9.2449 9.20347 7.68095 7.11965 6.40476 5.83868 13.6315 9.44324 7.9695 8.79122 6.39471 15.3418 12.1094 10.4376 6.66219 6.00319 8.09198 7.80217 9.81724 5.42282 5.14548 4.65443 4.16435
threshold=0.54427608847618114 1.0000000180025095e-35 0.0010775665869005027 0.0044963988475501546 4.300155296732556e-06 7.4751966394615021e-07 0.082325432449579253 0.10807117074728013 0.35880893468856817 0.14109827578067782 0.060988180339336402 0.097786840051412596 0.2275447100400925 0.52593708038330089 2.1708387976104863e-05 0.067402362823486342 0.065548479557037367 0.067402362823486342 0.0027929162606596951 0.059310715645551688 1.0000000180025095e-35 0.0054398581851273784 0.078289981931447997 0.0096328733488917368 0.67595285177230846 0.71060970425605785 1.0000000180025095e-35 0.62190663814544689 0.35932569205760961 0.43472141027450567 0.85359486937522899 0.21543917804956439 5.1154045650037012e-05 0.029156521894037727 0.52593708038330089 0.024967188946902755 0.52643263339996349 0.023532746359705928
decision_type=2 2 2 2 2 2 2 2 2 2 2 2 2 2 2 2 2 2 2 2 2 2 2 2 2 2 2 2 2 2 2 2 2 2 2 2 2 2
left_child=1 2 19 6 5 16 15 11 10 -9 -5 -7 13 18 -14 -4 -3 -18 -6 -1 21 30 37 24 -23 26 27 -24 -27 -28 32 -32 -2 -34 -10 -16 -15 -22
right_child=20 4 3 8 12 7 -8 9 34 -11 -12 -13 14 36 35 -17 17 -19 -20 -21 22 23 25 -25 -26 28 29 -29 -30 -31 31 -33 33 -35 -36 -37 -38 -39
leaf_value=-0.30788688602879422 -0.32217804676892264 0.27434246783360006 0.51736569639794472 -0.026160936145435621 -0.028327395076313704 0.18958753702060532 4.4247125893575188 0.39086447338076818 -0.3498036569190115 0.515668083374477 0.45754017231334648 0.74598505232508094 0.86785259060739628 0.87150956994285367 0.36821555890327423 0.033117105603817497 -0.12047480679635003 0.48366521517870403 0.090351973936212471 -0.087321093334689473 -0.26980470369894527 -0.065895015459744244 0.28652698994024089 -0.035753038114645815 0.15996009160869037 -0.13679301253117604 0.08575079386357877 0.0093990105832051259 0.27362196353944823 -0.15595167414283775 -0.023591403867511952 0.15740350765300792 0.012435453060748242 -0.12252427549463182 0.055164930119204272 0.0014309687672383361 0.35498879367442937 -0.12605348787925733
leaf_weight=8642.1308323144913 5227.0433086156845 2022.4990184307098 4139.668056845665 17030.171692490578 16949.886256694794 660.85994493961334 404.83200109004974 4827.8144951462746 5669.2742207050323 4252.6336339712143 3052.8913195729256 1959.4615417122841 1676.3679213523865 332.79844963550568 5919.1237544417381 560.81532293558121 5143.8002697825432 2077.5262629389763 12045.420842587948 47068.140877842903 8051.0810763239861 3190.9673624038696 1622.6317157149315 7977.0480031967163 8129.7850661277771 15637.450249195099 5194.9141587018967 1427.1951774358749 1306.9597938656807 7471.4337781667709 11817.360936641693 1362.5992600917816 13809.970758616924 17393.712512612343 538.70293802022934 3463.4380258321762 626.07994240522385 20259.70653963089
leaf_count=9132 5146 2147 4666 15800 17731 627 470 4893 5987 4313 3778 1852 1869 315 6451 559 4784 2019 11701 44690 8164 3096 1461 7644 8267 16656 5454 1368 1144 7920 11370 1368 13861 16966 545 4165 607 20558
internal_value=-0.000119898 0.000299957 -0.000576021 0.000634906 0.00153149 0.00293541 0.00636104 0.00478173 -0.000477221 0.00372478 0.000101753 0.00844165 0.000814477 0.000382459 0.0019845 0.00540986 0.0005981 -0.000138403 0.000191328 -0.00125846 -0.000601768 -0.000323643 -0.000916088 0.00067079 0.00142299 -0.00040512 0.000235575 0.00304285 -0.000999352 -0.000440553 -0.000710468 9.60138e-05 -0.00100223 -0.000738054 -0.00234994 0.0013904 0.00615581 -0.00150553
internal_weight=278944 149064 87106.6 31396.4 61957.7 20944.6 5105.32 11700.8 26291 9080.45 20083.1 2620.32 41013.1 29954.2 11058.9 4700.48 9243.83 7221.33 28995.3 55710.3 129880 68908.5 60971.4 19297.8 11320.8 32660.6 15716.2 3049.83 16944.4 12666.3 49610.7 13180 36430.7 31203.7 6207.98 9382.56 958.878 28310.8
internal_count=279544 149101 85627 31805 63474 20635 5695 11685 26110 9206 19578 2479 42839 30354 12485 5225 8950 6803 29432 53822 130443 67718 62725 19007 11363 34003 16203 2829 17800 13374 48711 12738 35973 30827 6532 10616 922 28722
is_linear=0
shrinkage=0.0440977


Tree=5
num_leaves=39
num_cat=0
split_feature=16 15 16 6 15 17 3 3 17 3 12 3 15 3 6 12 16 3 3 3 3 15 16 6 17 12 6 6 3 17 3 15 6 12 14 6 16 6
split_gain=59.2023 157.672 25.7974 87.6619 25.7832 20.0644 16.6677 15.9346 26.8995 29.3579 15.4194 11.8314 11.7747 28.0096 15.4185 9.8335 8.71244 8.6628 9.84656 7.93493 6.61913 6.54732 6.51711 6.40385 9.00482 5.79731 5.60397 4.9141 6.06724 5.52529 6.02724 4.80227 4.56129 4.19374 4.23274 3.76453 3.3977 3.30223
threshold=4.1121879235106469e-08 0.05249301344156266 1.2678929692810927e-06 7.4751966394615021e-07 0.29217317700386053 6.0955099456805339e-07 0.0010775665869005027 0.0079622003249824064 0.0019515826134011152 0.0044963988475501546 7.6319631716614839e-06 0.078289981931447997 0.11112770810723306 0.0027929162606596951 2.7039660608352283e-06 0.1681051775813103 1.0000000180025095e-35 0.030205942690372471 0.078289981931447997 8.1219440062341174e-07 9.2124505499668902e-06 0.47375014424324041 0.26183025538921362 5.5234647788893207e-06 4.5040064833301594e-06 0.0030789537122473125 3.6594201446860103e-07 2.3047948161547541e-05 3.3323743991786621e-05 0.017866481095552448 0.00028404347540345048 1.0000000180025095e-35 2.7039660608352283e-06 1.0000000180025095e-35 2.5000000000000004 0.04475709795951844 6.3124673488346175e-08 1.0000000180025095e-35
decision_type=2 2 2 2 2 2 2 2 2 2 2 2 2 2 2 2 2 2 2 2 2 2 2 2 2 2 2 2 2 2 2 2 2 2 2 2 2 2
left_child=1 16 3 26 10 19 27 8 9 -8 12 35 13 -3 -14 -10 31 20 -19 -5 -6 -22 -13 32 -25 -18 33 28 -4 30 -29 37 -7 36 -35 -9 -2 -1
right_child=2 4 6 5 17 23 7 11 15 -11 -12 22 14 -15 -16 -17 25 18 -20 -21 21 -23 -24 24 -26 -27 -28 29 -30 -31 -32 -33 -34 34 -36 -37 -38 -39
leaf_value=-0.39002527399088616 0.069117359589148858 0.54024739257059307 -0.030619703256479301 0.41836995441203767 -0.20809851818973124 1.1076785715603272 0.45949723588678432 -0.066233537649433225 0.02421039206447393 0.089481636223699298 -0.099183717647641376 0.079051939584186645 -0.010155701429437889 3.4518924470802808 0.49135434704684378 0.20529651853654854 -0.056147322932302041 -0.29940697786945208 -0.025301967867938872 0.89628740917661498 0.31505430645030996 0.038832596375226389 -0.19589909988873594 0.81544473103212756 0.17257164978421713 -0.29908430141196413 -0.25283083827735381 -0.023831320049445888 -0.18013057438062482 -0.14147476871620626 0.14715742655422648 -0.17730631496926483 0.21285530288013466 0.1333598041385296 -0.095059355461085349 0.0026397057283118744 -0.027968577313926418 -0.38151721137680039
leaf_weight=19087.434710800648 1041.6235900521278 6765.5300235152245 9949.3074682950974 578.5470706820488 3114.4050313234329 2050.9161835312843 2778.5692058205605 16057.452752709389 16020.816474378109 2463.5414789915085 3826.9894297719002 30261.359895288944 6279.1926628947258 763.29215610027313 4499.2570666074753 2130.085716843605 5655.8904736638069 5066.7324169278145 13817.896918833256 784.57532948255539 5394.9125657081604 24577.836169958115 1485.61953997612 1151.994412958622 501.05637067556381 2666.6553699374199 1936.4807327985764 12611.410464823246 7020.077366232872 3679.2828134298325 4919.6289117336273 3458.0499814152718 1682.5474571585655 6396.1752377152443 1465.1857271194458 16422.69582003355 8828.8504962921143 22153.64097058773
leaf_count=22582 871 6812 6911 487 2154 1800 3057 13531 13936 2335 4836 27132 7578 894 4894 1868 4340 6109 16448 635 6291 26882 1423 1104 471 2601 1620 12328 7471 3132 3915 3557 1594 6420 1571 13665 8271 27688
internal_value=-0.000142264 -0.000844729 0.000444416 0.00169713 0.000468901 0.00603299 0.000181334 0.000516397 0.00150174 0.00428397 0.00172927 0.000157494 0.00226139 0.00359944 0.00132651 0.000698025 -0.00268071 -6.78985e-05 -0.000821467 0.0108117 0.000362216 0.000563282 0.000762869 0.00482189 0.00710736 -0.00137044 0.00020895 -0.000587608 -0.00114691 -0.000140106 0.000185981 -0.00292463 0.00380832 0.00045497 0.00121481 -0.000434221 -0.000150267 -0.00305699
internal_weight=279346 127128 152218 26418 74106 6749.64 125800 87620.1 23393 5242.11 22134.3 64227.1 18307.3 7528.82 10778.4 18150.9 53021.7 51971.8 18884.6 1363.12 33087.2 29972.7 31747 5386.51 1653.05 8322.55 19668.3 38179.7 16969.4 21210.3 17531 44699.1 3733.46 17731.8 7861.36 32480.1 9870.47 41241.1
internal_count=279214 143666 135548 24844 82898 6091 110704 76947 21196 5392 25014 55751 20178 7706 12472 15804 60768 57884 22557 1122 35327 33173 28555 4969 1575 6941 18753 33757 14382 19375 16243 53827 3394 17133 7991 27196 9142 50270
is_linear=0
shrinkage=0.0440977


Tree=6
num_leaves=39
num_cat=0
split_feature=16 15 0 0 17 12 12 16 16 16 17 0 0 12 15 16 12 16 17 0 15 17 12 12 17 17 0 2 15 12 12 0 14 17 0 12 0 16
split_gain=54.6187 151.054 25.4148 21.3841 44.4145 23.1825 13.2832 12.1734 40.3648 11.0237 12.2365 20.2218 13.8661 10.8306 14.1467 8.43594 8.30395 8.17422 7.91213 21.659 6.04731 5.85373 5.70693 5.5 4.98516 7.40401 6.45464 4.83677 4.75627 4.41248 3.54293 8.44589 3.31541 3.00686 2.91732 3.48305 2.56335 2.96292
threshold=4.1121879235106469e-08 0.05249301344156266 0.29870507121086126 0.20359309017658236 3.2049462106442666e-07 5.1423764801938894e-08 0.002313763834536076 0.00031771855719853198 0.0013257549726404252 0.12817681580781939 0.00046769880282226955 0.50917410850524913 0.62190663814544689 8.9537559233576768e-07 0.11112770810723306 1.0000000180025095e-35 0.00098189854179509006 9.0848502054541324e-07 6.0955099456805339e-07 0.097786840051412596 0.074491132050752654 1.6851223705316445e-07 0.0030789537122473125 1.0683193440996776e-08 0.04210090450942517 0.25108298659324652 0.32466374337673193 2.5000000000000004 1.0000000180025095e-35 0.10951028019189836 0.00017683237820165235 0.50917410850524913 1.5000000000000002 0.027426173910498623 0.080061092972755446 0.14572666585445407 0.83948618173599254 2.3222270328915332e-08
decision_type=2 2 2 2 2 2 2 2 2 2 2 2 2 2 2 2 2 2 2 2 2 2 2 2 2 2 2 2 2 2 2 2 2 2 2 2 2 2
left_child=1 15 6 4 7 18 13 17 -9 20 11 -11 -13 14 -3 28 -10 21 19 -6 24 -2 36 -20 26 -26 -5 33 -1 30 -4 -32 -31 -12 -8 -36 37 -17
right_child=3 2 29 9 5 -7 34 8 16 10 27 12 -14 -15 -16 22 -18 -19 23 -21 -22 -23 -24 -25 25 -27 -28 -29 -30 32 31 -33 -34 -35 35 -37 -38 -39
leaf_value=-0.36971383303250188 0.044132886770184225 0.73921777492226948 -0.040722360376597773 0.03787179446163675 0.17064697020055111 -0.078629290733190874 -0.33328848022099344 0.42242159975076532 0.039448493486415485 -0.18867630566093999 0.1096443248343793 0.31748452485527789 -0.16898946570522602 1.0188436028705516 0.13642304107183612 -0.21540937025637108 -0.46274494802427119 -0.19994611990105135 0.52458676646402913 0.79467658993151735 -0.15427113445286425 -0.24967014227579989 -0.2858953676428187 0.57683381124206667 0.06106822802568275 -0.074787406961870612 -0.035572866686684461 0.68440993064163547 -0.16948751192965025 -0.28978899132848224 0.35634779896577867 0.011587487879899378 -0.069363107639203558 -0.14689915275318027 0.3530820179948253 -0.079717547910585274 0.059370106978680455 0.046774119393503483
leaf_weight=41241.075681388378 13684.968935787678 7528.8221796154976 16664.858895421028 16512.497307479382 780.46368706226349 1418.8870475888252 1190.1266964673996 2775.4793694615364 7491.1735420227051 809.10475552082062 3669.7986966967583 1994.856041431427 302.48495471477509 1047.0724221467972 9722.2928560376167 3132.4605017900467 787.79952055215836 3703.8894062042236 3421.3790122866631 967.25055295228958 1362.6178332567215 1769.8523535132408 2666.6553699374199 1857.4834340214729 26093.810442447662 8080.1898935437202 53088.025465548038 253.65026843547821 3458.0499814152718 1810.1978158354759 3775.4997157454491 21515.473845183849 8378.5559554696083 1392.1379964947701 548.43730819225311 1924.7067515254021 1165.3994580507278 1358.0305138230324
leaf_count=50270 13263 7706 18109 12481 665 1390 1501 3053 6287 749 3362 1547 250 1159 11354 2373 704 4011 3107 793 1683 1475 2601 1784 22676 7257 47347 224 3557 2250 4242 24058 9394 1440 692 2433 893 1074
internal_value=-0.000175714 -0.000850438 0.000435329 0.000387798 0.00128359 0.0041105 0.00169366 0.000493283 0.00165851 8.28354e-05 0.00161785 0.00381613 0.00592693 0.00217889 0.00191432 -0.00264747 0.00011542 -0.000179099 0.00514859 0.00772094 -4.01411e-05 0.000266849 -0.00135816 0.00429564 -1.80411e-06 0.000434371 -0.00021597 0.000332682 -0.00288749 -9.4657e-05 0.000105251 0.000434186 -0.000917777 3.43491e-05 -0.000730033 0.000133426 -0.000565041 -0.00104328
internal_weight=279346 127128 74106 152218 38658.6 8445.46 21961.5 30213.2 11054.5 113559 8422.03 3106.45 2297.34 18298.2 17251.1 53021.7 8278.97 19158.7 7026.58 1747.71 105137 15454.8 8322.55 5278.86 103775 34174 69600.5 5315.59 44699.1 52144.6 41955.8 25291 10188.8 5061.94 3663.27 2473.14 5655.89 4490.49
internal_count=279214 143666 82898 135548 36532 7739 24845 28793 10044 99016 7572 2546 1797 20219 19060 60768 6991 18749 6349 1458 91444 14738 6941 4891 89761 29933 59828 5026 53827 58053 46409 28300 11644 4802 4626 3125 4340 3447
is_linear=0
shrinkage=0.0440977


Tree=7
num_leaves=39
num_cat=0
split_feature=17 15 12 6 6 0 17 14 12 19 0 19 12 6 0 12 19 19 0 4 6 0 12 0 0 6 14 0 0 12 12 12 6 17 6 0 0 6
split_gain=38.1383 58.4166 39.3125 38.3623 32.2581 24.7008 15.712 11.6666 11.496 9.0978 9.71228 8.20781 8.16068 8.65168 16.603 7.89137 17.2028 16.0012 7.79122 7.67282 14.5248 7.64177 7.067 6.79293 5.76274 5.34269 4.96042 4.56296 4.50951 3.76918 3.32701 3.27692 2.43324 2.41649 2.14036 2.41388 1.97092 1.82196
threshold=1.0000000180025095e-35 0.060988180339336402 5.1423764801938894e-08 7.4751966394615021e-07 4.7080668082344353e-05 0.11746299266815187 6.0955099456805339e-07 2.5000000000000004 1.9899862140071448e-11 1.1399192345606936e-07 0.54427608847618114 1.1990982859422242e-10 0.030274450778961185 2.7039660608352283e-06 0.50917410850524913 0.00073787444853223871 0.028479612432420257 9.3940165243111564e-05 0.46071977913379675 1.0000000180025095e-35 0.18675945699214938 0.67595285177230846 0.071339275687932982 0.065548479557037367 0.080061092972755446 5.5234647788893207e-06 1.5000000000000002 0.12767100334167483 0.097786840051412596 0.00073787444853223871 0.00055449589854106318 4.6107925810723321e-10 1.0000000180025095e-35 4.5040064833301594e-06 0.0075047470163553962 0.52643263339996349 0.097786840051412596 0.00022662372066406536
decision_type=2 2 2 2 2 2 2 2 2 2 2 2 2 2 2 2 2 2 2 2 2 2 2 2 2 2 2 2 2 2 2 2 2 2 2 2 2 2
left_child=1 4 3 8 15 7 11 23 -2 37 19 -5 13 31 -15 17 -17 28 -18 26 -21 29 -23 32 -25 27 -11 -8 -1 -12 -19 -7 -3 -27 -14 -36 -9 -4
right_child=2 5 9 6 -6 12 25 36 -10 10 21 -13 34 14 -16 16 18 30 -20 20 -22 22 -24 24 -26 33 -28 -29 -30 -31 -32 -33 -34 -35 35 -37 -38 -39
leaf_value=-0.018320249256089893 0.2560908414952609 3.0670732161371363 -0.057194878698423289 0.38434019158639232 -0.34838964017608776 -0.019244336916787654 0.98648403965368936 -0.18480982226107479 -0.15304976726194752 0.010916118471569324 0.10748122199382333 0.82171976358318333 -0.24843452042129605 0.33277150643797704 0.0016945191371026539 -0.33517323570075191 0.070476382071135199 0.37996452349942217 -0.23989686273305372 0.38850451543987724 -0.085787971093175902 -0.005895446789105128 0.099419758505219252 0.21997924486490208 0.75597901465576811 0.75404843107399755 0.12940030751086362 0.1803357939482203 -0.078366597977651845 -0.092512543303251121 0.092751679638023624 -0.26087342978243272 0.57253400320406589 0.19190595607620042 0.22518337253389839 -0.082666102703331801 0.20165109988413837 -0.17405554832409195
leaf_weight=19496.896327316761 1613.3746227025986 439.2427499294281 2242.0407472848892 578.5470706820488 19136.103248655796 13957.16007745266 2063.2755289673805 1332.8185552954674 3440.1405999064445 11294.990948855877 2669.8373790383339 784.57532948255539 2120.1258444786072 11676.597059845924 18943.433315575123 8134.7561166286469 4505.1663023233414 451.91962820291519 1631.7036861777306 3199.7407792210579 1357.1505867242813 26692.78305542469 14307.572493195534 2471.4271267652512 4033.1437653899193 1151.994412958622 4980.615510225296 1703.4038525819778 54726.513482570648 16652.832813203335 222.78533613681793 2121.7260885238647 451.59249305725098 351.69160181283951 868.49479854106903 14779.844040751457 244.46984630823135 2515.0292428731918
leaf_count=20476 1784 350 2331 487 24100 15162 1816 1681 2904 11080 2529 635 2675 13018 21333 9064 4643 389 1509 2857 1362 22733 12079 2291 4647 1104 4256 1621 48993 14763 199 2549 426 339 1055 16708 307 2959
internal_value=-0.000196853 -0.000574439 0.000506272 0.00290573 -0.00122545 0.000385647 0.00511064 0.00255328 1.10168e-05 0.000179834 0.000289709 0.00932991 8.39162e-05 0.000389957 0.000824897 -0.000872877 -0.0018232 -0.000691774 -6.04485e-05 0.00111058 0.00270979 6.20782e-06 0.000346937 0.00328755 0.00279213 0.00401782 0.00066269 0.00312925 -0.000753262 -0.00071676 0.0060636 -0.000438325 0.00689774 0.00624008 -0.000720395 -0.000542169 -0.000889375 -0.00169429
internal_weight=279346 181746 97599.6 11687 108306 73440.1 6633.49 8972.69 5053.52 85912.6 81155.5 1363.12 64467.4 46698.9 30620 89169.7 14271.6 74898.1 6136.87 20832.5 4556.89 60323 41000.4 7395.41 6504.57 5270.37 16275.6 3766.68 74223.4 19322.7 674.705 16078.9 890.835 1503.69 17768.5 15648.3 1577.29 4757.07
internal_count=279214 191575 87639 10690 109373 82202 6002 9702 4688 76949 71659 1122 72500 52062 34351 85273 15216 70057 6152 19555 4219 52104 34812 7714 6938 4880 15336 3437 69469 17292 588 17711 776 1443 20438 17763 1988 5290
is_linear=0
shrinkage=0.0440977


Tree=8
num_leaves=39
num_cat=0
split_feature=17 17 15 8 0 3 3 6 3 3 3 3 0 3 0 15 3 14 3 17 3 0 3 3 0 17 0 6 3 17 14 3 6 3 0 0 0 14
split_gain=36.0448 62.9935 51.6485 32.8248 22.4174 18.8146 13.2213 12.5963 12.0215 37.9033 7.85269 8.90314 7.72323 12.2836 7.3263 7.27839 7.26066 9.8986 7.24511 7.71241 6.99874 6.70825 6.66839 8.39917 6.46952 6.31307 16.9941 6.10673 5.95743 5.8934 5.09257 4.71714 7.69688 6.80965 3.86003 7.45903 3.63073 3.57572
threshold=3.2049462106442666e-07 4.5040064833301594e-06 0.060988180339336402 1.0000000180025095e-35 0.29870507121086126 9.2124505499668902e-06 0.014099423773586752 1.0000000180025095e-35 0.0010775665869005027 0.0044963988475501546 0.030205942690372471 0.078289981931447997 0.54427608847618114 0.52593708038330089 0.080061092972755446 0.067402362823486342 3.3323743991786621e-05 2.5000000000000004 7.8524684795411317e-05 0.00021317431674106049 1.4141691735858332e-05 0.67595285177230846 0.094717219471931471 0.43472141027450567 0.48434139788150793 6.0955099456805339e-07 0.097786840051412596 5.5234647788893207e-06 6.001350129736239e-06 6.7982688051415621e-05 1.0000000180025095e-35 0.024967188946902755 0.28668753802776342 0.35932569205760961 0.12767100334167483 0.11746299266815187 0.32466374337673193 2.5000000000000004
decision_type=2 2 2 2 2 2 2 2 2 2 2 2 2 2 2 2 2 2 2 2 2 2 2 2 2 2 2 2 2 2 2 2 2 2 2 2 2 2
left_child=2 25 3 8 5 7 14 15 16 -10 20 -12 13 18 -7 -4 17 -1 29 -20 -6 22 37 -24 -22 26 -2 34 -9 -3 -11 32 -23 -33 35 -27 -13 -14
right_child=1 12 4 -5 10 6 -8 28 9 30 11 36 21 -15 -16 -17 -18 -19 19 -21 24 31 23 -25 -26 27 -28 -29 -30 -31 -32 33 -34 -35 -36 -37 -38 -39
leaf_value=-0.061788350281692432 0.15766465789611331 0.051678353706043109 1.017026122997724 -0.33302645371512479 -0.1701518018096411 0.26409502684974751 0.057239459914367095 0.41002721367214334 0.31219418149515732 -0.016042360265018079 -0.27940716016983402 0.64385509665308027 -0.11951716245224392 0.61383520995479379 1.5065046588442388 -0.095542134854683519 -0.22677052831929864 -0.24387923679299489 0.26241333157432717 0.076687820938569948 0.35260622653622886 0.042079401533964306 0.53252304078319468 -0.045220224184722976 0.030878353315593132 0.28768592368105533 0.72339720699316312 0.72079661956395635 -0.23525106946074448 -0.12207776559700127 -0.13698072636167255 -0.060840959133392124 0.27952779028214531 0.34291378621786694 0.17238339781321474 2.8146030349234148 -0.044326065265628399 0.13474836965814199
leaf_weight=44199.858733892441 780.46368706226349 5712.2060267925262 784.93737715482712 16066.680360019207 3720.2432717680931 714.63777470588684 1644.1288806200027 6930.0763120055199 3861.9955778717995 18558.139084637165 5114.6248804926872 204.18962508440018 14578.491455793381 757.82671570777893 2726.2392711043358 7234.1646264195442 12504.448018729687 6105.14914894104 2026.1391983032227 10908.651747941971 4783.3545371890068 26789.69008153677 1153.9725048542023 3913.46957051754 24919.489646494389 1201.9427335262299 967.25055295228958 1151.994412958622 838.77017122507095 4238.4674896001816 11669.999536693096 13947.148510992527 903.6999591588974 919.88627189397812 1696.4517207741737 869.8298454284668 13825.21938765049 421.5877565741539
leaf_count=40282 665 6027 692 20274 2764 723 2070 7170 4428 16652 6171 250 13030 695 3130 9004 13534 6596 1902 9750 5511 21901 1178 3652 27350 997 793 1104 894 4132 11948 13247 774 700 1612 830 16473 309
internal_value=-0.000204632 0.000504774 -0.000558332 -0.00115017 0.000352045 0.00157467 0.00390727 0.000823185 -0.000844066 -0.000177354 -0.000133446 -0.000845578 0.000185576 0.000864625 0.00546123 -0.000402807 -0.00120592 -0.000969499 0.00068157 0.00136971 0.000274461 -7.07879e-05 -0.000735417 0.000647521 0.000500307 0.00463399 0.00691118 0.00382386 0.00208856 -0.000212991 -0.000702975 0.000242599 0.000582747 -0.000391003 0.00296349 0.00424033 -0.000271323 -0.00120262
internal_weight=279346 92939.2 186406 112966 73440.1 20873 5085.01 15787.9 96899.6 34090.1 52567.1 19144 86271.2 23643.3 3440.88 8019.1 62809.5 50305 22885.5 12934.8 33423.1 62627.9 20067.5 5067.44 29702.8 6667.93 1747.71 4920.22 7768.85 9950.67 30228.1 42560.4 27693.4 14867 3768.22 2071.77 14029.4 15000.1
internal_count=279214 83298 195916 113714 82202 23683 5923 17760 93440 33028 58519 22894 77297 22506 3853 9696 60412 46878 21811 11652 35625 54791 18169 4830 32861 6001 1458 4543 8064 10159 28600 36622 22675 13947 3439 1827 16723 13339
is_linear=0
shrinkage=0.0440977


Tree=9
num_leaves=39
num_cat=0
split_feature=16 15 0 0 6 17 16 16 12 12 19 16 8 16 16 19 16 16 0 6 0 16 0 17 6 16 12 12 0 15 6 6 19 6 12 5 12 6
split_gain=50.358 131.817 17.8503 16.126 27.7541 24.4715 12.2007 30.4661 11.2894 9.63261 9.31892 8.63809 11.1753 9.19743 7.99982 7.84927 7.71679 7.18162 6.80055 11.0811 6.66878 9.05517 6.58517 5.15553 10.3108 8.14635 5.15314 4.98179 4.97279 4.47562 4.5223 6.20326 3.9761 3.89809 3.8917 2.89523 2.82054 7.90394
threshold=4.1121879235106469e-08 0.05249301344156266 0.29870507121086126 0.29870507121086126 7.4751966394615021e-07 6.0955099456805339e-07 0.00031771855719853198 0.0013257549726404252 5.1423764801938894e-08 0.002313763834536076 0.00029456955962814396 0.12817681580781939 1.5000000000000002 0.26183025538921362 1.0000000180025095e-35 2.6861268054290127e-07 2.3947405480839739e-07 1.7694871985440843e-06 0.10807117074728013 2.7039660608352283e-06 0.52643263339996349 0.049453346058726318 0.50917410850524913 0.048566129058599479 0.10546645149588586 0.072383768856525435 0.0030789537122473125 4.6107925810723321e-10 0.065548479557037367 1.0000000180025095e-35 1.0000000180025095e-35 0.0016745353932492437 1.1399192345606936e-07 5.5234647788893207e-06 0.10951028019189836 1.0000000180025095e-35 0.00017683237820165235 0.0052508653607219466
decision_type=2 2 2 2 2 2 2 2 2 2 2 2 2 2 2 2 2 2 2 2 2 2 2 2 2 2 2 2 2 2 2 2 2 2 2 2 2 2
left_child=1 14 9 4 6 16 17 -8 33 18 -9 15 13 22 29 20 -6 28 27 -20 21 -5 -13 25 -25 -17 -16 -3 -2 30 -1 -32 -10 -7 36 -36 -4 -38
right_child=3 2 34 11 5 8 7 10 32 -11 -12 12 -14 -15 26 23 -18 -19 19 -21 -22 -23 -24 24 -26 -27 -28 -29 -30 -31 31 -33 -34 -35 35 -37 37 -39
leaf_value=-0.3336200677695752 0.24055708416585114 0.68448133219353224 -0.043887735569029557 0.023280909070205559 0.34083174188592835 0.39431974754952825 0.39083460475989162 0.052099310911806494 -0.057905654838953005 -0.089198680846579059 -0.4330145648683868 -0.062687903807885734 -0.14903088397723765 -0.175645129374015 -0.045845986096419662 -0.028911987099163528 0.75358363843616527 -0.18075535686552149 -0.0032778039862646421 0.4266026936802822 -0.15624061774106249 -0.29089141285281733 0.26056867275071005 1.1051414285910044 0.028437082111649348 0.17319494062234078 -0.24775314578941102 0.85423017120753941 -0.00076706250958231297 -0.15258430487560315 -0.19141527641397943 -0.31834074864572981 0.17962978546012387 0.56586472888258432 -0.020599507106103247 -0.20544472907006819 0.31310545975330456 0.0021977374269272093
leaf_weight=19087.434710800648 1061.1222707033157 6688.4081711769104 16664.858895421028 8272.9281796216965 578.5470706820488 3766.6793815493584 2775.4793694615364 10637.674458861351 2171.7469701170921 3663.2707561850548 777.7575523853302 989.99249738454819 2153.1262580752373 664.51724684238434 5655.8904736638069 43685.640497088432 784.57532948255539 3739.4225243330002 6614.6731589436531 4622.6151493191719 6582.381279528141 2002.129930794239 4614.3967109918594 1193.9678972959518 28839.321741759777 3460.9004091024399 2666.6553699374199 372.49097836017609 19410.043722212315 3458.0499814152718 6236.3144410848618 15917.326529502869 2551.7632039785385 1503.6860147714615 5629.5315018296242 4559.2222694754601 4341.2143889069557 20949.759172022343
leaf_count=22582 1181 6749 18109 4982 487 3437 3053 8447 2240 4626 691 895 2180 633 4340 38059 635 4057 8034 5021 7125 1812 3864 956 25403 2765 2601 415 18397 3557 7583 20105 2806 1443 6207 5437 4963 23337
internal_value=-0.00021754 -0.000865413 0.000335694 0.000323546 0.000974849 0.00288983 0.000408444 0.00143507 0.00213335 0.00139026 0.000427389 7.23989e-06 0.00136013 0.00230144 -0.00254412 -0.000113939 0.00843043 -0.000193341 0.00180347 0.00112943 -0.000975968 -0.000273897 0.00288308 7.43535e-05 0.000525913 -0.000213304 -0.00128859 0.00287589 0.000131294 -0.00277786 -0.00290564 -0.00247674 0.000567582 0.00353628 -0.00010847 -0.000881491 7.92711e-05 0.000372763
internal_weight=279346 127128 74106 152218 49758.5 11357 38401.5 14190.9 9993.88 21961.5 11415.4 102459 8422.03 6268.91 53021.7 94037.3 1363.12 24210.6 18298.2 11237.3 16857.4 10275.1 5604.39 77179.8 30033.3 47146.5 8322.55 7060.9 20471.2 44699.1 41241.1 22153.6 4723.51 5270.37 52144.6 10188.8 41955.8 25291
internal_count=279214 143666 82898 135548 46874 11048 35826 12191 9926 24845 9138 88674 7572 5392 60768 81102 1122 23635 20219 13055 13919 6794 4759 67183 26359 40824 6941 7164 19578 53827 50270 27688 5046 4880 58053 11644 46409 28300
is_linear=0
shrinkage=0.0440977


Tree=10
num_leaves=39
num_cat=0
split_feature=19 15 12 12 3 0 6 3 0 3 0 0 3 15 6 6 6 12 15 3 0 3 12 3 0 12 3 0 0 15 3 12 3 12 0 3 0 0
split_gain=31.475 47.6502 38.9463 26.753 24.7587 27.1498 24.2462 15.3861 14.8882 17.2369 12.1052 10.261 10.0462 12.7493 9.86898 8.23855 7.16631 7.84526 6.72546 6.16835 6.40195 6.03707 5.63435 5.3875 5.25305 4.32444 4.28612 4.23927 3.59434 3.34207 3.04672 2.74764 2.26268 2.2399 2.23974 2.2048 2.05583 5.44958
threshold=1.0000000180025095e-35 0.05249301344156266 5.1423764801938894e-08 5.1423764801938894e-08 0.0010775665869005027 0.097786840051412596 7.4751966394615021e-07 2.14092125361276e-07 0.29870507121086126 9.2124505499668902e-06 0.54427608847618114 0.10807117074728013 0.014099423773586752 0.082325432449579253 1.0000000180025095e-35 0.35519915819168096 0.24852309376001361 0.00098189854179509006 0.29217317700386053 0.024967188946902755 0.32466374337673193 3.3323743991786621e-05 0.1681051775813103 3.081195814047533e-06 0.080061092972755446 5.1423764801938894e-08 5.1154045650037012e-05 0.097786840051412596 0.69886434078216564 1.0000000180025095e-35 7.8760091781759924e-08 0.034923546016216285 5.1154045650037012e-05 0.0013066243263892832 0.58179801702499401 1.4141691735858332e-05 0.11746299266815187 0.12767100334167483
decision_type=2 2 2 2 2 2 2 2 2 2 2 2 2 2 2 2 2 2 2 2 2 2 2 2 2 2 2 2 2 2 2 2 2 2 2 2 2 2
left_child=1 2 4 6 21 29 24 -5 9 14 -7 27 13 -11 30 16 23 -18 -10 26 -21 35 31 -9 -2 -16 -20 -8 -24 -6 -3 -17 -23 34 -4 -1 -13 -38
right_child=3 8 33 7 5 10 11 15 18 12 -12 36 -14 -15 25 22 17 -19 19 20 -22 32 28 -25 -26 -27 -28 -29 -30 -31 -32 -33 -34 -35 -36 -37 37 -39
leaf_value=-0.080711451887030911 0.12013546796586913 0.46049135966241839 -0.19963925519350059 -0.22226750935490788 0.32877977165459416 -0.045790256431876585 0.21138964883276745 0.14554629208843378 -0.14717732486996984 0.23585391270646219 0.18503015755883104 0.22716087780423225 0.042811079599841845 1.4272808265297798 0.37433359075561717 -0.13591022228350666 0.55365780918418883 0.079610943688363509 -0.087459563503415771 0.81784203630625718 -0.10197967643185164 -0.3321545646552162 0.026246926560676551 0.01968445678205261 -0.1868981286556049 -0.06350393639928896 0.089894314268034417 0.54028671674632966 0.34946755698314735 0.92935934643050899 -0.09999105862444424 -0.0088454616662036016 -0.18182678178284928 -0.30430264958774711 -0.31016816100727618 0.042999796244389495 2.810590016869432 0.31464458048352961
leaf_weight=31035.301430225372 3143.7893118262291 1312.807612657547 5136.4908055663109 3613.1742553710938 3659.3930315971375 15463.156551122665 366.94079381227493 3882.9976146221161 2061.7058116197586 1254.5943180322647 1572.6874936819077 927.14603143930435 1694.8550114035606 2695.7327750325203 6471.1301380991936 8199.4988881349564 600.6151796579361 4557.2892838120461 6630.7556511163712 176.65416979789734 19572.49606782198 1161.0700007677078 374.19384515285492 73463.172401309013 1919.9635961055756 1593.2450248599052 24961.962192773819 1146.8878373503685 233.42337739467621 80.335745334625244 7309.9067187309265 5238.1538579463959 10046.918740868568 16911.937277078629 3861.0693120360374 2333.1155105233192 813.82661473751068 3261.0734527111053
leaf_count=26655 3047 1315 6434 3600 4152 13781 313 3871 2461 1292 1298 788 2134 3104 6694 7495 602 4022 6262 213 23284 1280 298 65098 1619 1735 27586 974 212 104 9066 4742 10739 21398 4812 2534 794 3064
internal_value=-0.000206267 -0.000589579 -0.00126815 0.000366588 -0.000694537 0.000562711 0.00237327 0.000134577 0.000228107 0.00118418 -0.000184258 0.00415191 0.00329031 0.00450856 0.000471535 0.000240319 0.000408391 0.00199974 -0.00017172 -7.25281e-05 -0.000683851 -0.0012805 -0.000746924 0.000302246 8.42024e-05 0.00158036 0.00030963 0.00733241 0.00340323 0.00396457 -0.000565552 -0.000934823 -0.00216597 -0.00271491 -0.00215224 -0.000983024 0.00318809 0.00361452
internal_weight=278739 166997 91261.5 111742 65352 20775.6 11579.6 100163 75735.8 22332.3 17035.8 6515.87 5645.18 3950.33 16687.1 96549.3 82504.1 5157.9 53403.6 51341.9 19749.2 44576.4 14045.3 77346.2 5063.75 8064.38 31592.7 1513.83 607.617 3739.73 8622.71 13437.7 11208 25909.5 8997.56 33368.4 5002.05 4074.9
internal_count=278872 178333 93187 100539 60543 19335 10599 89940 85146 25340 15079 5933 6530 4396 18810 86340 73593 4624 59806 57345 23497 41208 12747 68969 4666 8429 33848 1287 510 4256 10381 12237 12019 32644 11246 29189 4646 3858
is_linear=0
shrinkage=0.0440977


Tree=11
num_leaves=39
num_cat=0
split_feature=16 15 0 6 0 3 3 0 3 16 16 16 6 3 0 16 12 3 6 19 19 0 5 3 12 12 12 3 0 3 0 3 19 3 3 3 12 0
split_gain=52.4655 121.761 14.5042 18.5566 18.9095 11.9597 28.6253 11.8611 14.0061 9.48531 8.78995 8.35724 8.27922 8.01339 10.2586 7.97096 6.70262 6.59364 12.0758 9.69027 6.74873 8.42833 5.92764 12.3694 9.6115 5.63575 5.61632 5.12424 6.49545 5.16165 4.90004 4.58427 4.53389 4.46848 9.5836 4.15259 3.62772 3.18881
threshold=4.1121879235106469e-08 0.05249301344156266 0.29870507121086126 7.4751966394615021e-07 0.10807117074728013 0.00084926004637964081 0.0044963988475501546 0.29870507121086126 9.2124505499668902e-06 1.0000000180025095e-35 1.2678929692810927e-06 0.0023476403439417486 1.0000000180025095e-35 0.014099423773586752 0.080061092972755446 0.18760957568883899 5.1423764801938894e-08 0.29700618982315069 0.029156521894037727 0.0038542964030057196 2.6861268054290127e-07 0.52643263339996349 1.0000000180025095e-35 0.0035437360638752584 0.0013066243263892832 0.002313763834536076 0.00017683237820165235 0.024967188946902755 0.32466374337673193 0.078289981931447997 0.097786840051412596 9.2124505499668902e-06 0.11883784458041192 5.1154045650037012e-05 0.00012054033868480475 0.20291772484779361 1.3978428370364784e-07 0.072442274540662779
decision_type=2 2 2 2 2 2 2 2 2 2 2 2 2 2 2 2 2 2 2 2 2 2 2 2 2 2 2 2 2 2 2 2 2 2 2 2 2 2
left_child=1 9 3 5 30 10 11 8 12 -1 32 -7 -3 14 -10 -8 -6 20 19 26 21 35 23 -22 -24 37 -19 33 -29 -30 -5 -18 -2 -9 -35 -4 -14 -11
right_child=2 7 17 4 16 6 15 27 13 25 -12 -13 36 -15 -16 -17 31 18 -20 -21 22 -23 24 -25 -26 -27 -28 28 29 -31 -32 -33 -34 34 -36 -37 -38 -39
leaf_value=-0.2957626876022198 0.0050783195792432935 -0.051575409685815393 0.022211174179855023 0.20206784870893538 0.40779027025790504 0.4407637132339513 0.051702214750991925 -0.091583049552835458 0.15623166450229753 -0.26092026692009929 -0.16640291656607109 1.5403412221729023 0.32062654748882852 0.046274857603785892 1.3368723457622078 -0.29441668011537792 -0.044442894917832133 0.1612175171412846 -0.11676606583893237 0.50979344774246615 -0.010489858320264587 -0.14707325049677863 0.061740500623005956 0.1034405358063032 -0.086933658427420513 -0.24033030049658716 -0.055584637855286528 0.76841414201061087 -0.21712905492655921 -0.033406268132215595 0.51197407251743554 0.21138834598768236 0.15100438562475804 0.5118999325143494 0.04272685517772612 -0.28352816183340313 -0.17366818816258242 0.016063687056841934
leaf_weight=44669.704012274742 17931.581673800945 8484.4441543221474 8515.91725897789 372.34800744056702 5063.0703669786453 3190.2881597876549 10356.711261928082 6816.145831823349 1112.130272090435 1275.8650470376015 3890.053892493248 26.263609051704407 7087.4506317973137 1623.7887751460075 2803.4361619353294 1005.2661868929863 2602.640438914299 4989.3870360851288 3620.8557571768761 1585.7749633789062 28052.021171092987 6690.6176121234894 10026.939325511456 15626.636186480522 20268.43424731493 2748.1291296482086 2121.9915965199471 182.83384251594543 5997.5764406323433 13655.267876327038 1158.4747236967087 2171.13620865345 1808.9382621049881 2491.4578253030777 22519.941749215126 832.1756796836853 938.30157667398453 4425.470779299736
leaf_count=53608 16978 10202 5372 320 4725 3500 8113 6439 1131 1027 4305 34 7368 2042 3220 937 2692 4184 3489 1392 24666 7297 9407 13173 17431 2696 1681 221 7150 16237 989 2358 1774 2879 24771 781 1011 3272
internal_value=-0.000214876 -0.000876981 0.000337936 0.000956995 0.00252105 0.000491616 0.00148485 0.000282894 0.00113911 -0.0024865 -0.000121183 0.0051567 0.00049527 0.00305767 0.00413753 0.000444998 0.00181113 3.80107e-05 0.000994847 0.00188567 -9.29394e-05 -0.00091294 8.48593e-05 0.000413609 -0.000389117 -0.00113141 0.00119021 -8.25497e-05 -0.000638844 -0.000715986 0.00707874 0.000625466 0.000256391 0.000264155 0.000536923 -5.76847e-05 0.0015105 -0.00034056
internal_weight=278739 126832 151908 49576.8 11367.7 38209.1 14578.5 73712.8 22049.6 53119.2 23630.6 3216.55 16510.2 5539.36 3915.57 11362 9836.85 102331 12318 8697.15 90012.7 16038.7 73974 43678.7 30295.4 8449.46 7111.38 51663.2 19835.7 19652.8 1530.82 4773.78 19740.5 31827.5 25011.4 9348.09 8025.75 5701.34
internal_count=278872 143274 135598 46725 11084 35641 12584 82671 24974 60603 23057 3534 18581 6393 4351 9050 9775 88873 10746 7257 78127 13450 64677 37839 26838 6995 5865 57697 23608 23387 1309 5050 18752 34089 27650 6153 8379 4299
is_linear=0
shrinkage=0.0440977


Tree=12
num_leaves=39
num_cat=0
split_feature=16 15 0 6 0 3 3 0 3 15 16 16 14 16 16 3 0 3 6 6 8 16 12 6 3 3 12 3 3 0 12 19 0 0 0 3 3 6
split_gain=49.3174 115.04 13.3431 17.1641 17.3878 11.0163 30.2564 10.9486 24.2121 9.85291 8.86467 7.74153 7.53398 7.38146 7.27407 6.42998 6.11964 6.02162 7.6579 6.38523 10.1688 6.87703 5.71749 5.9403 12.5214 6.04192 5.54888 5.03494 4.92461 4.7723 4.3066 4.10251 3.98009 3.81088 4.60364 3.81085 3.77531 3.48745
threshold=4.1121879235106469e-08 0.05249301344156266 0.29870507121086126 7.4751966394615021e-07 0.10807117074728013 0.0010775665869005027 0.0044963988475501546 0.11746299266815187 0.0027929162606596951 0.10055250674486162 1.0000000180025095e-35 0.18760957568883899 2.5000000000000004 1.2678929692810927e-06 0.0023476403439417486 7.8760091781759924e-08 0.16948933899402621 7.8524684795411317e-05 0.35519915819168096 0.24852309376001361 1.5000000000000002 0.00064901233417913329 0.034923546016216285 2.7039660608352283e-06 0.00028404347540345048 5.1154045650037012e-05 0.002313763834536076 3.3323743991786621e-05 0.036543922498822219 0.097786840051412596 0.034923546016216285 0.11883784458041192 0.68731313943862926 0.40998613834381109 0.43825021386146551 0.0044963988475501546 9.2124505499668902e-06 5.5234647788893207e-06
decision_type=2 2 2 2 2 2 2 2 2 2 2 2 2 2 2 2 2 2 2 2 2 2 2 2 2 2 2 2 2 2 2 2 2 2 2 2 2 2
left_child=1 10 3 5 29 13 14 8 12 -10 -1 -8 15 31 -7 -3 37 27 19 20 -19 -21 23 25 -25 -9 -12 33 35 -5 -20 -2 -32 -4 -35 -24 -18 -6
right_child=2 7 17 4 16 6 11 22 9 -11 26 -13 -14 -15 -16 -17 36 18 30 21 -22 -23 28 24 -26 -27 -28 -29 -30 -31 32 -33 -34 34 -36 -37 -38 -39
leaf_value=-0.28272022940647151 0.0048543772985117188 3.1866818001972339 -0.033129637407459826 0.19315711865418417 0.31517105443516985 0.47145835917120954 0.049422265309146368 -0.15082608772397993 3.9965494673090758 0.76549335078042702 -0.027610533676017689 -0.28143357777185235 -0.16280196454857399 -0.15070888079285658 1.4724156966096598 0.2561215137653382 -0.01845127782732027 0.044561883206035796 -0.13014093871837376 0.2410743734737533 -0.066024202798117479 0.089576204151512948 -0.13234582091216038 0.34410656221253505 0.0051748004310845893 0.071307392553178625 -0.22973228381365099 -0.14484060874561713 -0.22836594818450595 0.48939718666259668 -0.0089023721417955722 0.1443454375239944 0.32949534576674444 0.22720375987369226 0.043503249293059022 0.067758549187381917 0.20206660331633927 0.58495244939433522
leaf_weight=44669.704012274742 17931.581673800945 588.66497522592545 7377.5145058631897 372.34800744056702 3445.0047728419304 2765.3606998920441 10356.711261928082 8742.553491294384 491.62687265872955 341.8953982591629 5701.3358263373375 1005.2661868929863 2006.1084766983986 4314.9813523888588 26.263609051704407 6707.9558293819427 2963.7561526298523 54584.380047142506 8333.9067697525024 643.53529983758926 14279.019430100918 4606.2917953133583 5776.8632722496986 9647.9976263046265 21431.150363922119 6815.6114958524704 2748.1291296482086 4658.7332947254181 4570.2023397684097 1158.4747236967087 5579.0036749839783 1808.9382621049881 365.64216899871826 409.44045674800873 1493.283390879631 6592.1449961662292 2171.13620865345 1256.9498804211617
leaf_count=53608 16978 397 4330 320 3237 3007 8113 8882 568 417 4299 937 2537 4798 34 7103 3029 47181 7669 528 12937 4215 6382 10673 24317 8256 2696 4676 5534 989 5060 1774 320 412 1545 7605 2358 1151
internal_value=-0.000222933 -0.000864866 0.000313038 0.000906799 0.00241102 0.000459223 0.00143534 0.00026254 0.00160843 0.00880396 -0.00242933 0.000424529 0.000962834 -0.000115136 0.00554777 0.00162082 0.00173027 2.53684e-05 0.000159703 0.000339864 0.000226836 0.00182216 4.79382e-05 0.000299967 0.000652086 -0.000403427 -0.00111932 -0.000826442 -0.000645928 0.00678148 -0.00077539 0.000246039 0.000131393 -0.000232557 0.00152655 -0.000188834 0.00067755 0.00287953
internal_weight=278739 126832 151908 49576.8 11367.7 38209.1 14153.6 73712.8 10136.3 833.522 53119.2 11362 9302.73 24055.5 2791.62 7296.62 9836.85 102331 88391.8 74113.2 68863.4 5249.83 63576.5 46637.3 31079.1 15558.2 8449.46 13939 16939.2 1530.82 14278.6 19740.5 5944.65 9280.24 1902.72 12369 5134.89 4701.95
internal_count=278872 143274 135598 46725 11084 35641 12091 82671 11022 985 60603 9050 10037 23550 3041 7500 9775 88873 77910 64861 60118 4743 71649 52128 34990 17138 6995 10963 19521 1309 13049 18752 5380 6287 1957 13987 5387 4388
is_linear=0
shrinkage=0.0440977


Tree=13
num_leaves=39
num_cat=0
split_feature=16 6 3 0 17 17 3 3 3 16 16 6 3 6 13 12 3 3 0 3 17 16 16 3 0 3 0 0 0 3 6 16 0 6 0 3 3 3
split_gain=46.4134 15.7783 26.1951 11.5865 15.8845 12.4534 9.88266 9.66633 21.0874 7.77486 7.64132 6.5261 5.94938 10.7544 7.9868 5.88073 7.29366 8.41635 7.80159 8.74391 5.8702 5.67152 5.56778 6.44545 15.9053 7.08127 5.51344 5.35414 4.61672 3.58214 3.5234 3.23089 3.14698 3.85546 2.60954 2.44284 2.39299 2.25789
threshold=4.1121879235106469e-08 1.0000000180025095e-35 0.00028404347540345048 0.29870507121086126 3.2049462106442666e-07 6.0955099456805339e-07 8.1219440062341174e-07 0.00084926004637964081 0.0044963988475501546 1.2678929692810927e-06 0.18760957568883899 3.6594201446860103e-07 0.29700618982315069 0.029156521894037727 1.0000000180025095e-35 3.7361638760557985e-06 0.0010775665869005027 1.3946797139396952e-07 0.10807117074728013 0.0027929162606596951 0.00046769880282226955 0.0023476403439417486 0.049453346058726318 0.094717219471931471 0.69886434078216564 0.014099423773586752 0.16948933899402621 0.54427608847618114 0.67595285177230846 9.2124505499668902e-06 5.5234647788893207e-06 0.22697485983371737 0.79854393005371105 0.0001032937398122158 0.89735960960388195 0.63629209995269786 2.14092125361276e-07 0.030205942690372471
decision_type=2 2 2 2 2 2 2 2 2 2 2 2 2 2 2 2 2 2 2 2 2 2 2 2 2 2 2 2 2 2 2 2 2 2 2 2 2 2
left_child=1 15 36 4 7 6 -6 9 21 11 -10 -2 22 14 20 16 17 34 19 -18 -14 -9 23 25 -25 -5 30 -4 -19 -28 -7 -16 33 -24 -1 -20 -3 -29
right_child=3 2 27 12 5 26 -8 8 10 -11 -12 -13 13 -15 31 -17 18 28 35 -21 -22 -23 32 24 -26 -27 29 37 -30 -31 -32 -33 -34 -35 -36 -37 -38 -39
leaf_value=-0.087262380941309739 0.030661124062998087 0.57820825553898247 0.00021886340231366439 0.011061833346018178 0.21687177157365159 0.27451489756694719 0.58541504510406461 0.40053680584059997 0.047242856424072069 -0.15241901144956449 -0.26902300055291006 -0.2585673165874196 0.15789251661885129 -0.10982659991236307 0.5157337909858678 -0.24837495966608183 -0.055756245776250303 -0.29199753409003315 -0.16517596477665239 1.6135299817003703 -0.045002138839171528 1.4074855313968555 -0.25370918188463659 0.28175402396448873 -0.033990699186170661 -0.076235704657854508 -0.017637618668107365 -0.11749084414855002 -0.0024369269935229426 0.19315592818055369 0.55915738400059978 -0.25992811557280743 -0.23673979297582923 0.038751772481166083 0.13879968245602958 0.16785728869222097 0.14152399927532963 -0.18953615019866496
leaf_weight=8119.6774842143059 17797.382567107677 551.66500675678253 9677.8727524280548 55363.084592521191 942.10661762952805 3632.9113698005676 797.18758791685104 3190.2881597876549 10356.711261928082 3890.053892493248 1005.2661868929863 1546.7592974305153 4836.6151082515717 3620.8557571768761 1289.2590862512589 13875.810270190239 1530.3519518375397 17972.842602610588 7592.5827820301056 1132.6577471494675 2450.8200125694275 26.263609051704407 1310.8311170339584 2973.3955770134926 3704.9145844578743 20833.24468100071 2963.7561526298523 26381.80328565836 1997.5121959447861 2171.13620865345 1256.9498804211617 120.45938891172409 3086.8904165029526 2740.3805126547813 1192.8181840181351 652.72473645210266 19026.664894580841 17126.960212171078
leaf_count=7255 17103 564 11248 46863 808 3412 661 3500 8113 4305 937 1314 4035 3489 1177 16737 1723 18062 9543 1382 1915 34 1212 2617 3469 18238 3029 30526 2390 2358 1151 130 2973 2755 1081 796 21332 20635
internal_value=-0.000229954 -0.000852701 -0.00042872 0.000289998 0.000843299 0.00225838 0.00570198 0.000402999 0.00129305 -0.000155504 0.000400546 0.000206269 2.19314e-05 0.000930821 0.00177149 -0.00142329 -0.00115301 -0.00151557 -0.000179677 0.00189502 0.00118338 0.00444457 -0.000102457 -6.64719e-07 0.00131284 -0.000115804 0.00166041 -0.000936351 -0.00202607 0.00065102 0.00272003 0.00480871 -0.00128411 -0.000475669 -0.000420721 -0.000849896 0.000950293 -0.00114502
internal_weight=278739 126832 72765 151908 49576.8 11764 1739.29 37812.7 14578.5 23234.2 11362 19344.1 102331 12318 8697.15 54067 40191.2 29282.9 10908.3 2663.01 7287.44 3216.55 90012.7 82874.6 6678.31 76196.3 10024.8 53186.6 19970.4 5134.89 4889.86 1409.72 7138.1 4051.21 9312.5 8245.31 19578.3 43508.8
internal_count=278872 143274 84305 135598 46725 11419 1469 35306 12584 22722 9050 18417 88873 10746 7257 58969 42232 28788 13444 3105 5950 3534 78127 71187 6086 65101 9950 62409 20452 5387 4563 1307 6940 3967 8336 10339 21896 51161
is_linear=0
shrinkage=0.0440977


Tree=14
num_leaves=39
num_cat=0
split_feature=17 15 6 12 6 0 3 3 3 15 17 17 0 3 0 3 12 3 3 3 6 0 3 12 3 0 3 13 3 3 17 12 0 0 0 0 6 0
split_gain=27.8266 42.4678 23.0821 16.62 15.3387 11.3074 18.4877 10.5684 23.5549 8.0248 7.90277 7.35691 7.17879 6.23431 5.94187 5.95777 5.7219 5.67205 5.4712 5.38958 6.33251 10.3193 6.98461 5.0558 5.01469 7.33407 11.2752 11.2192 6.20824 9.14979 6.87861 4.88726 4.36706 3.85691 2.50336 2.48557 2.03644 2.86077
threshold=1.0000000180025095e-35 0.060988180339336402 0.0016745353932492437 5.1423764801938894e-08 7.4751966394615021e-07 0.11746299266815187 0.0027929162606596951 0.0010775665869005027 0.0044963988475501546 0.10055250674486162 6.0955099456805339e-07 0.18868316709995273 0.72255244851112377 8.1219440062341174e-07 0.065548479557037367 2.9878962948259874e-07 1.0000000180025095e-35 3.3323743991786621e-05 2.9878962948259874e-07 0.030205942690372471 2.7039660608352283e-06 0.54427608847618114 5.1154045650037012e-05 0.040286580100655563 0.094717219471931471 0.7723645567893983 0.63629209995269786 1.0000000180025095e-35 0.014099423773586752 0.0027929162606596951 0.012500685639679434 0.034923546016216285 0.080061092972755446 0.68731313943862926 0.71060970425605785 0.039757162332534797 5.5234647788893207e-06 0.12767100334167483
decision_type=2 2 2 2 2 2 2 2 2 2 2 2 2 2 2 2 2 2 2 2 2 2 2 2 2 2 2 2 2 2 2 2 2 2 2 2 2 2
left_child=1 2 7 4 18 6 14 17 -9 -8 13 24 -10 -6 16 -16 -3 32 -2 20 22 -22 -7 34 28 26 -26 -27 29 -5 -30 -13 -1 -33 -21 -19 37 -12
right_child=3 5 -4 11 10 19 9 8 12 -11 36 31 -14 -15 15 -17 -18 35 -20 23 21 -23 -24 -25 25 27 -28 -29 30 -31 -32 33 -34 -35 -36 -37 -38 -39
leaf_value=-0.18733304877542514 0.2023933686419391 3.3884873582539181 -0.2570157139804301 -0.0019040310834957336 0.25025398463729776 -0.13341013943419444 4.0518424076256805 0.30593847347328201 -0.031318647611080427 0.66058386198675756 0.69501746419447696 -0.13237718939334528 -0.27462225035026538 0.55959958029735868 -0.11088236989747932 0.3547237241116501 0.27125944700295357 -0.092163106390719118 -0.082783122708202886 0.033916707720888228 0.30291289630967827 0.010987569076004946 0.25395701121906245 -0.20622410775363106 0.24612687008903086 -0.072795818048955227 -0.06800185433746736 0.4742125959719396 -0.20615514482713904 0.091810331633948264 -0.0018775958037187638 -0.0080963634456758769 -0.058450780309594622 0.31447755292800089 -0.10500859097334038 -0.22532707742228678 0.41750649132237516 0.069914989908901701
leaf_weight=7566.8405582904816 1608.5246299505234 481.50195503234863 15791.927715241909 30490.818292438984 551.1357598900795 10413.64321410656 481.5849044919014 3840.622349858284 27202.704547584057 341.8953982591629 1949.7356385588646 7460.7371385097504 3311.3832893967628 797.18758791685104 3067.5186153054237 3920.1921675801277 620.68137556314468 2822.895565867424 3512.3902506232262 8912.7872444987297 11125.288904190063 20104.27397274971 2495.9179251194 5165.3765851259232 7543.9580097198486 4147.2445970773697 2786.3983291983604 370.4325595498085 3711.099757194519 13316.476801753044 10009.93656039238 5597.5426931381226 38029.514815211296 368.73200535774231 5998.8318641781807 9525.9000414609909 1618.0655941367149 1677.7685176134109
leaf_count=7665 1785 352 19940 27766 480 10866 555 4359 25475 417 1784 6954 3255 661 3489 4202 647 3008 2955 10704 12131 22298 2993 6250 7111 3828 2585 334 3272 11360 8477 5084 34902 324 7091 10404 1488 1621
internal_value=-0.000236026 -0.000559235 -0.00111449 0.000364604 0.00192255 0.000261476 0.0017332 -0.00084792 -0.000235086 0.00802392 0.00332858 0.000151876 -0.000644766 0.00633904 0.00109195 0.000617022 0.00409962 -0.00121125 0.000111799 5.71736e-05 0.000329636 0.000669228 -0.00049186 -0.00054182 0.000327752 0.00105024 0.00169831 -0.000431719 0.000141264 0.000397641 -0.000677243 -0.000796113 -0.000984157 0.000144694 -0.00012992 -0.0020496 0.00255371 0.00197246
internal_weight=278739 181221 108092 97518.2 11714.8 73129.5 8913.37 92299.9 34354.7 823.48 6593.89 85803.4 30514.1 1348.32 8089.89 6987.71 1102.18 57945.2 5120.91 64216.1 44139.1 31229.6 12909.6 20077 72376.4 14848 10330.4 4517.68 57528.3 43807.3 13721 13427 45596.4 5966.27 14911.6 12348.8 5245.57 3627.5
internal_count=278872 191003 109008 87869 10774 81995 9662 89068 33089 972 6034 77095 28730 1141 8690 7691 999 55979 4740 72333 48288 34429 13859 24045 64733 13858 9696 4162 50875 39126 11749 12362 42567 5408 17795 13412 4893 3405
is_linear=0
shrinkage=0.0440977


Tree=15
num_leaves=39
num_cat=0
split_feature=16 15 0 6 17 16 16 0 6 16 6 6 16 0 16 17 0 16 12 5 6 6 16 0 16 12 17 17 0 12 0 15 0 16 0 12 0 6
split_gain=37.9638 104.15 8.43798 13.1943 15.2308 12.7088 8.43184 7.78424 9.28771 6.96126 6.27556 5.96613 5.769 5.68539 16.4324 5.59651 5.04627 4.38438 4.31144 4.18818 4.08802 6.10633 4.00147 3.9222 3.98842 4.33023 3.70619 5.58256 6.51637 5.12333 3.60703 7.87051 2.86112 2.53933 2.52422 2.45097 3.86632 2.32979
threshold=4.1121879235106469e-08 1.0000000180025095e-35 0.54427608847618114 7.4751966394615021e-07 4.5040064833301594e-06 0.00051150453509762894 1.0000000180025095e-35 0.46071977913379675 1.0000000180025095e-35 1.5082677691680148e-05 1.0000000180025095e-35 0.0036738862982019786 0.18760957568883899 0.32466374337673193 0.023083658888936046 6.0955099456805339e-07 0.40998613834381109 2.3152861103881154e-05 1.0683193440996776e-08 1.0000000180025095e-35 0.24852309376001361 0.6755557954311372 2.3947405480839739e-07 0.68731313943862926 2.3222270328915332e-08 0.034923546016216285 0.18868316709995273 0.048566129058599479 0.85359486937522899 3.7361638760557985e-06 0.059310715645551688 0.067402362823486342 0.048559507355093963 4.1696523567225094e-06 0.32466374337673193 0.082294490188360228 0.67595285177230846 0.0052508653607219466
decision_type=2 2 2 2 2 2 2 2 2 2 2 2 2 2 2 2 2 2 2 2 2 2 2 2 2 2 2 2 2 2 2 2 2 2 2 2 2 2
left_child=1 6 3 12 15 33 10 8 30 -4 -1 -12 13 14 -2 22 -7 -15 -17 37 34 -22 -5 24 -8 -26 27 29 -29 -11 32 -32 -3 -6 -10 -28 -37 -9
right_child=2 7 9 4 5 16 23 19 20 26 11 -13 -14 17 -16 18 -18 -19 -20 -21 21 -23 -24 -25 25 -27 35 28 -30 -31 31 -33 -34 -35 -36 36 -38 -39
leaf_value=-0.26644904737019665 0.0092726648056668942 -0.036089747914369849 -0.36908858227797181 0.23297311024819028 0.063538480268591366 0.013467995783810562 -0.24841862118462585 0.11924933930498521 0.31073234559618118 0.047644643752709256 -0.13803758193073568 -0.24568190871778475 -0.25139316405637951 0.037130235417070501 0.17275360226732248 0.26895846687894126 0.18486720421677177 -0.17637572695887527 0.51606383019279234 -0.081643628091484011 1.6145297217046133 -0.22409600374987479 0.51021162379864937 0.025371596604915145 0.023767032397591394 -0.30490221861485639 -0.11621573213500254 0.15045765342138367 -0.0027145504440334784 -0.035490238129751051 0.7921736268661802 0.018056353509353543 -0.3172152147963801 -0.0632921673390789 0.0520766763239532 -0.049207564591457455 0.4208341331693754 -0.0097145719640385261
leaf_weight=19143.434170484543 38567.174088001251 2948.360060274601 1012.2397307157516 549.82175558805466 4167.0664016008377 3022.5097829699516 3155.2516819238663 7081.8164744377136 9858.1451587677002 6585.5502616167068 6921.3542791604996 15090.803072273731 1099.5240530371666 3128.9919914007187 3240.0917112827301 3335.8721881508827 9884.8438680768013 4313.8061618208885 1565.7659760713577 20147.32754534483 767.83515000343323 249.23518478870392 737.75567001104355 2771.7266981601715 1771.6118393540382 845.51193642616272 7712.467875957489 6882.4292984604836 8202.3282213807106 38906.045276463032 1406.8282535076141 14353.564097881317 1117.6121336817741 6774.1452777385712 3899.709466278553 1842.7553101181984 498.30073601007462 15720.651474833488
leaf_count=22629 33444 2821 1072 475 4410 2702 2678 8076 10382 6098 8436 19057 1035 3130 2764 3102 8891 3802 1459 23823 863 308 624 1982 1420 900 7198 6085 7358 33230 1343 16010 1311 6760 4550 1634 444 16916
internal_value=-0.000223032 -0.000785 0.000247346 0.000557486 0.00128891 0.000782981 -0.00236089 0.000224948 0.000717164 -0.000100655 -0.0026226 -0.00211459 0.000121112 0.000191668 0.000391582 0.00323795 0.00172017 -0.000931177 0.00255738 -0.0001716 0.00155404 0.00425074 0.00582477 -0.0011001 -0.00175471 -0.000481665 -4.8591e-05 8.15481e-05 0.000816672 -0.000162227 9.34622e-05 0.000395582 -0.00107742 -0.000322674 0.00135439 -0.000832659 0.000416935 0.000237719
internal_weight=279280 127251 152029 80387.4 30037.8 23848.6 49699.7 77551.1 34601.3 71642.1 41155.6 22012.2 50349.6 49250.1 41807.3 6189.22 12907.4 7442.8 4901.64 42949.8 14774.9 1017.07 1287.58 8544.1 5772.38 2617.12 70629.9 60576.4 15084.8 45491.6 19826.4 15760.4 4065.97 10941.2 13757.9 10053.5 2341.06 22802.5
internal_count=279222 143505 135717 72598 28423 22763 57102 86403 37588 63119 50122 27493 44175 43140 36208 5660 11593 6932 4561 48815 16103 1171 1099 6980 4998 2320 62047 52771 13443 39328 21485 17353 4132 11170 14932 9276 2078 24992
is_linear=0
shrinkage=0.0440977


Tree=16
num_leaves=39
num_cat=0
split_feature=16 15 16 15 3 0 17 17 3 3 17 0 3 0 0 12 12 12 0 3 12 17 17 0 15 0 17 3 3 2 0 0 0 0 12 0 12 12
split_gain=35.7345 98.8158 8.06465 8.03488 7.86945 7.53788 12.4445 11.6957 12.036 7.2332 4.99073 5.77929 4.18702 3.92803 7.061 5.83184 3.86386 5.0477 3.80837 3.96672 4.34032 3.40813 5.53366 3.16537 2.64376 2.51774 2.16821 1.77849 1.32903 1.29753 1.27506 1.14329 2.62733 1.37528 1.04173 1.01477 0.824468 0.695971
threshold=4.1121879235106469e-08 1.0000000180025095e-35 1.0000000180025095e-35 0.05249301344156266 0.030205942690372471 0.54427608847618114 3.2049462106442666e-07 4.5040064833301594e-06 7.8524684795411317e-05 5.1154045650037012e-05 1.6851223705316445e-07 0.32466374337673193 0.078289981931447997 0.059310715645551688 0.065548479557037367 0.0072553034406155356 1.0000000180025095e-35 5.1423764801938894e-08 0.68731313943862926 7.8760091781759924e-08 0.040286580100655563 0.18868316709995273 0.048566129058599479 0.48434139788150793 0.20935123413801196 0.67595285177230846 6.0955099456805339e-07 0.00043602463847491896 4.300155296732556e-06 1.0000000180025095e-35 0.059310715645551688 0.89735960960388195 0.92777571082115184 0.7723645567893983 0.034923546016216285 0.75959849357604992 0.009654720779508354 0.10951028019189836
decision_type=2 2 2 2 2 2 2 2 2 2 2 2 2 2 2 2 2 2 2 2 2 2 2 2 2 2 2 2 2 2 2 2 2 2 2 2 2 2
left_child=1 2 16 5 13 6 10 26 -9 -7 11 -2 24 27 15 -15 -1 30 19 -4 -21 22 -11 -16 -6 -23 -8 29 -19 -3 -18 33 -33 -20 36 -26 -14 -36
right_child=3 4 18 -5 12 9 7 8 -10 21 -12 -13 34 14 23 -17 17 28 31 20 -22 25 -24 -25 35 -27 -28 -29 -30 -31 -32 32 -34 -35 37 -37 -38 -39
leaf_value=-0.26291214657488426 0.031241268959666928 -0.1076156666764172 -0.23746392805510069 -0.12973795070643185 0.44297276506087546 -0.35281261980307466 0.29777065451275503 -0.026571506890864738 0.13494818554268029 -0.010603038414199165 -0.20650624699683207 -0.08139979135414073 -0.013118861943793152 1.5026751535453444 0.13095767413617643 -0.34311925138818911 0.57251160726581718 -0.23928939327045406 0.27739609141424515 0.022718960617490836 -0.29145672800103178 -0.13295862603069758 0.063792170590177902 0.015859968904984829 -0.1431210065197851 0.0071693846184469378 0.3550390526262055 -0.30322674920736892 -0.23802493159905283 0.26647353028014792 -0.057545576917801905 0.34714739056442284 -0.011731596971069215 -0.091274627602629818 -0.2825155795867445 -0.30614233223118026 0.092051631189478414 -0.067963026945224325
leaf_weight=14450.044432997704 40361.593716919422 2094.1742558479309 3155.2516819238663 2031.5674040317535 230.81586879491806 1001.4253034591675 1691.209869146347 9865.1146132349968 13622.712322235107 44922.293188929558 1722.1184081435204 7340.8335533738136 11984.93690007925 1315.0025238394737 25940.596428632736 301.61287266016006 46.151126563549042 2411.1560472249985 888.7593566775322 1862.9123790860176 754.21139669418335 5749.1684376001358 14781.953556656837 25876.46798479557 3463.0227690339088 4030.904966711998 4908.5902960300446 799.55177044868469 21984.993728220463 51.430871248245239 2263.2461869120598 236.70428425073624 476.70845812559128 1169.5545991063118 1011.7991616725922 2028.4868255257607 1193.8558997511864 1259.3308674693108
leaf_count=16695 35028 1733 2678 2477 291 1058 1445 10059 12237 38591 1479 6800 14395 1176 28274 384 50 3063 633 1524 796 5079 13051 28486 4242 3843 4570 889 27658 58 2656 183 357 809 1199 2400 1351 1525
internal_value=-0.000232975 -0.000778194 -0.0023132 0.000223382 0.000205553 0.000260699 0.000555024 0.00126208 0.000801145 -7.1321e-05 0.000124579 0.000208794 -0.000519316 0.000477771 0.000564192 0.00343325 -0.00256915 -0.00225465 -0.00108017 -0.00172521 -0.000455643 -1.76658e-05 0.000107335 0.000474617 -0.00153818 -0.000780688 0.00290213 -0.00108981 -0.00244118 -0.000427783 -0.000284031 0.000263334 0.00178328 -0.000264091 -0.000141876 -0.00173264 8.47042e-06 -0.00101392
internal_weight=279280 127251 49699.7 152029 77551.1 149998 79512.2 30087.6 23487.8 70485.7 49424.5 47702.4 21172.2 56378.8 53433.7 1616.62 41155.6 26705.5 8544.1 5772.38 2617.12 69484.3 59704.2 51817.1 5722.33 9780.07 6599.8 2945.16 24396.1 2145.61 2309.4 2771.73 713.413 2058.31 15449.9 5491.51 13178.8 2271.13
internal_count=279222 143505 57102 135717 86403 133240 71618 28311 22296 61622 43307 41828 25403 61000 58320 1560 50122 33427 6980 4998 2320 60564 51642 56760 6933 8922 6015 2680 30721 1791 2706 1982 540 1442 18470 6642 15746 2724
is_linear=0
shrinkage=0.0440977


Tree=17
num_leaves=39
num_cat=0
split_feature=16 15 15 16 3 6 6 16 6 16 3 14 16 13 16 3 14 15 3 6 14 6 3 16 15 15 2 3 6 3 3 3 15 2 13 14 16 3
split_gain=34.2245 95.012 7.6552 7.47761 7.33464 6.17039 6.12279 4.61737 17.7065 6.27279 12.0278 10.7604 7.34001 5.54896 7.76549 3.94482 3.35166 3.85258 18.3746 4.57222 3.25413 2.97711 3.68707 2.81906 2.43202 2.34683 2.3036 3.4733 3.14992 1.67411 1.18326 1.13505 0.841154 0.712465 0.920944 0.833631 0.624464 0.795432
threshold=4.1121879235106469e-08 1.0000000180025095e-35 0.05249301344156266 1.0000000180025095e-35 0.030205942690372471 1.0000000180025095e-35 0.0036738862982019786 1.2678929692810927e-06 7.4751966394615021e-07 0.00040313084900844848 0.0079622003249824064 1.5000000000000002 0.023083658888936046 1.0000000180025095e-35 6.3124673488346175e-08 0.078289981931447997 2.5000000000000004 0.11112770810723306 0.0027929162606596951 2.7039660608352283e-06 2.5000000000000004 2.7039660608352283e-06 2.207773377449485e-06 3.3421297018776391e-07 0.20935123413801196 0.082325432449579253 1.0000000180025095e-35 0.00084926004637964081 0.033633943647146232 7.8760091781759924e-08 4.4477250327190638e-08 2.14092125361276e-07 0.75959849357604992 2.5000000000000004 1.0000000180025095e-35 1.5000000000000002 9.825445431488335e-06 2.1708387976104863e-05
decision_type=2 2 2 2 2 2 2 2 2 2 2 2 2 2 2 2 2 2 2 2 2 2 2 2 2 2 2 2 2 2 2 2 2 2 2 2 2 2
left_child=1 3 7 5 16 -1 31 8 13 26 11 -11 -12 23 -15 24 17 18 -3 -19 29 -10 -23 -2 -6 -18 27 -9 -28 30 -5 -7 -26 35 -35 -17 -4 -38
right_child=2 4 36 20 15 6 -8 9 21 10 12 -13 -14 14 -16 33 25 19 -20 -21 -22 22 -24 -25 32 -27 28 -29 -30 -31 -32 -33 -34 34 -36 -37 37 -39
leaf_value=-0.24414713862195767 -0.056253029734226183 0.14290638677671944 -0.18005735905390613 -0.050664493352365246 0.42343867907795463 0.29775556952025101 -0.22435154316364608 -0.12117782528326285 0.42480629964310762 0.25172069299723682 -0.039172068140633398 0.04248778148268751 0.04498567750016462 -0.19384892672965856 0.1745512317042226 0.0079084732100694385 -0.26786116898960305 -0.052348390369696546 2.5760375347779374 0.098685413024527477 -0.17954190474024817 -0.066221883656745834 0.31021338053389724 0.052519162171586711 -0.1386292565586591 -0.00070205635994717715 0.0022663449772197973 0.13570757691186108 -0.053537323927703613 0.021717106406242283 -0.13379237086828788 -0.13602960344867826 -0.30668694208094927 0.026882699284890947 0.22301122867984524 -0.085406636584949042 0.093250544637859936 -0.10947391593352462
leaf_weight=19143.434170484543 9582.6690412163734 9306.9401469230652 342.19937473535538 2943.3212760090828 230.81586879491806 161.87250465154648 15090.803072273731 5174.2042183279991 3275.6584284901619 5708.0375246405602 31769.925932049751 15102.784477472305 31176.283466935158 851.02106654644012 4142.8793437480927 9129.6755157113075 1363.6038290858269 13046.207870006561 750.10029864311218 29675.674410402775 2740.790321290493 989.91252237558365 2424.0079224705696 5104.4563779234886 3530.9991689324379 2236.3101524114609 27889.025740027428 866.42189037799835 5940.6302798390388 1466.7052870392799 1393.285271525383 6759.4817745089531 1960.5104256272316 410.23345547914505 232.40028125047684 5677.6135765314102 76.473449885845184 1612.894579410553
leaf_count=22629 8774 9057 290 2079 291 178 19057 5583 2885 5699 26532 13009 27953 879 4197 10953 1722 14049 894 32960 2684 977 2241 4898 4330 2318 23632 989 4992 1114 1103 8258 2312 397 280 6840 99 2088
internal_value=-0.000238809 -0.000772385 0.000207803 -0.00227756 0.000192242 -0.00252402 -0.00202029 0.000244227 0.000773962 0.000131225 0.000347946 0.00126697 4.40908e-05 0.00010773 0.00137741 -0.000507561 0.000455048 0.000543849 0.00132033 0.000361034 -0.00109024 0.00273374 0.00182162 -0.000324049 -0.00149651 -0.000846674 -0.000324046 -0.00111721 -0.000182389 -0.000498642 -0.000934175 -0.000934128 -0.00168303 -0.000141201 0.0012951 -0.000203619 -0.00248032 -0.00213003
internal_weight=279280 127251 152029 49699.7 77551.1 41155.6 22012.2 149998 26370.6 123627 83757 20810.8 62946.2 19681 4993.9 21172.2 56378.8 52778.9 10057 42721.9 8544.1 6689.58 3413.92 14687.1 5722.33 3599.91 39870.3 6040.63 33829.7 5803.31 4336.61 6921.35 5491.51 15449.9 642.634 14807.3 2031.57 1689.37
internal_count=279222 143505 135717 57102 86403 50122 27493 133240 24851 108389 73193 18708 54485 18748 5076 25403 61000 56960 9951 47009 6980 6103 3218 13672 6933 4040 35196 6572 28624 4296 3182 8436 6642 18470 677 17793 2477 2187
is_linear=0
shrinkage=0.0440977


Tree=18
num_leaves=39
num_cat=0
split_feature=16 15 15 16 3 6 6 16 6 16 3 12 16 13 16 17 12 12 3 17 12 12 19 6 3 3 15 3 6 15 6 16 3 15 3 3 3 3
split_gain=32.9365 91.3062 7.39717 7.37487 6.92514 6.08381 6.04142 4.05297 14.6514 6.10211 10.5427 8.1592 7.63766 5.05575 7.27246 3.99641 3.9305 3.75462 6.42683 6.14183 3.27092 3.17981 2.96985 2.6646 16.4678 10.2229 7.97384 4.75573 4.60053 2.80135 1.95037 1.77848 1.63348 1.38494 1.87259 1.17382 1.01148 0.705315
threshold=4.1121879235106469e-08 1.0000000180025095e-35 0.05249301344156266 1.0000000180025095e-35 0.030205942690372471 1.0000000180025095e-35 0.0052508653607219466 1.2678929692810927e-06 7.4751966394615021e-07 0.00040313084900844848 0.0096328733488917368 0.34339299798011785 0.023083658888936046 1.0000000180025095e-35 6.3124673488346175e-08 6.0955099456805339e-07 0.034923546016216285 0.002313763834536076 3.3323743991786621e-05 0.017866481095552448 0.0030789537122473125 4.6107925810723321e-10 2.4911049785469877e-11 1.0000000180025095e-35 0.0027929162606596951 0.0065812794491648683 0.47375014424324041 0.0079622003249824064 0.0052508653607219466 0.67595285177230846 0.029156521894037727 3.3421297018776391e-07 7.8760091781759924e-08 0.71060970425605785 0.35932569205760961 4.4477250327190638e-08 2.14092125361276e-07 0.036543922498822219
decision_type=2 2 2 2 2 2 2 2 2 2 2 2 2 2 2 2 2 2 2 2 2 2 2 2 2 2 2 2 2 2 2 2 2 2 2 2 2 2
left_child=1 3 7 5 23 -1 36 8 13 17 11 -11 -12 22 -15 21 33 18 -9 -19 32 -10 -2 24 29 -26 27 -25 -28 -3 -18 -17 35 37 -35 -5 -7 -6
right_child=2 4 -4 20 16 6 -8 9 15 10 12 -13 -14 14 -16 31 30 19 -20 -21 -22 -23 -24 26 25 -27 28 -29 -30 -31 -32 -33 -34 34 -36 -37 -38 -39
leaf_value=-0.23338080810574638 -0.0054234934619593177 -0.084526703887436716 -0.11801389821475129 -0.049437469866918632 0.55374474222771852 0.28462522978908755 -0.21445815314009156 0.0037242860550669513 0.22433797390867027 0.066366840612300124 -0.045821427905759375 0.16357186902771592 0.043001911992216507 -0.18530063233979083 0.16685392153648251 -0.055357798946141061 -0.31261526254621513 0.093438166067101286 -0.08434509578994244 -0.082136440272148906 -0.17410913299705685 0.48055936121470338 -0.24218982636167535 0.23179463952261764 2.5107565026967791 0.28197017131331781 0.25631299140243308 1.1489443011838409 -0.016722069218843404 0.13598661009946481 -0.11000093283397033 0.3551057824376157 0.020759431674746125 -0.11283317046880523 0.1997185383979232 -0.12789243325916463 -0.13228481502089351 0.0153601618156466
leaf_weight=19143.434170484543 13167.846846222878 16182.046145319939 2031.5674040317535 3055.3431910276413 151.91143530607224 161.87250465154648 14781.037751674652 14433.39560508728 737.1434012055397 21798.944784581661 28994.837616384029 1786.9655331969261 31176.283466935158 851.02106654644012 4142.8793437480927 568.35608619451523 1841.7959549427032 7382.5939258933067 14948.939937233925 3105.3526603579521 2628.7684062719345 550.4340243935585 1519.2785729169846 13040.9026953578 719.97439414262772 1186.8249526619911 3292.2060562372208 924.11441999673843 18840.25452464819 2192.5135191082954 3510.7850869297981 4833.6453615427017 1466.7052870392799 5430.6285161972046 336.89275652170181 1393.285271525383 7069.2470951080322 9900.2345424294472
leaf_count=22629 12381 16902 2477 2188 191 178 18656 11729 640 19640 24215 1385 27953 879 4197 472 2285 6010 14749 2708 2575 459 1291 14093 855 1489 3748 1068 20423 2422 4158 4532 1114 6450 346 1103 8659 11973
internal_value=-0.000242498 -0.000765937 0.000195629 -0.00224146 0.000179692 -0.00248622 -0.00198605 0.000231434 0.000727739 0.000125564 0.000339316 0.00112952 2.95589e-05 0.0001217 0.00133364 0.00251045 -0.000500296 -0.00032347 -0.000579134 0.000392766 -0.00106233 0.00471769 -0.000290445 0.000435055 3.06023e-05 0.00393018 0.00066229 0.00148735 0.000141656 -0.000374264 -0.00153311 0.00198357 -0.000486985 -0.000150768 -0.000695418 -0.00090771 -0.000941376 0.00016177
internal_weight=279280 127251 152029 49699.7 77551.1 41155.6 22012.2 149998 26370.6 123627 83757 23585.9 60171.1 19681 4993.9 6689.58 21172.2 39870.3 29382.3 10487.9 8544.1 1287.58 14687.1 56378.8 20281.4 1906.8 36097.5 13965 22132.5 18374.6 5352.58 5402 5915.33 15819.7 5767.52 4448.63 7231.12 10052.1
internal_count=279222 143505 135717 57102 86403 50122 27493 133240 24851 108389 73193 21025 52168 18748 5076 6103 25403 35196 26478 8718 6980 1099 13672 61000 21668 2344 39332 15161 24171 19324 6443 5004 4405 18960 6796 3291 8837 12164
is_linear=0
shrinkage=0.0440977


end of trees

feature_importances:
event_decay_operation=154
event_decay_major=128
event_decay_case_drop=98
event_decay_operation_weighted=83
event_decay_game_update=71
event_decay_major_weighted=60
event_decay_case_drop_weighted=48
event_decay_game_update_weighted=36
event_density_90d_game_update=18
event_density_30d_game_update=9
event_density_90d_operation=5
event_density_90d_major=4
event_density_90d_case_drop=4
event_density_30d_major=3
event_density_30d_operation=1

parameters:
[boosting: gbdt]
[objective: quantile]
[metric: quantile]
[tree_learner: serial]
[device_type: cpu]
[data_sample_strategy: bagging]
[data: ]
[valid: ]
[num_iterations: 1000]
[learning_rate: 0.0440977]
[num_leaves: 39]
[num_threads: -1]
[seed: 91]
[deterministic: 0]
[force_col_wise: 0]
[force_row_wise: 0]
[histogram_pool_size: -1]
[max_depth: 6]
[min_data_in_leaf: 5]
[min_sum_hessian_in_leaf: 0.001]
[bagging_fraction: 0.7]
[pos_bagging_fraction: 1]
[neg_bagging_fraction: 1]
[bagging_freq: 5]
[bagging_seed: 2784]
[bagging_by_query: 0]
[feature_fraction: 0.7]
[feature_fraction_bynode: 1]
[feature_fraction_seed: 29510]
[extra_trees: 0]
[extra_seed: 8681]
[early_stopping_round: 0]
[early_stopping_min_delta: 0]
[first_metric_only: 0]
[max_delta_step: 0]
[lambda_l1: 0]
[lambda_l2: 1]
[linear_lambda: 0]
[min_gain_to_split: 0.1]
[drop_rate: 0.1]
[max_drop: 50]
[skip_drop: 0.5]
[xgboost_dart_mode: 0]
[uniform_drop: 0]
[drop_seed: 8477]
[top_rate: 0.2]
[other_rate: 0.1]
[min_data_per_group: 100]
[max_cat_threshold: 32]
[cat_l2: 10]
[cat_smooth: 10]
[max_cat_to_onehot: 4]
[top_k: 20]
[monotone_constraints: ]
[monotone_constraints_method: basic]
[monotone_penalty: 0]
[feature_contri: ]
[forcedsplits_filename: ]
[refit_decay_rate: 0.9]
[cegb_tradeoff: 1]
[cegb_penalty_split: 0]
[cegb_penalty_feature_lazy: ]
[cegb_penalty_feature_coupled: ]
[path_smooth: 0]
[interaction_constraints: ]
[verbosity: -1]
[saved_feature_importance_type: 0]
[use_quantized_grad: 0]
[num_grad_quant_bins: 4]
[quant_train_renew_leaf: 0]
[stochastic_rounding: 1]
[linear_tree: 0]
[max_bin: 63]
[max_bin_by_feature: ]
[min_data_in_bin: 3]
[bin_construct_sample_cnt: 200000]
[data_random_seed: 335]
[is_enable_sparse: 1]
[enable_bundle: 1]
[use_missing: 1]
[zero_as_missing: 0]
[feature_pre_filter: 0]
[pre_partition: 0]
[two_round: 0]
[header: 0]
[label_column: ]
[weight_column: ]
[group_column: ]
[ignore_column: ]
[categorical_feature: ]
[forcedbins_filename: ]
[precise_float_parser: 0]
[parser_config_file: ]
[objective_seed: 29977]
[num_class: 1]
[is_unbalance: 0]
[scale_pos_weight: 1]
[sigmoid: 1]
[boost_from_average: 1]
[reg_sqrt: 0]
[alpha: 0.9]
[fair_c: 1]
[poisson_max_delta_step: 0.7]
[tweedie_variance_power: 1.5]
[lambdarank_truncation_level: 30]
[lambdarank_norm: 1]
[label_gain: ]
[lambdarank_position_bias_regularization: 0]
[eval_at: ]
[multi_error_top_k: 1]
[auc_mu_weights: ]
[num_machines: 1]
[local_listen_port: 12400]
[time_out: 120]
[machine_list_filename: ]
[machines: ]
[gpu_platform_id: -1]
[gpu_device_id: -1]
[gpu_use_dp: 0]
[num_gpu: 1]

end of parameters

pandas_categorical:[]
