tree
version=v4
num_class=1
num_tree_per_iteration=1
label_index=0
max_feature_idx=19
objective=quantile
feature_names=event_decay_major event_density_30d_major event_density_90d_major event_decay_operation event_density_30d_operation event_density_90d_operation event_decay_case_drop event_density_30d_case_drop event_density_90d_case_drop event_decay_update event_density_30d_update event_density_90d_update event_decay_game_update event_density_30d_game_update event_density_90d_game_update event_decay_major_weighted event_decay_operation_weighted event_decay_case_drop_weighted event_decay_update_weighted event_decay_game_update_weighted
feature_infos=[0.031220927834510803:0.98347145318984985] [0:2] [0:3] [1.5229979055675358e-08:0.95349693298339844] [0:1] [0:1] [0:0.93106275796890259] [0:1] [0:3] none none none [0:0.86687791347503662] [0:2] [0:3] [0:0.98347145318984985] [0:0.95349693298339844] [0:0.93106275796890259] none [0:0.26006338000297546]
tree_sizes=4210 4434 4443 4460 4437 4441 4460

Tree=0
num_leaves=39
num_cat=0
split_feature=16 15 0 6 15 3 0 3 3 14 12 12 3 12 6 3 6 0 6 0 17 0 3 17 16 12 0 17 16 16 0 3 16 3 16 6 0 3
split_gain=81.2119 203.803 65.37 148.153 53.0209 64.0918 39.5425 34.1928 117.857 25.2908 18.8366 26.6157 17.169 15.4602 15.4286 14.6193 14.9554 31.1433 14.3599 13.9734 13.8966 12.4487 11.4591 10.1887 16.4804 15.5955 9.72364 9.54332 9.13518 8.82726 7.64191 8.51995 7.08021 6.70234 6.15379 6.12189 5.587 6.42558
threshold=4.1121879235106469e-08 0.05249301344156266 0.18421864509582522 7.4751966394615021e-07 0.11112770810723306 0.0027929162606596951 0.10807117074728013 0.0010775665869005027 0.0044963988475501546 2.5000000000000004 5.1423764801938894e-08 1.0683193440996776e-08 0.29700618982315069 1.0000000180025095e-35 0.029156521894037727 0.024967188946902755 2.7039660608352283e-06 0.50917410850524913 3.6594201446860103e-07 0.097786840051412596 0.0065727108158171186 0.065548479557037367 5.1154045650037012e-05 0.04210090450942517 0.0034361892612650995 0.1681051775813103 0.097786840051412596 0.00046769880282226955 6.3124673488346175e-08 1.0000000180025095e-35 0.7723645567893983 0.0096328733488917368 0.0060847864951938399 0.078289981931447997 0.22697485983371737 0.10546645149588586 0.35880893468856817 0.078289981931447997
decision_type=2 2 2 2 2 2 2 2 2 2 2 2 2 2 2 2 2 2 2 2 2 2 2 2 2 2 2 2 2 2 2 2 2 2 2 2 2 2
left_child=1 29 3 7 5 9 19 13 -9 21 11 -8 23 28 20 16 22 -18 -15 -5 27 -3 -6 30 25 -25 -7 -14 -2 -1 33 -32 -10 -4 -22 -26 -17 -38
right_child=2 4 12 6 15 26 10 8 32 -11 -12 -13 14 18 -16 36 17 -19 -20 -21 34 -23 -24 24 35 -27 -28 -29 -30 -31 31 -33 -34 -35 -36 -37 37 -39
leaf_value=10.213964017106429 10.789151570610738 11.815905051528386 10.663107403973154 11.068357211837212 10.543560334180993 16.205653334439372 11.453507952377933 11.267043699479453 10.571203584818287 10.477233937699685 10.597422386109301 11.472723405110006 10.885016162861456 10.834434347690282 10.61934659215266 10.875876969652399 11.230638071797717 10.726728117147706 10.42993232404522 11.543107441157654 11.360504562293546 11.174698552010005 11.001819895546371 10.742532500463874 11.221536293631571 10.9376188400551 13.481273727883707 10.659083216803403 10.503129341793523 10.520908663228791 10.679630000129722 10.498465395118293 10.789151570610738 10.773934988024765 10.429074818705448 10.624214658260891 10.4174919229186 10.632361014229517
leaf_weight=44582.63507348299 1055.6174276471138 1652.9262318015099 46880.879844009876 371.32964318990707 10563.419469118118 387.23830592632294 3160.8837297558784 2753.2768770456314 3671.9139613509178 2028.5683903694153 545.85384833812714 1824.1251953840256 4966.9969654083252 8083.6901422142982 3619.7339473366737 1704.7088447809219 9550.0808640122414 20541.51162558794 1909.2267951965332 1145.4232721924782 1371.4206003546715 5228.6067152619362 2333.9720953702927 14437.791093409061 1691.9308315515518 3253.2559700012207 352.01223611831665 2321.8744273781776 7539.485277056694 8339.981530725956 7121.364572763443 8381.0220819115639 3626.5853188633919 7796.0931194424629 130.70124638080597 14538.169935584068 6084.3034373521805 13320.253060817719
leaf_count=53575 827 1546 40533 330 11079 448 2927 3016 3189 2558 474 1738 4156 8076 3491 2112 10521 22660 1625 991 1178 5494 2779 12609 1225 2635 427 1896 7559 6924 6252 7582 3182 6563 148 13666 7276 15853
internal_value=10.6852 10.6843 10.6859 10.6875 10.6858 10.6889 10.6932 10.6861 10.6882 10.6879 10.6915 10.6924 10.6853 10.685 10.6869 10.6854 10.6859 10.6864 10.6862 10.6995 10.6879 10.6891 10.6846 10.6852 10.6858 10.6867 10.7014 10.6871 10.6836 10.6823 10.6849 10.684 10.6852 10.6851 10.6918 10.6848 10.6844 10.6842
internal_weight=278869 126670 152199 35687.4 73747.6 9649.35 7047.62 28639.8 10051.8 8910.1 5530.86 4985.01 116511 18588 12410.7 64098.2 42989 30091.6 9992.92 1516.75 8790.99 6881.53 12897.4 104101 33921.1 17691 739.251 7288.87 8595.1 52922.6 70179.4 15502.4 7298.5 54677 1502.12 16230.1 21109.3 19404.6
internal_count=279120 143252 135868 33934 82753 10473 6460 27474 9387 9598 5139 4665 101934 18087 10869 72280 47039 33181 9701 1321 7378 7040 13858 91065 30135 15244 875 6052 8386 60499 60930 13834 6371 47096 1326 14891 25241 23129
is_linear=0
shrinkage=1


Tree=1
num_leaves=39
num_cat=0
split_feature=16 0 6 12 0 3 3 12 6 3 3 8 0 16 17 16 19 0 12 3 0 16 3 6 0 3 12 0 3 3 17 16 0 0 3 3 3 6
split_gain=76.4391 57.3531 106.898 55.4861 26.8512 24.7919 105.409 22.8959 21.3494 59.9395 16.2461 14.0155 12.795 10.8251 10.4679 15.1294 14.4151 10.3194 9.85104 18.3766 25.0381 9.56003 8.87148 8.84625 8.15638 8.07407 6.76144 5.81709 7.74619 6.67569 5.14761 4.8794 4.79034 4.69981 3.95982 3.88774 4.63245 3.32414
threshold=4.1121879235106469e-08 0.20359309017658236 7.4751966394615021e-07 5.1423764801938894e-08 0.10807117074728013 0.0010775665869005027 0.0044963988475501546 1.0683193440996776e-08 1.0000000180025095e-35 0.00028404347540345048 0.29700618982315069 1.5000000000000002 0.097786840051412596 9.0848502054541324e-07 0.04210090450942517 0.0034361892612650995 0.050431555137038238 0.43825021386146551 3.7361638760557985e-06 0.0010775665869005027 0.14109827578067782 0.26183025538921362 2.14092125361276e-07 3.6594201446860103e-07 0.50917410850524913 1.3946797139396952e-07 0.00098189854179509006 0.7723645567893983 0.0096328733488917368 0.078289981931447997 0.064627543091774001 0.0023476403439417486 0.080061092972755446 0.67595285177230846 0.63629209995269786 0.024967188946902755 0.13863550126552585 0.18675945699214938
decision_type=2 2 2 2 2 2 2 2 2 2 2 2 2 2 2 2 2 2 2 2 2 2 2 2 2 2 2 2 2 2 2 2 2 2 2 2 2 2
left_child=8 2 5 4 12 13 31 -6 18 22 14 21 -4 23 27 16 -16 37 19 25 32 24 -10 -2 -12 -1 -8 29 -29 -3 -17 -7 -21 -27 -22 -19 -37 -11
right_child=1 10 3 -5 7 6 26 -9 9 17 11 -13 -14 -15 15 30 -18 35 -20 20 34 -23 -24 -25 -26 33 -28 28 -30 -31 -32 -33 -34 -35 -36 36 -38 -39
leaf_value=-0.061870950256017708 0.07344763657862001 -0.029241520171884361 0.36630395196210752 -0.072913649516267692 0.73447042557825992 0.5360685627007622 0.036987187584567004 0.75283852078527669 0.80187700522903627 0.0059985125777579319 0.080300335574207807 -0.10080797125181198 0.82011878179205822 -0.22279909606195927 0.052818723118352402 0.24120337397364019 0.24905270384620742 -0.11695567737799523 -0.3422151952450444 0.12100888130486699 -0.21398873488421677 -0.13565096120017164 0.25891318267817942 -0.24396785817949768 0.26804063580237081 -0.32871006652585877 -0.4757769124567105 -0.0052812786207615215 -0.1784569388245589 0.084865074957549191 -0.062142380228732454 1.8559444233350773 1.4426650584550411 -0.02580390529162746 0.16603987606372322 -0.30936043827363829 -0.15642770847506662 0.66959980034397271
leaf_weight=9223.7175124287605 14104.549722313881 43942.357608437538 371.32964318990707 1466.5780723690987 3160.8837297558784 2724.695890724659 7313.81747174263 1824.1251953840256 589.14087080955505 1998.6890180110931 2832.2206329107285 3108.4323363900185 1145.4232721924782 3769.9573953151703 14481.048802435398 2904.7533582448959 3209.998260974884 28035.509829640388 13738.44150108099 1375.0330216288567 6493.1238197088242 642.29310011863708 18904.604713857174 1909.2267951965332 5827.78111743927 17924.693378984928 806.76554930210114 7121.364572763443 8381.0220819115639 7796.0931194424629 13325.347408890724 28.580986320972443 2404.1785581707954 1983.4566119909286 670.74201935529709 11048.846398711205 10831.883068919182 1448.1575574278831
leaf_count=8296 13506 37863 330 1419 2927 2979 6220 1738 595 2392 2509 3046 991 4122 12665 2225 2579 32180 16619 1542 8164 642 21237 1625 4672 18009 710 6252 7582 6563 12666 37 2970 2375 811 13366 12988 1708
internal_value=-1.96789e-05 0.000646367 0.00211421 0.00666424 0.00841168 0.000931415 0.00262278 0.00684604 -0.000819955 -0.000327929 0.000147141 0.00165286 0.0135495 1.69534e-06 -3.75973e-05 0.000593959 0.00148594 -0.0010924 -0.00148608 -0.00113669 0.000404011 0.00250943 0.00176473 0.000502215 0.00289446 -0.00171544 9.43174e-05 -0.000356204 -0.00110548 -0.000131681 -0.00037835 0.0100775 0.00330769 -0.00221513 -0.00112804 -0.00125355 -0.00169408 0.00124096
internal_weight=278869 152199 38625.9 7968.34 6501.76 30657.6 10873.9 4985.01 126670 72856.8 113573 12410.7 1516.75 19783.7 101162 33921.1 17691 53363.1 53813.4 40074.9 10943.1 9302.29 19493.7 16013.8 8660 29131.9 8120.58 67240.8 15502.4 51738.5 16230.1 2753.28 3779.21 19908.1 7163.87 49916.2 21880.7 3446.85
internal_count=279120 135868 36604 7405 5986 29199 9946 4665 143252 84466 99264 10869 1321 19253 88395 30135 15244 62634 58786 42167 13487 7823 21832 15131 7181 28680 6930 58260 13834 44426 14891 3016 4512 20384 8975 58534 26354 4100
is_linear=0
shrinkage=0.0440977


Tree=2
num_leaves=39
num_cat=0
split_feature=16 15 0 17 12 15 3 3 3 14 3 3 17 0 0 12 16 0 17 16 19 12 0 3 16 0 19 17 12 17 19 0 3 3 0 3 15 19
split_gain=70.0225 190.908 48.6264 84.1159 43.6738 41.4605 46.6453 21.1352 89.2948 20.8232 13.7913 13.3372 11.3243 10.2182 33.9153 18.6786 10.1319 10.0153 9.91043 14.0856 13.7804 8.92494 18.3827 9.65718 8.86817 8.30338 8.2276 9.20238 7.27703 7.27004 6.53946 5.48978 7.36 6.38879 5.36255 6.12177 5.187 5.07194
threshold=4.1121879235106469e-08 0.05249301344156266 0.20359309017658236 3.2049462106442666e-07 5.1423764801938894e-08 0.11112770810723306 0.0027929162606596951 0.0010775665869005027 0.0044963988475501546 2.5000000000000004 0.29700618982315069 0.024967188946902755 0.01548805693164468 0.10807117074728013 0.097786840051412596 1.0683193440996776e-08 9.0848502054541324e-07 0.065548479557037367 0.04210090450942517 0.0034361892612650995 0.050431555137038238 2.2194142079712269e-09 0.50917410850524913 5.1154045650037012e-05 1.0000000180025095e-35 0.097786840051412596 0.0038542964030057196 0.00046769880282226955 0.071339275687932982 1.6851223705316445e-07 0.00029456955962814396 0.7723645567893983 0.0096328733488917368 0.078289981931447997 0.35880893468856817 0.078289981931447997 1.0000000180025095e-35 9.5538457571819907e-06
decision_type=2 2 2 2 2 2 2 2 2 2 2 2 2 2 2 2 2 2 2 2 2 2 2 2 2 2 2 2 2 2 2 2 2 2 2 2 2 2
left_child=1 24 3 7 13 6 9 16 -9 17 18 21 26 14 -5 -15 29 -3 31 20 -20 23 -23 -7 36 -8 27 -12 -28 -2 -10 33 -33 -4 -13 -36 -1 -21
right_child=2 5 10 4 -6 11 25 8 30 -11 12 34 -14 15 -16 -17 -18 -19 19 37 -22 22 -24 -25 -26 -27 28 -29 -30 -31 -32 32 -34 -35 35 -37 -38 -39
leaf_value=-0.43532154908335502 0.067932604923919532 1.0584907475729728 -0.027952035999577705 0.19083782069338864 -0.069698324305961373 -0.1302701260388206 5.213438833031983 0.53258942206591608 0.035356137191561353 -0.18366122996272785 0.1793908915707384 0.19174806218384763 -0.066692818341292079 0.70208195934109408 0.78395341889997883 0.71964006355223764 -0.21297416540557179 0.46044134593157587 0.050489538210652253 -0.20996076390666404 0.23807004912127838 0.38720959087437223 0.040953072067034059 0.30855274212489481 -0.15176201213767229 2.6091981372223554 0.5896505799430769 -0.068412548704399292 -0.1121743587803557 -0.25367064202847805 -0.4547962385876505 -0.0050483863104102272 -0.17058739590408456 0.081122719214888686 -0.24278069181502318 -0.041986485545099664 -0.21109588300980084 -0.008562852469745065
leaf_weight=41096.939368605614 13874.253335118294 1652.9262318015099 43942.357608437538 792.14579850435257 1466.5780723690987 8868.688811480999 387.23830592632294 2753.2768770456314 7330.8115717172623 2028.5683903694153 4966.9969654083252 1704.7088447809219 3407.3592582941055 3160.8837297558784 1145.4232721924782 1824.1251953840256 3769.9573953151703 5228.6067152619362 14481.048802435398 1977.379551589489 3209.998260974884 11244.811521649361 20541.51162558794 2333.9720953702927 8339.981530725956 352.01223611831665 1540.0384627580643 2171.7955831289291 324.53691726922989 1718.7070270776749 789.77144932746887 7121.364572763443 8381.0220819115639 7796.0931194424629 6084.3034373521805 13320.253060817719 3485.6957048773766 14252.721215546131
leaf_count=50071 13301 1546 37863 697 1419 8974 448 3016 6242 2558 4156 2112 3294 2927 991 1738 4122 5494 12665 2262 2579 12626 22660 2779 6924 427 1286 1812 321 1463 688 6252 7582 6563 7276 15853 3504 12629
internal_value=-4.33894e-05 -0.00080934 0.000594089 0.00194566 0.00585221 0.000640891 0.00333558 0.000861629 0.0024173 0.00245159 0.00013441 0.000235187 0.00152172 0.00731651 0.0100358 0.00625778 -1.20878e-05 0.00360892 -3.58002e-05 0.000578708 0.00143937 0.000680925 0.00105812 -0.000389335 -0.00283021 0.0139725 0.00234111 0.00165939 0.00494888 0.000483936 9.01232e-05 -0.000345807 -0.0010737 -0.000127692 -0.000672546 -0.000880888 -0.00307712 -0.000359462
internal_weight=278869 126670 152199 38625.9 8389.16 73747.6 9649.35 30236.8 10873.9 8910.1 113573 64098.2 12410.7 6922.58 1937.57 4985.01 19362.9 6881.53 101162 33921.1 17691 42989 31786.3 11202.7 52922.6 739.251 9003.37 7138.79 1864.58 15593 8120.58 67240.8 15502.4 51738.5 21109.3 19404.6 44582.6 16230.1
internal_count=279120 143252 135868 36604 7772 82753 10473 28832 9946 9598 99264 72280 10869 6353 1688 4665 18886 7040 88395 30135 15244 47039 35286 11753 60499 875 7575 5968 1607 14764 6930 58260 13834 44426 25241 23129 53575 14891
is_linear=0
shrinkage=0.0440977


Tree=3
num_leaves=39
num_cat=0
split_feature=16 15 0 6 12 0 14 0 16 16 12 16 8 0 6 16 16 17 16 19 0 16 6 0 19 5 0 16 16 15 12 0 0 12 0 0 0 6
split_gain=65.4303 179.554 42.0981 80.1059 42.1631 35.5935 25.9349 21.8007 17.7405 69.0176 16.8713 10.5105 11.3134 9.76465 30.9185 9.24709 9.21102 8.60052 11.7857 13.9032 8.57622 8.14849 7.80514 6.97008 6.80597 6.52195 5.65485 6.92459 6.34427 5.17363 5.05847 4.47883 4.33433 4.23896 4.23767 9.47252 8.0459 4.03821
threshold=4.1121879235106469e-08 0.05249301344156266 0.20359309017658236 7.4751966394615021e-07 5.1423764801938894e-08 0.11746299266815187 2.5000000000000004 0.10807117074728013 0.00031771855719853198 0.0013257549726404252 1.0683193440996776e-08 0.087571736425161376 1.5000000000000002 0.50917410850524913 2.7039660608352283e-06 9.0848502054541324e-07 1.0000000180025095e-35 0.048566129058599479 0.0060847864951938399 0.050431555137038238 0.097786840051412596 0.26183025538921362 3.6594201446860103e-07 0.50917410850524913 0.00029456955962814396 1.0000000180025095e-35 0.7723645567893983 0.0016039322945289316 0.0028402352472767238 1.0000000180025095e-35 0.0013066243263892832 0.072442274540662779 0.32466374337673193 5.1423764801938894e-08 0.065548479557037367 0.059310715645551688 0.080061092972755446 0.0052508653607219466
decision_type=2 2 2 2 2 2 2 2 2 2 2 2 2 2 2 2 2 2 2 2 2 2 2 2 2 2 2 2 2 2 2 2 2 2 2 2 2 2
left_child=1 16 3 8 7 6 34 20 15 -10 -9 17 21 14 -7 22 29 26 19 -19 -5 23 -2 -13 -11 37 27 -4 -28 -1 -20 -18 -16 -27 35 -3 -36 -15
right_child=2 5 11 4 -6 13 -8 10 9 24 -12 12 -14 25 32 -17 31 18 30 -21 -22 -23 -24 -25 -26 33 28 -29 -30 -31 -32 -33 -34 -35 36 -37 -38 -39
leaf_value=-0.41612486422882694 0.067213091225888894 0.080393479774848398 -0.03878259840681305 0.34173527381722485 -0.066624787584869657 -0.079227173995804132 -0.17556218970383541 0.67112175040151811 0.48153102082855559 0.044915769753505731 0.68790558236748112 0.058624648786257859 -0.097133499318522817 0.16224817408059666 0.52696567267591643 -0.20341439846254425 -0.27813643541080513 0.053194039018162435 0.061568154431144891 0.22757170435542323 0.74938286581125246 -0.1343927388122424 -0.22111745170548655 0.24557846566360717 -0.4347407644592145 0.21991645249726838 -0.0048257640183851326 0.050623724044177823 -0.16293182026476541 -0.20178703728700037 -0.11854968417297806 -0.048364133277599891 0.25761810709882643 -0.12738094640333994 0.30795341343975718 1.370264956306031 0.8939716524577298 -0.013208343509527034
leaf_weight=41096.939368605614 14104.549722313881 424.11511170864105 32402.729352891445 371.32964318990707 1466.5780723690987 11802.533566117287 2028.5683903694153 3160.8837297558784 2755.5942543148994 7385.6561670899391 1824.1251953840256 2900.9694918990135 3205.762181699276 6210.2043727636337 5036.2868054509163 3712.7954226732254 3204.720005095005 17545.205524146557 4161.337267935276 2440.4666630625725 1145.4232721924782 663.92195463180542 1909.2267951965332 5933.6080127358437 789.77144932746887 615.64972013235092 7909.3531653285027 19760.296720027924 9374.4868226647377 3485.6957048773766 7274.5752429366112 5135.2615256309509 7227.1235477924347 17952.073949277401 2375.8622697591782 1228.8111200928688 4007.5910592079163 14838.781363844872
leaf_count=50071 13506 425 28351 330 1419 12856 2558 2927 3019 6313 1738 2598 3172 7034 5538 4048 2872 14918 4320 1970 991 670 1625 4809 688 713 6963 16356 8212 3504 6925 4052 8238 21292 2239 1121 4626 16113
internal_value=-7.18273e-05 -0.000812236 0.000544394 0.00180196 0.00574075 0.000594212 0.00303094 0.00726402 0.000778066 0.00220301 0.00585341 0.000116683 0.00131198 0.000209048 0.000909631 -1.16057e-05 -0.00277209 -3.38743e-05 0.000571474 0.00121749 0.0118933 0.00207642 0.000448142 0.00243053 0.000168399 -0.000216547 -0.000307771 -7.87103e-05 -0.000999038 -0.00302373 -0.000557519 -0.00142676 0.00246016 -0.000818949 0.00415549 0.00614635 0.0036391 0.000314857
internal_weight=278869 126670 152199 38625.9 7968.34 73747.6 10064.9 6501.76 30657.6 10931 4985.01 113573 12704.3 63682.7 24065.9 19726.6 52922.6 100868 31421.6 19985.7 1516.75 9498.5 16013.8 8834.58 8175.43 39616.7 69446.9 52163 17283.8 44582.6 11435.9 8339.98 12263.4 18567.7 8036.38 1652.93 6383.45 21049
internal_count=279120 143252 135868 36604 7405 82753 10969 5986 29199 10020 4665 99264 11249 71784 26632 19179 60499 88015 28133 16888 1321 8077 15131 7407 7001 45152 59882 44707 15175 53575 11245 6924 13776 22005 8411 1546 6865 23147
is_linear=0
shrinkage=0.0440977


Tree=4
num_leaves=39
num_cat=0
split_feature=16 15 0 6 12 15 3 0 14 3 3 12 3 6 0 3 8 16 3 16 6 16 12 6 3 16 3 0 12 16 0 16 15 0 0 3 12 17
split_gain=61.0059 166.72 35.7905 68.844 36.5924 29.9192 35.9786 19.894 15.8273 15.6515 65.6507 14.2068 11.2076 10.6247 21.2018 10.5952 10.029 9.09371 8.94788 8.56132 7.71949 13.2427 12.4274 7.362 7.21422 7.20554 7.10077 6.56009 6.24983 6.13299 5.88865 5.46355 4.95658 4.37184 4.30225 6.1638 4.15896 3.8493
threshold=4.1121879235106469e-08 0.05249301344156266 0.20359309017658236 7.4751966394615021e-07 5.1423764801938894e-08 0.11112770810723306 0.0027929162606596951 0.10807117074728013 2.5000000000000004 0.0010775665869005027 0.0044963988475501546 1.0683193440996776e-08 0.030205942690372471 2.7039660608352283e-06 0.50917410850524913 0.29700618982315069 1.5000000000000002 9.0848502054541324e-07 5.1154045650037012e-05 1.0000000180025095e-35 0.079255644232034697 0.0034361892612650995 0.1681051775813103 3.6594201446860103e-07 8.1219440062341174e-07 0.26183025538921362 7.8760091781759924e-08 0.097786840051412596 0.040286580100655563 0.0060847864951938399 0.50917410850524913 0.0023476403439417486 1.0000000180025095e-35 0.072442274540662779 0.29870507121086126 9.2124505499668902e-06 0.19392024725675586 3.0986102501628927e-05
decision_type=2 2 2 2 2 2 2 2 2 2 2 2 2 2 2 2 2 2 2 2 2 2 2 2 2 2 2 2 2 2 2 2 2 2 2 2 2 2
left_child=1 19 3 9 7 6 8 24 26 17 31 -9 13 18 -15 20 25 23 -7 32 34 22 -22 -2 -5 30 -3 -8 -14 -12 -17 -11 -1 -21 35 -4 -23 -36
right_child=2 5 15 4 -6 12 27 11 -10 10 29 -13 28 14 -16 16 -18 -19 -20 33 21 36 -24 -25 -26 -27 -28 -29 -30 -31 -32 -33 -34 -35 37 -37 -38 -39
leaf_value=-0.39777470927887176 0.064249147600587239 2.3089891229227897 -0.035649406375455876 0.36946811445180616 -0.063686786804849196 -0.12626223541554585 4.9441159965814094 0.64152681587873772 -0.16782029860009387 0.46770877240775321 -0.11409719488782313 0.657570519234986 -0.026351935736100663 0.44819894656734555 0.036949136140445572 0.066523587670295911 -0.089138204256275791 -0.1953157914354213 0.26518162988700839 -0.26587125463033184 0.046431053353942479 -0.023276494498202616 0.20717332305186115 -0.2113666777197637 0.76359499613174309 -0.12596868765887434 0.42873521547297933 2.4547163602783999 -0.25055367239895804 0.094239783117978315 0.24148956930798243 1.748634859933361 -0.19288869037381845 -0.046231385595461368 -0.076549347042736304 0.097573605175874642 -0.20799519749270939 -0.020403121474118123
leaf_weight=41096.939368605614 14104.549722313881 524.65409398078918 5657.3362823724747 545.32332652807236 1466.5780723690987 10563.419469118118 387.23830592632294 3160.8837297558784 2028.5683903694153 2724.695890724659 3671.9139613509178 1824.1251953840256 14724.791281700134 9748.3770480751991 21432.990716338158 2832.2206329107285 3108.4323363900185 3769.9573953151703 2467.4496366977692 3204.720005095005 14735.552189648151 15412.738794565201 3591.8531768321991 1909.2267951965332 971.4295888543129 642.29310011863708 6356.8788530826569 352.01223611831665 5161.2212451100349 4448.6690596938133 5827.78111743927 28.580986320972443 3485.6957048773766 5135.2615256309509 18616.933907449245 5310.3617716431618 1287.2763023376465 36549.932788252831
leaf_count=50071 13506 388 5817 488 1419 11079 448 2927 2558 2979 3189 1738 17609 10763 23635 2509 3046 4122 2948 2872 12861 13748 2902 1625 833 642 6652 427 6246 3741 4672 37 3504 4052 14726 4533 1412 32396
internal_value=-0.000103998 -0.000818935 0.000491024 0.00165056 0.00530199 0.000536317 0.00282542 0.00672107 0.00204908 0.000701363 0.00204524 0.00537364 0.000191676 0.00058274 0.00102465 9.66559e-05 0.00131263 -3.73473e-05 -0.000474696 -0.00270745 -5.25334e-05 0.000476771 0.00129522 0.000421404 0.0111431 0.00203721 0.00305807 0.0121672 -0.000677755 4.9816e-05 0.00237149 0.00792844 -0.00295005 -0.00141042 -0.000332876 0.000464777 -0.000421459 -0.000491463
internal_weight=278869 126670 152199 38625.9 7968.34 73747.6 9649.35 6501.76 8910.1 30657.6 10873.9 4985.01 64098.2 44212.2 31181.4 113573 12410.7 19783.7 13030.9 52922.6 101162 35027.4 18327.4 16013.8 1516.75 9302.29 6881.53 739.251 19886 8120.58 8660 2753.28 44582.6 8339.98 66134.6 10967.7 16700 55166.9
internal_count=279120 143252 135868 36604 7405 82753 10473 5986 9598 29199 9946 4665 72280 48425 34398 99264 10869 19253 14027 60499 88395 30923 15763 15131 1321 7823 7040 875 23855 6930 7181 3016 53575 6924 57472 10350 15160 47122
is_linear=0
shrinkage=0.0440977


Tree=5
num_leaves=39
num_cat=0
split_feature=17 17 15 6 0 3 3 3 6 19 0 0 3 3 3 3 0 6 0 17 0 3 3 3 12 14 12 3 6 17 3 19 0 12 15 3 0 17
split_gain=47.6042 118.313 73.7122 34.4031 27.7712 21.5607 17.2298 47.2773 15.025 13.2142 12.9335 15.2957 14.4212 14.0961 28.5853 12.3197 14.1592 11.8053 19.8306 10.4037 13.5641 10.5694 9.69825 8.14745 7.66147 7.55637 7.53728 7.31923 6.98579 13.0864 6.92751 5.62534 5.09609 4.79091 3.6955 3.21735 3.05958 6.31483
threshold=3.2049462106442666e-07 4.5040064833301594e-06 0.05249301344156266 1.1282931154710242e-05 0.29870507121086126 9.2124505499668902e-06 0.0010775665869005027 0.0044963988475501546 1.0000000180025095e-35 0.11883784458041192 0.54427608847618114 0.65379247069358837 0.0027929162606596951 0.0096328733488917368 0.0054398581851273784 0.014099423773586752 0.080061092972755446 5.5234647788893207e-06 0.12767100334167483 0.01548805693164468 0.50917410850524913 0.0054398581851273784 0.030205942690372471 0.094717219471931471 1.3978428370364784e-07 2.5000000000000004 0.00073787444853223871 9.2124505499668902e-06 7.4751966394615021e-07 6.0955099456805339e-07 7.8760091781759924e-08 1.1399192345606936e-07 0.52643263339996349 1.0683193440996776e-08 1.0000000180025095e-35 3.081195814047533e-06 0.48434139788150793 6.7982688051415621e-05
decision_type=2 2 2 2 2 2 2 2 2 2 2 2 2 2 2 2 2 2 2 2 2 2 2 2 2 2 2 2 2 2 2 2 2 2 2 2 2 2
left_child=2 17 3 6 5 8 9 34 30 25 12 -12 36 14 -13 16 -7 18 28 20 -14 -21 27 -24 -10 -1 -9 -6 -2 -30 -4 -15 -29 -20 -8 -19 37 -3
right_child=1 10 4 -5 22 15 7 26 24 -11 11 13 19 31 -16 -17 -18 35 33 21 -22 -23 23 -25 -26 -27 -28 32 29 -31 -32 -33 -34 -35 -36 -37 -38 -39
leaf_value=-0.10253896837298014 0.080274926063378785 0.076031119952222961 1.0812524327706201 -0.38168257385316956 -0.18155068725074819 0.24588735046639687 0.34810438310008107 -0.023475539058321129 0.47192460376891981 0.18104053419185046 -0.11140493574732853 0.028643370356330064 0.18753998812048858 -0.25410316001716343 0.29722189793613063 0.11400475221340234 1.4911528181187648 1.0602260612050671 0.035863133015332678 0.34662868162872168 0.75904261707816489 -0.021468759192494958 -0.24818922364526722 -0.014497470205885083 -0.2568346904774893 -0.32474789763956319 -0.30420321533760258 0.25338145940359336 0.64114372784875251 1.1335558688771208 -0.084141798612144089 -0.016251880780956015 0.055820286713210369 0.32506186751433158 1.1327818352168768 0.78753009122613093 0.096112471839216063 -0.10892548466915143
leaf_weight=53068.171448886395 385.19265854358673 5842.276687681675 1281.3478815555573 19730.633931219578 3266.302466571331 1131.7211431860924 3630.8019089698792 24712.582992911339 7168.7585538029671 1800.9939267635345 16887.360871911049 16957.425984382629 3210.8552541732788 1435.5780411362648 4713.1834831237793 1641.6544480919838 2790.2778500318527 505.40500277280807 1336.3761224746704 2671.046174287796 1000.4077759981155 3689.768386721611 6015.8703285455704 13034.821135997772 902.34623372554779 5069.3876564502716 3955.2378801703453 7084.6150721907616 1322.9572505354881 1986.3379255533218 7280.9505422711372 22854.558433771133 22860.062712132931 331.16124951839447 91.150172591209412 692.57880812883377 2555.2751929759979 4950.4664459824562
leaf_count=49126 329 6144 1295 24782 2208 1143 4105 22775 7416 1779 15229 14311 2950 1659 4041 2066 3229 477 1300 2219 924 3342 7248 15475 969 5476 3983 7881 1113 1801 9049 19772 25398 306 118 643 2437 4721
internal_value=-8.16324e-05 0.000731442 -0.000488474 -0.00120306 0.000586974 0.00189371 -0.00084586 -2.63782e-05 0.00109872 -0.00128869 0.000299692 -3.2458e-05 0.00117236 0.00038455 0.00120214 0.00426982 0.00561209 0.00644121 0.00555505 0.00238892 0.00408882 0.00126301 3.19413e-05 -0.000761188 0.00246368 -0.00140394 -0.000633483 0.00048691 0.00735638 0.00801048 -0.00018808 -0.000344891 0.00070313 0.00156211 0.00464867 0.0103996 0.00020869 -0.000116208
internal_weight=279846 93328.2 186518 112059 74458.7 22197.1 92328.3 32389.8 16633.4 59938.6 86768.2 62848.1 23920.1 45960.7 21670.6 5563.65 3922 6560.01 5362.03 10572.1 4211.26 6360.81 52261.7 19050.7 8071.1 58137.6 28667.8 33211 3694.49 3309.3 8562.3 24290.1 29944.7 1667.54 3721.95 1197.98 13348 10792.7
internal_count=279239 83718 195521 112144 83377 25167 87362 30981 18729 56381 77749 55012 22737 39783 18352 6438 4372 5969 4849 9435 3874 5561 58210 22723 8385 54602 26758 35487 3243 2914 10344 21431 33279 1606 4223 1120 13302 10865
is_linear=0
shrinkage=0.0440977


Tree=6
num_leaves=39
num_cat=0
split_feature=16 15 16 17 16 0 3 12 0 3 0 16 3 0 16 19 17 3 3 16 3 16 3 19 12 0 0 3 3 0 0 0 13 19 15 16 0 12
split_gain=49.7818 133.101 41.0753 57.5249 33.3156 24.3995 17.1619 12.8687 21.0618 11.9798 27.7714 28.1402 10.0227 11.6223 9.67671 8.8981 8.54806 21.3965 8.41946 8.11472 7.64284 7.48032 14.6033 10.8667 7.35836 9.93085 9.62243 6.51473 5.83239 8.99337 5.09123 4.85414 4.94225 4.92618 4.67018 5.01131 7.3426 4.65498
threshold=1.7159065635041773e-07 0.05249301344156266 1.2678929692810927e-06 3.2049462106442666e-07 2.3222270328915332e-08 0.29870507121086126 9.2124505499668902e-06 1.3978428370364784e-07 0.065548479557037367 0.0010775665869005027 0.097786840051412596 0.0041571895126253375 0.014099423773586752 0.080061092972755446 0.18760957568883899 4.1935285466365719e-08 6.0955099456805339e-07 8.1219440062341174e-07 0.030205942690372471 0.0023476403439417486 0.078289981931447997 0.0028402352472767238 0.078289981931447997 0.00022136233747005465 1.0683193440996776e-08 0.16948933899402621 0.12767100334167483 3.3323743991786621e-05 5.1154045650037012e-05 0.48434139788150793 0.81196454167366039 0.065548479557037367 1.5000000000000002 2.4911049785469877e-11 1.0000000180025095e-35 1.0000000180025095e-35 0.83948618173599254 1.8290079424332364e-06
decision_type=2 2 2 2 2 2 2 2 2 2 2 2 2 2 2 2 2 2 2 2 2 2 2 2 2 2 2 2 2 2 2 2 2 2 2 2 2 2
left_child=1 4 3 -2 34 6 7 8 -3 15 11 19 13 -8 -13 27 17 -5 28 -11 -20 23 -23 -12 26 -26 -18 -4 -7 -30 37 -6 33 -33 35 -1 -37 -17
right_child=2 5 9 16 31 18 12 -9 -10 10 21 14 -14 -15 -16 30 24 -19 20 -21 -22 22 -24 -25 25 -27 -28 -29 29 -31 -32 32 -34 -35 -36 36 -38 -39
leaf_value=-0.36485124514878359 0.019430428591190631 2.1693552941609013 -0.028564988931530737 0.28209985844045909 0.17884399674998264 -0.078430432491708779 0.23504428058722923 -0.1157757983572906 0.18956764284270819 0.47675796421384181 -0.11510205966521576 0.16126409306596068 0.12234037606620546 1.4253963886940266 -0.30913707106476063 0.18072870589068829 1.0835686471885659 0.81619168840468992 -0.26517809194787201 1.6920655101057922 -0.017374203259400169 -0.056599228297654902 0.064165099990414864 0.090013949204336793 0.73751510813466425 0.15578252343733165 0.036597611809406294 -0.17439648053424053 0.58069846181766405 0.074689156518279828 0.19720920698846778 -0.021239493347927137 0.13217834410045068 -0.23579135375752044 -0.16514620758981258 -0.25841495514037982 0.072962508465196627 -0.030121822310221428
leaf_weight=41218.206706285477 8955.5222356319427 1093.486764550209 9678.9916304349899 950.02215564250946 1044.5999275445938 6821.1656578779221 1131.7211431860924 4565.8685826659203 10850.454409778118 2694.9670234322548 2493.4672074317932 1748.6354742050171 1577.5403436422348 2790.2778500318527 1085.2180198431015 2581.1327806711197 1979.3857937455177 752.72053980827332 4966.5365920066833 29.353445410728455 13884.087968289852 29896.584203481674 28910.04899418354 21380.970552027225 1529.1450604200363 579.2309188246727 1318.6095634102821 7241.0056608915329 2433.5594357848167 23678.169886827469 2532.9399011731148 7200.3121733665466 2146.371826171875 2694.1418764591217 3493.6606150865555 4618.4605950713158 1239.5978099107742 16059.728710532188
leaf_count=50042 8624 947 6475 807 1165 6469 1143 5602 12020 2905 2298 1603 1983 3229 970 2846 1792 628 5994 38 16470 25107 26125 18201 1426 502 1277 7766 2830 25972 1978 6162 2181 2640 3567 3725 926 14804
internal_value=-0.000109904 -0.000708552 0.000467938 0.00256815 -0.00218603 0.000565967 0.00179589 0.00108506 0.00184622 0.000200854 0.000483002 0.00350004 0.00392924 0.00512294 0.000423115 -0.000452698 0.00552958 0.00825509 4.31923e-05 0.00669933 -0.000700001 0.000280144 1.28846e-05 0.00093842 0.00466982 0.00670467 0.00336731 -0.00120661 0.000468601 0.000768537 0.000149779 -0.000202775 -0.000453014 -0.000869131 -0.0026992 -0.00281466 -0.00160735 -0.000102321
internal_weight=279846 137448 142398 16064.6 63655.4 73792.9 22009.3 16509.8 11943.9 126333 88239.2 5558.17 5499.54 3922 2833.85 38093.8 7109.11 1702.74 51783.5 2724.32 18850.6 82681.1 58806.6 23874.4 5406.37 2108.38 3298 16920 32932.9 26111.7 21173.8 13085.4 12040.8 9894.45 50569.9 47076.3 5858.06 18640.9
internal_count=279239 153067 126172 15056 70408 82659 24924 18569 12967 111116 77247 5516 6355 4372 2573 33869 6432 1435 57735 2943 22464 71731 51232 20499 4997 1928 3069 14241 35271 28802 19628 12148 10983 8802 58260 54693 4651 17650
is_linear=0
shrinkage=0.0440977


end of trees

feature_importances:
event_decay_major=62
event_decay_operation=61
event_decay_operation_weighted=40
event_decay_game_update=27
event_decay_case_drop=21
event_decay_case_drop_weighted=19
event_decay_major_weighted=14
event_decay_game_update_weighted=12
event_density_90d_game_update=5
event_density_90d_case_drop=3
event_density_90d_operation=1
event_density_30d_game_update=1

parameters:
[boosting: gbdt]
[objective: quantile]
[metric: quantile]
[tree_learner: serial]
[device_type: cpu]
[data_sample_strategy: bagging]
[data: ]
[valid: ]
[num_iterations: 1000]
[learning_rate: 0.0440977]
[num_leaves: 39]
[num_threads: -1]
[seed: 128]
[deterministic: 0]
[force_col_wise: 0]
[force_row_wise: 0]
[histogram_pool_size: -1]
[max_depth: 6]
[min_data_in_leaf: 5]
[min_sum_hessian_in_leaf: 0.001]
[bagging_fraction: 0.7]
[pos_bagging_fraction: 1]
[neg_bagging_fraction: 1]
[bagging_freq: 5]
[bagging_seed: 7259]
[bagging_by_query: 0]
[feature_fraction: 0.85]
[feature_fraction_bynode: 1]
[feature_fraction_seed: 2349]
[extra_trees: 0]
[extra_seed: 22898]
[early_stopping_round: 0]
[early_stopping_min_delta: 0]
[first_metric_only: 0]
[max_delta_step: 0]
[lambda_l1: 0]
[lambda_l2: 1]
[linear_lambda: 0]
[min_gain_to_split: 0.1]
[drop_rate: 0.1]
[max_drop: 50]
[skip_drop: 0.5]
[xgboost_dart_mode: 0]
[uniform_drop: 0]
[drop_seed: 14092]
[top_rate: 0.2]
[other_rate: 0.1]
[min_data_per_group: 100]
[max_cat_threshold: 32]
[cat_l2: 10]
[cat_smooth: 10]
[max_cat_to_onehot: 4]
[top_k: 20]
[monotone_constraints: ]
[monotone_constraints_method: basic]
[monotone_penalty: 0]
[feature_contri: ]
[forcedsplits_filename: ]
[refit_decay_rate: 0.9]
[cegb_tradeoff: 1]
[cegb_penalty_split: 0]
[cegb_penalty_feature_lazy: ]
[cegb_penalty_feature_coupled: ]
[path_smooth: 0]
[interaction_constraints: ]
[verbosity: -1]
[saved_feature_importance_type: 0]
[use_quantized_grad: 0]
[num_grad_quant_bins: 4]
[quant_train_renew_leaf: 0]
[stochastic_rounding: 1]
[linear_tree: 0]
[max_bin: 63]
[max_bin_by_feature: ]
[min_data_in_bin: 3]
[bin_construct_sample_cnt: 200000]
[data_random_seed: 456]
[is_enable_sparse: 1]
[enable_bundle: 1]
[use_missing: 1]
[zero_as_missing: 0]
[feature_pre_filter: 0]
[pre_partition: 0]
[two_round: 0]
[header: 0]
[label_column: ]
[weight_column: ]
[group_column: ]
[ignore_column: ]
[categorical_feature: ]
[forcedbins_filename: ]
[precise_float_parser: 0]
[parser_config_file: ]
[objective_seed: 18400]
[num_class: 1]
[is_unbalance: 0]
[scale_pos_weight: 1]
[sigmoid: 1]
[boost_from_average: 1]
[reg_sqrt: 0]
[alpha: 0.9]
[fair_c: 1]
[poisson_max_delta_step: 0.7]
[tweedie_variance_power: 1.5]
[lambdarank_truncation_level: 30]
[lambdarank_norm: 1]
[label_gain: ]
[lambdarank_position_bias_regularization: 0]
[eval_at: ]
[multi_error_top_k: 1]
[auc_mu_weights: ]
[num_machines: 1]
[local_listen_port: 12400]
[time_out: 120]
[machine_list_filename: ]
[machines: ]
[gpu_platform_id: -1]
[gpu_device_id: -1]
[gpu_use_dp: 0]
[num_gpu: 1]

end of parameters

pandas_categorical:[]
