tree
version=v4
num_class=1
num_tree_per_iteration=1
label_index=0
max_feature_idx=40
objective=quantile
feature_names=price_lag_1d return_1d return_3d return_7d return_14d return_30d return_60d price_std_7d price_std_14d price_std_20d price_std_60d price_zscore_30d vol_regime_60_30 trend_divergence_30_60 price_accel_7d price_log price_tier log_return_1d log_return_7d autocorr_1d autocorr_7d bb_pct_b bb_width rsi_14 macd_line macd_signal macd_histogram volume_missing volume_lag_1d volume_lag_7d volume_mean_7d volume_mean_30d volume_std_30d volume_std_60d volume_log_change_1d volume_log_change_7d volume_zscore_30d volume_price_conf_7d volume_price_conf_1d rsi_missing macd_missing
feature_infos=[0.029999999329447746:726.3900146484375] [-98.001335144042969:500] [-98.001335144042969:500] [-98.001335144042969:500] [-99.363525390625:500] [-99.273765563964844:500] [-99.186729431152344:500] [0:155.79258728027344] [0:113.14417266845703] [0:97.831710815429688] [0:100.54641723632812] [-4.96368408203125:5.2946515083312988] [0.70291376113891602:805.0294189453125] [-1056138296557568:933262033682432] [-598.0013427734375:586.79248046875] [-3.5065579414367676:6.5880870819091797] [0:4] [-3.9126894474029541:4.9908404350280762] [-3.9126894474029541:4.8882842063903809] [-49000.66796875:60162.6015625] [-49000.66796875:34064.93359375] [-0.54432862997055054:1.5621322393417358] [0.014894707128405571:15.69301700592041] [0:99.844482421875] [-54.1455078125:48.291065216064453] [-42.52099609375:42.708404541015625] [-22.157054901123047:15.944230079650879] none [1:107040] [1:107040] [1:33132.71484375] [1:19356.69921875] [0.57735025882720947:18549.255859375] [0.57735025882720947:13367.96484375] [-6.1758670806884766:6.1158919334411621] [-6.4248690605163574:6.5434322357177734] [-3.7836604118347168:5.2921395301818848] [-97.603759765625:500] [-96.563575744628906:500] [0:1] [0:1]
tree_sizes=2687 2708 2793 2830 2802 2903 3134 2908 3222 3018 2483 2705 2716 2929 3250

Tree=0
num_leaves=25
num_cat=0
split_feature=39 15 9 9 9 9 6 20 12 15 24 12 24 24 6 8 4 5 36 25 29 33 25 30
split_gain=120.78 64.5973 40.5515 38.1762 27.2538 33.9402 12.11 7.42001 10.6577 17.181 7.93997 6.36493 11.3334 32.1447 3.61772 5.60965 5.09809 2.06996 3.45472 0.967441 0.688068 0.474738 0.402083 0.220591
threshold=1.0000000180025095e-35 -1.2937155961990354 0.54713237285614025 0.72285723686218273 0.069021213799715056 0.0049575832672417173 -36.733360290527337 431.29876708984381 1.2059555649757387 -0.76948857307434071 -0.30654329061508173 0.71422952413558971 -0.0018922754679806528 -0.00108265207381919 18.695007324218754 0.058457978069782264 -18.761769294738766 -12.999261379241942 -0.67355650663375843 -2.0816682538902295e-17 302.50000000000006 89.913177490234389 -6.9489546149270595e-05 1095.714294433594
decision_type=2 2 2 2 2 2 2 2 2 2 2 2 2 2 2 2 2 2 2 2 2 2 2 2
left_child=1 2 4 -4 5 -1 -6 14 10 -10 -9 12 -2 -14 16 -16 -3 18 -13 22 -15 -20 -19 -21
right_child=11 7 3 -5 6 -7 -8 8 9 -11 -12 17 13 20 15 -17 -18 19 21 23 -22 -23 -24 -25
leaf_value=34.85528797149658 33.688621292114256 34.802145500183109 38.228864944953862 34.624697316552492 38.267568588256836 35.586330588027444 34.328583612645382 35.257928199768067 38.201187174527043 33.982842626571653 34.729232384838873 33.198504043802615 35.989313148169629 33.688621292114256 34.424769077301022 34.93537452697754 34.469812450408938 33.688621292114256 33.688621292114256 33.688621292114256 34.788621330261229 33.570564694674644 33.688621292114256 33.688621292114256
leaf_weight=8046.5113718509674 644.73560321331024 784.44711315631866 184.69700908660889 212.64215660095215 103.50708067417145 13635.473700344563 3111.5690535902977 23.918755710124969 73.53566575050354 66.9620481133461 687.8487640619278 34.500388026237488 143.66315150260925 245.89539557695389 2063.7643790245056 3396.4013846516609 12190.794958114624 1572.6813884973526 107.31078624725342 8468.2292640805244 134.74250721931458 53.112565875053406 2824.2733938694 246.87573111057281
leaf_count=7887 89 638 17 20 27 9959 526 13 26 52 451 26 23 219 2518 3758 13260 1087 48 13023 71 28 4657 333
internal_value=34.7305 34.7313 34.7323 34.7418 34.7321 34.7325 34.7295 34.7299 34.7327 34.7402 34.7312 34.7281 34.7302 34.7335 34.7298 34.7305 34.7295 34.7279 34.7309 34.7279 34.729 34.7291 34.7282 34.7277
internal_weight=0 44582.1 25294.4 397.339 24897.1 21682 3215.08 19287.7 852.265 140.498 711.768 14476 1169.04 524.301 18435.4 5460.17 12975.2 13307 194.924 13112.1 380.638 160.423 4396.95 8715.1
internal_count=58756 39152 18436 37 18399 17846 553 20716 542 78 464 19604 402 313 20174 6276 13898 19202 102 19100 290 76 5744 13356
is_linear=0
shrinkage=1


Tree=1
num_leaves=24
num_cat=0
split_feature=8 15 8 11 22 22 11 12 24 22 7 32 4 24 25 8 5 26 10 10 30 30 11
split_gain=115.852 59.5839 37.3495 21.0951 29.2804 22.7984 10.9605 13.5312 14.5622 7.44979 9.29616 6.92573 4.3553 4.3021 3.95391 5.55281 2.65191 1.76315 1.09394 16.4354 0.543323 1.00457 0.332861
threshold=1.0000000180025095e-35 -1.2937155961990354 0.62850299477577221 -0.18771857768297193 0.59029695391654979 1.7242037653923037 -0.18771857768297193 0.71422952413558971 -0.00108265207381919 0.29206603765487676 0.23634916543960574 49.320428848266609 -38.491983413696282 -0.0051188992802053681 0.1526102423667908 0.12484395503997804 -1.0000000180025095e-35 5.886056345019015e-13 0.02035543974488974 0.018715891987085346 1095.714294433594 1416.7857055664065 -0.43537032604217524
decision_type=2 2 2 2 2 2 2 2 2 2 2 2 2 2 2 2 2 2 2 2 2 2 2
left_child=6 2 3 4 -2 -5 7 8 -1 14 11 -11 -12 -9 16 -16 -3 20 19 -19 -8 -22 -15
right_child=1 9 -4 5 -6 -7 17 13 -10 10 12 -13 -14 22 15 -17 -18 18 -20 -21 21 -23 -24
leaf_value=0.6913385772366758 0.3103170724104462 -0.20245651416778571 3.3979739320411673 0.44512195064530946 1.2127570450372294 -0.41639544692803121 -1.0106586387634275 10.292882753983978 -1.0106586387634275 -0.028825666236877507 0.51156906166076654 0.57300102252960217 -0.3106217210769654 -0.31065861968994135 0.50300001296997066 0.00073293514251702161 -0.35150949325561526 -0.91065864114761341 -1.0106586387634275 1.320320605554911 1.7893414375305177 -1.0106586387634275 -0.99595512131407837
leaf_weight=124.11099910736084 5651.7830547094345 3714.1373376250267 275.79863637685776 12280.80062943697 4362.2292426228523 2755.237209379673 9455.6434386372566 19.770971775054932 70.299487590789795 3161.8512341380119 56.79628711938858 2404.1413575410843 2463.031647503376 79.764456748962402 67.636569380760193 1144.7912794947624 6466.0134537220001 2771.5627675056458 1039.2753276824951 33.691513478755951 104.78693068027496 193.62802392244339 361.31175976991653
leaf_count=18 5337 4381 25 11085 1617 443 14106 12 34 2598 38 2257 2000 77 86 1567 7819 4192 352 7 140 319 246
internal_value=0 0.000647783 0.00160738 0.00148567 0.00255307 0.00077373 -0.00245731 0.00131637 0.00795511 -0.000599123 9.55844e-05 0.000781734 -0.00141394 -0.00145729 -0.00109349 0.000517001 -0.00128678 -0.00264029 -0.00208102 -0.0017589 -0.00285907 -0.00148732 -0.00210509
internal_weight=0 44804.2 25325.8 25050.1 10014 15036 14253.8 655.258 194.41 19478.4 8085.82 5565.99 2519.83 460.847 11392.6 1212.43 10180.2 13598.6 3844.53 2805.25 9754.06 298.415 441.076
internal_count=58756 39253 18507 18482 6954 11528 19503 387 52 20746 6893 4855 2038 335 13853 1653 12200 19116 4551 4199 14565 459 323
is_linear=0
shrinkage=0.03


Tree=2
num_leaves=25
num_cat=0
split_feature=39 15 9 10 9 9 6 11 12 36 20 12 15 24 25 25 8 32 26 10 10 36 30 30
split_gain=111.253 51.4144 34.2061 47.7426 26 30.4501 12.4518 10.9784 11.449 14.7567 7.50669 10.5057 17.181 7.87781 7.29695 3.62405 5.89682 4.7253 2.37495 1.63525 15.1927 1.39053 0.51294 1.01712
threshold=1.0000000180025095e-35 -1.2937155961990354 0.54713237285614025 0.36919142305850988 0.069021213799715056 0.0049575832672417173 -36.733360290527337 -0.18771857768297193 0.71422952413558971 -0.11098020151257514 431.29876708984381 1.2059555649757387 -0.76948857307434071 -0.30654329061508173 -0.0071879865135997525 0.1526102423667908 0.12484395503997804 49.320428848266609 5.886056345019015e-13 0.02035543974488974 0.018715891987085346 -1.0057955384254453 1095.714294433594 1416.7857055664065
decision_type=2 2 2 2 2 2 2 2 2 2 2 2 2 2 2 2 2 2 2 2 2 2 2 2
left_child=1 2 4 -4 5 -1 -6 8 9 -2 15 13 -13 -12 -10 17 -17 -3 22 20 -20 -16 -9 -24
right_child=7 10 3 -5 6 -7 -8 18 14 -11 11 12 -14 -15 21 16 -18 -19 19 -21 -22 -23 23 -25
leaf_value=0.11169852806511336 -1.0341088822658617 -0.22975346493530288 3.295955227578431 -0.62889998035481698 3.3945375271437563 0.79602733286108718 -0.3581566567584793 -0.98033887960052468 9.984096271364459 0.084014507599485894 0.49622198981094362 3.3493402365010851 -0.74061101618957503 0.0080527728117577302 0.83392353232534377 0.4692148297805786 0.028559865008604288 -0.038527154165268057 -0.88333888191318499 -0.98033887960052468 1.2807109873882638 -0.96607646767465616 1.7356611944046021 -0.98033887960052468
leaf_weight=8046.5113718509674 88.471775531768799 10788.964868426323 170.16076564788818 227.17840003967285 103.50708067417145 13635.473700344563 3111.5690535902977 9541.4005475640297 20.491230130195618 81.861682593822479 23.918755710124969 73.53566575050354 66.9620481133461 687.8487640619278 21.684064507484436 78.549233078956604 2144.6938945651054 5423.1998388767242 2871.9987903237343 1136.2468276023865 35.547287464141846 374.77756708860397 104.78693068027496 198.75347173213959
leaf_count=7887 29 11202 13 24 27 9959 526 14105 11 17 13 26 52 451 19 100 2743 6129 4316 368 10 270 140 319
internal_value=0 0.000612623 0.0015024 0.0102356 0.00136222 0.00173582 -0.00115244 -0.00241428 0.0015865 0.00813808 -0.000553492 0.00219416 0.00968393 0.000688913 -0.00106057 -0.000681386 0.000449996 -0.000837471 -0.00258458 -0.00195987 -0.0015711 -0.00200451 -0.00283954 -0.00151282
internal_weight=0 44582.1 25294.4 397.339 24897.1 21682 3215.08 14476 587.286 170.333 19287.7 852.265 140.498 711.768 416.953 18435.4 2223.24 16212.2 13888.7 4043.79 2907.55 396.462 9844.94 303.54
internal_count=58756 39152 18436 37 18399 17846 553 19604 346 46 20716 542 78 464 300 20174 2843 17331 19258 4694 4326 289 14564 459
is_linear=0
shrinkage=0.03


Tree=3
num_leaves=25
num_cat=0
split_feature=39 15 9 10 9 9 21 22 10 32 12 10 10 0 25 8 36 9 5 36 25 24 33 28
split_gain=108.026 47.4577 34.7193 47.7426 26.8051 28.1247 7.63195 7.5431 7.48568 12.6314 5.88433 16.0028 40.3835 4.58443 3.58775 5.58156 3.39469 3.22597 2.01044 3.45472 1.23776 1.24499 0.474738 0.373112
threshold=1.0000000180025095e-35 -1.2937155961990354 0.54713237285614025 0.36919142305850988 0.069021213799715056 0.0049575832672417173 0.39815440773963934 0.29206603765487676 0.12331828847527505 49.320428848266609 0.71422952413558971 0.02035543974488974 0.018715891987085346 0.35424999892711645 0.1526102423667908 0.12484395503997804 0.47516819834709173 0.011410463601350786 -12.999261379241942 -0.67355650663375843 -2.1264074945293029e-08 -2.2993613129074216e-05 89.913177490234389 1003.5000000000001
decision_type=2 2 2 2 2 2 2 2 2 2 2 2 2 2 2 2 2 2 2 2 2 2 2 2
left_child=1 2 4 -4 5 -1 -6 14 9 -9 11 12 17 -10 16 -16 -3 -2 19 -12 21 -20 -21 -22
right_child=10 7 3 -5 6 -7 -8 8 13 -11 18 -13 -14 -15 15 -17 -18 -19 20 22 23 -23 -24 -25
leaf_value=0.10834757222315999 -0.89537296990267456 -0.37543273112159742 3.1970765707510784 -0.61003298094417246 0.61106225392512514 0.77214651287525449 -0.37080782572190907 -0.048924887637013699 -0.58445059658960619 1.0381791935636329 -1.6281520353361065 -0.95092871321250905 0.6577020276965817 -0.051300264042434873 0.47383356768745427 -0.00014584886201653545 -0.10548167244964624 2.7970600130098262 -0.95092871321250905 -0.95092871321250905 -0.95092871321250905 -0.65683871307160369 -1.0336998483093534 -0.95092871321250905
leaf_weight=8046.5113718509674 278.40100407600403 6928.6470387578011 170.16076564788818 227.17840003967285 382.27149319648743 13635.473700344563 2832.8046410679817 1586.4579291939735 589.97607094049454 1056.7465882897377 34.500388026237488 750.25118339061737 92.976253509521484 4761.5753246545792 67.636569380760193 1144.7912794947624 3151.842267870903 47.408216536045074 1785.0167443156242 107.31078624725342 9549.2666871547699 1353.9253783226013 53.112565875053406 423.85096776485443
leaf_count=7887 273 8213 13 24 186 9959 367 1489 153 1102 26 102 12 4136 86 1567 3970 15 1374 48 14914 2181 28 631
internal_value=0 0.000582644 0.00143751 0.0102356 0.0012963 0.00167564 -0.00125718 -0.000537682 0.000165808 0.00147324 -0.00240002 -0.000344339 0.00433604 -0.000477226 -0.00103703 0.000495873 -0.0012229 -0.000605279 -0.00257947 0.00037744 -0.00262458 -0.00208502 -0.00140111 -0.00279279
internal_weight=0 44582.1 25294.4 397.339 24897.1 21682 3215.08 19287.7 7994.76 2643.2 14476 1169.04 418.785 5351.55 11292.9 1212.43 10080.5 325.809 13307 194.924 13112.1 3138.94 160.423 9973.12
internal_count=58756 39152 18436 37 18399 17846 553 20716 6880 2591 19604 402 300 4289 13836 1653 12183 288 19202 102 19100 3555 76 15545
is_linear=0
shrinkage=0.03


Tree=4
num_leaves=25
num_cat=0
split_feature=39 15 9 10 9 22 11 33 31 10 20 33 33 11 22 31 36 3 26 10 10 31 11 29
split_gain=107.777 46.2658 34.9177 47.7426 24.1472 26.9264 10.959 8.30904 25.5677 17.1801 7.42027 7.93698 19.7477 7.36962 4.48912 3.8122 3.13905 2.69803 2.44662 1.67981 15.1645 0.428057 0.354725 0.273033
threshold=1.0000000180025095e-35 -1.2937155961990354 0.54713237285614025 0.36919142305850988 0.069021213799715056 0.55607157945632946 -0.18771857768297193 76.25858306884767 284.05000305175787 0.014588997233659031 431.29876708984381 49.253591537475593 64.580108642578139 -0.43537032604217524 0.24549948424100879 16.983333587646488 0.36480470001697546 -15.525191307067869 5.886056345019015e-13 0.02035543974488974 0.018715891987085346 1051.5666503906252 -0.47482204437255854 1556.5000000000002
decision_type=2 2 2 2 2 2 2 2 2 2 2 2 2 2 2 2 2 2 2 2 2 2 2 2
left_child=1 2 4 -4 5 -1 7 22 9 -9 14 17 -13 -6 16 -16 -3 -12 21 20 -20 -8 -2 -23
right_child=6 10 3 -5 13 -7 18 8 -10 -11 11 12 -14 -15 15 -17 -18 -19 19 -21 -22 23 -24 -25
leaf_value=0.25093046567414096 2.4061711989599397 -0.36325679676485378 3.1011642736285459 -0.59173199151584677 0.12297669016595675 1.0238594854081777 -0.92240085181613374 1.7561712752538852 -0.88824961258433321 4.766670617604162 0.45113384592800754 3.1991404057422805 0.38120262863158855 -0.37043573516896883 0.35536377882084191 -0.091327945963254595 -0.097171540225451727 -0.49636173696584129 -0.82831085405941418 -0.92240085181613374 1.2225585969357184 -0.92240085181613374 -0.92245442403546862 -0.92240085181613374
leaf_weight=14471.639721393585 29.224877774715424 6585.5254095196724 170.16076564788818 227.17840003967285 348.99628776311874 7210.3453508019447 9502.1054482460022 70.612693667411804 177.59458577632904 81.447442173957825 51.990929961204529 119.73850345611572 356.01665425300598 2866.0798465013504 841.0559738278389 7554.261833012104 3454.5646185874939 324.51914596557617 2871.9987903237343 1136.2468276023865 35.547287464141846 196.47549533843994 228.40672045946121 146.36000639200211
leaf_count=14091 25 7852 13 24 175 3755 14063 51 111 16 34 70 268 378 620 7347 4355 170 4316 368 10 264 143 237
internal_value=0 0.000568482 0.00141255 0.0102356 0.00127094 0.00163099 -0.00241074 0.0015865 0.00475336 0.013779 -0.000537682 0.00219416 0.00477328 -0.00115244 -0.000664844 -0.000150806 -0.00109315 -0.00102703 -0.00258089 -0.0019472 -0.00155347 -0.00283954 -0.00240894 -0.00168303
internal_weight=0 44582.1 25294.4 397.339 24897.1 21682 14476 587.286 329.655 152.06 19287.7 852.265 475.755 3215.08 18435.4 8395.32 10040.1 376.51 13888.7 4043.79 2907.55 9844.94 257.632 342.836
internal_count=58756 39152 18436 37 18399 17846 19604 346 178 67 20716 542 338 553 20174 7967 12207 204 19258 4694 4326 14564 168 501
is_linear=0
shrinkage=0.03


Tree=5
num_leaves=26
num_cat=0
split_feature=39 15 9 10 9 22 11 12 33 22 10 10 13 26 0 25 9 36 26 10 10 36 26 30 30
split_gain=111.263 47.203 44.8837 29.9119 23.7645 27.5742 10.9091 10.1964 14.4957 9.43219 12.3363 16.0009 6.82841 4.23423 3.79062 3.66515 6.10281 3.48466 2.90723 1.85229 21.079 1.63529 0.885244 0.624722 1.37499
threshold=1.0000000180025095e-35 -1.2937155961990354 0.54713237285614025 0.36919142305850988 0.078500002622604384 0.59029695391654979 -0.18771857768297193 0.71422952413558971 118.77382659912111 0.33974103629589086 0.12331828847527505 0.11031517758965494 -2.0344679355621333 0.0010996261262334885 0.35424999892711645 0.1526102423667908 0.12969527393579486 0.4207314401865006 5.886056345019015e-13 0.02035543974488974 0.018715891987085346 -1.0057955384254453 -0.00026759499451145524 1095.714294433594 1416.7857055664065
decision_type=2 2 2 2 2 2 2 2 2 2 2 2 2 2 2 2 2 2 2 2 2 2 2 2 2
left_child=1 2 4 -4 5 -1 7 8 22 15 11 -11 -6 21 -12 17 -17 -3 23 20 -20 -9 -2 -8 -25
right_child=6 9 3 -5 12 -7 18 13 -10 10 14 -13 -14 -15 -16 16 -18 -19 19 -21 -22 -23 -24 24 -26
leaf_value=0.24027942181683903 1.5604631506558602 -0.35040966459276979 2.0154555981060875 0.24184279607978706 -0.028339350708294599 0.98940675135535283 -0.89472882626164973 0.71475026888754178 0.53319646418422784 0.3213549830017714 -0.51802311347267149 1.7622677375219804 -0.30938363844203975 9.5725842601446818 -0.04702141774226419 1.2533463384066159 0.044114578781020555 -0.10861611491827013 -0.75346152605344596 -0.89472882626164973 1.1358819153215922 -0.81718123875277049 -0.89478079131440458 2.2397911692293779 -0.89472882626164973
leaf_weight=15098.471457600594 45.737155437469482 7128.6390834450722 183.25005531311035 196.96620726585388 160.35916113853455 6850.6077207922935 9506.7482712268829 24.850778937339783 80.11914187669754 1910.5172337293625 581.82159131765366 275.08039528131485 2648.3272522687912 19.660066246986389 4279.1171731352806 19.362801849842072 1348.4703185558319 3540.4091603159904 2836.9424460530281 1146.239930331707 27.950690448284149 340.16113531589508 53.713252246379852 104.21743643283844 224.0959632396698
leaf_count=14613 8 8610 14 23 17 3425 14156 20 21 1829 145 183 436 13 3538 25 1821 4480 4272 372 9 271 23 138 342
internal_value=0 0.000627965 0.00148209 0.0117096 0.00132419 0.00165697 -0.00240728 0.00166435 0.00756668 -0.000496373 0.000373762 0.00224665 -0.0012709 -0.00105823 -0.000465395 -0.001007 0.000446932 -0.00119482 -0.00257434 -0.00188213 -0.00146332 -0.00183091 0 -0.00285502 -0.00146899
internal_weight=0 44221.4 25138 380.216 24757.8 21949.1 14410.4 564.242 179.57 19083.4 7046.54 2185.6 2808.69 384.672 4860.94 12036.9 1367.83 10669 13846.2 4011.13 2864.89 365.012 99.4504 9835.06 328.313
internal_count=58804 39159 18528 37 18491 18038 19645 356 52 20631 5695 2012 453 304 3683 14936 1846 13090 19289 4653 4281 291 31 14636 480
is_linear=0
shrinkage=0.03


Tree=6
num_leaves=28
num_cat=0
split_feature=39 15 10 15 10 5 10 33 11 12 33 22 10 15 4 25 25 8 25 22 11 10 10 11 11 28 28
split_gain=107.566 42.2703 26.3727 26.5096 26.1544 18.9028 13.6362 11.4329 10.852 10.1964 14.4957 9.50434 9.78808 12.6598 5.73328 4.05997 3.95561 5.0367 2.03539 2.00046 1.78673 1.71483 21.9045 0.681318 0.495369 0.241838 0.199658
threshold=1.0000000180025095e-35 -1.1607540249824522 0.32348060607910162 -1.3655122518539426 0.50947561860084545 -29.597450256347653 0.037902845069766052 85.253837585449233 -0.18771857768297193 0.71422952413558971 118.77382659912111 0.33974103629589086 0.12331828847527505 -0.94804024696350087 -27.964778900146481 -0.0055178445763885966 0.1526102423667908 0.12484395503997804 -2.0816682538902295e-17 0.095123045146465315 -0.29801544547080988 0.02035543974488974 0.018715891987085346 -0.47482204437255854 -0.21354664862155912 1003.5000000000001 232.50000000000003
decision_type=2 2 2 2 2 2 2 2 2 2 2 2 2 2 2 2 2 2 2 2 2 2 2 2 2 2 2
left_child=1 2 5 4 -4 7 -7 -1 9 10 -2 16 13 -13 -14 -11 20 -18 21 26 -3 22 -10 -17 -5 -21 -20
right_child=8 11 3 24 -6 6 -8 -9 18 15 -12 12 14 -15 -16 23 17 -19 19 25 -22 -23 -24 -25 -26 -27 -28
leaf_value=1.8497657078447793 -0.46414157633752279 -0.15862414858122967 2.8978319284974856 -0.42990415293973078 1.1029559620100395 0.47308726067678297 -0.051521970171121798 0.10133284111579775 -0.86788696147380029 9.2854067323403413 0.51720057025870103 1.7424952258460138 0.45110629513205047 0.30120039036752588 -0.15634460747070025 2.9085434786305702 0.42274348828362585 0.0051429162057369379 3.5784689019743694 -0.86788696147380029 -0.32480985963659648 -0.86788696147380029 1.1018054578619445 -0.83606054270068608 -0.54711687999859493 -0.86788696147380029 1.1107269738737837
leaf_weight=971.22446769475937 99.450407683849335 3247.0594663023949 260.42757964134216 105.59429728984833 477.21873217821121 16617.164711833 7366.8926358819008 391.81019300222397 3485.3421905040741 20.363833785057068 80.11914187669754 468.2236887216568 505.40179860591888 1382.5037040114403 4091.3466592431068 47.047376215457916 68.233317792415619 1299.5998026132584 12.244124889373778 8532.4941357970238 6803.6262653470039 1491.7829087376595 27.381196260452271 317.26077049970627 165.0722918510437 276.73313802480698 20.217043519020081
leaf_count=475 31 4001 30 24 66 16506 2099 342 5361 13 21 354 376 1384 3230 52 87 1759 19 13066 8402 417 8 239 24 396 22
internal_value=0 0.000587777 0.00135159 0.00611199 0.00906047 0.00116151 0.00096536 0.00460042 -0.00239661 0.00166435 0.00756668 -0.000538147 0.000380953 0.00222394 -0.00035796 -0.00105823 -0.00105843 0.000446932 -0.00256323 -0.00284163 -0.0012648 -0.00206816 -0.00169562 -0.00182865 -0.00187005 -0.00287013 0.00436541
internal_weight=0 44221.4 26355.4 1008.31 737.646 25347.1 23984.1 1363.03 14410.4 564.242 179.57 17866 6447.48 1850.73 4596.75 384.672 11418.5 1367.83 13846.2 8841.69 10050.7 5004.51 3512.72 364.308 270.667 8809.23 32.4612
internal_count=58804 39159 19566 144 96 19422 18605 817 19645 356 52 19593 5344 1738 3606 304 14249 1846 19289 13503 12403 5786 5369 291 48 13462 41
is_linear=0
shrinkage=0.03


Tree=7
num_leaves=26
num_cat=0
split_feature=8 15 9 10 9 22 11 22 7 32 33 31 10 13 36 25 26 24 25 10 10 28 33 11 33
split_gain=104.766 41.6233 37.2926 22.7814 20.9502 25.6264 9.43286 8.01747 11.0786 10.2395 7.60266 21.038 19.2541 6.77637 3.92892 3.53019 2.8 2.78964 2.70551 1.66908 21.5795 0.773694 2.00116 0.435458 0.459321
threshold=1.0000000180025095e-35 -1.2937155961990354 0.54713237285614025 0.36919142305850988 0.078500002622604384 0.59029695391654979 -0.18771857768297193 0.33974103629589086 0.23634916543960574 49.320428848266609 76.25858306884767 284.05000305175787 0.018715891987085346 -2.0344679355621333 0.4207314401865006 0.1526102423667908 5.886056345019015e-13 -0.0014444918488152323 0.1526102423667908 0.02035543974488974 0.018715891987085346 869.50000000000011 232.13334655761722 -0.47482204437255854 41.081954956054695
decision_type=2 2 2 2 2 2 2 2 2 2 2 2 2 2 2 2 2 2 2 2 2 2 2 2 2
left_child=6 2 4 -4 5 -2 10 14 9 -9 23 12 -12 -6 18 -10 21 -16 -3 20 -18 -8 -23 24 -1
right_child=1 7 3 -5 13 -7 16 8 15 -11 11 -13 -14 -15 17 -17 19 -19 -20 -21 -22 22 -24 -25 -26
leaf_value=3.05885129609565 0.211903590714589 -0.33353566858636718 1.8680569723079801 0.20149883333709218 -0.025943511081912105 0.94938995126829129 -0.8418503526295863 -0.04092043698587524 -0.37982939752021899 0.70308441639503372 0.60035880039369915 -0.84100025590016303 4.3834920674595645 -0.3123251747025797 0.20041168355647151 0.0045842740554884638 -0.7548210738118144 -0.18245094389953956 0.033061960552206456 -0.8418503526295863 1.0687512941260862 13.898634042996711 -0.8418503526295863 -0.81097872641966551 -1.0718691780078802
leaf_weight=17.776097357273102 15176.93146276474 7185.5885034203529 183.25005531311035 196.96620726585388 160.35916113853455 6853.6844514012337 9373.7424715161324 2663.8125993013382 1443.0100480914116 2230.1861327886581 92.083479464054108 177.00905853509903 72.688846707344055 2607.7275365591049 1390.2334904670715 799.55420470237732 2733.1272596120834 2537.1350520253181 980.87373822927475 1045.7572583556175 27.381196260452271 44.837523877620697 364.23859018087387 252.11485809087753 21.766596376895905
leaf_count=16 14676 8620 14 23 17 3430 14025 2002 888 1950 67 129 13 431 1756 871 4150 3242 1328 353 8 42 580 157 16
internal_value=0 0.000552204 0.00135501 0.0106782 0.00121125 0.00152064 -0.00240618 -0.000498157 0.000297636 0.00109948 0.00115521 0.0042044 0.0119204 -0.00124555 -0.000968988 -0.00144541 -0.00257333 -0.000184792 -0.00134425 -0.00187087 -0.00147265 -0.002845 -0.00148759 -0.00236774 0.000223871
internal_weight=0 44409.3 25178.9 380.216 24798.7 22030.6 14222.5 19230.4 7136.56 4894 633.439 341.781 164.772 2768.09 12093.8 2242.56 13589.1 3927.37 8166.46 3806.27 2760.51 9782.82 409.076 291.658 39.5427
internal_count=58804 39248 18591 37 18554 18106 19556 20657 5711 3952 398 209 80 448 14946 1759 19158 4998 9948 4511 4158 14647 622 189 32
is_linear=0
shrinkage=0.03


Tree=8
num_leaves=29
num_cat=0
split_feature=39 15 10 9 9 19 33 4 20 32 33 25 10 10 6 30 8 36 26 2 12 5 28 32 29 26 32 29
split_gain=103.974 37.8514 26.7545 21.6119 20.3544 18.2167 14.628 11.6554 8.22443 11.6487 17.7192 5.51268 4.53243 60.875 4.40377 3.95282 5.41957 3.28527 1.98349 1.83741 0.992622 1.77534 0.74171 2.68727 1.28783 0.403893 3.87905 0.142443
threshold=1.0000000180025095e-35 -1.2937155961990354 0.32348060607910162 0.078500002622604384 0.0053704844322055587 -33.639150619506829 51.387145996093757 5.6158189773559579 209.04925537109378 47.187690734863288 64.580108642578139 -2.1264074945293029e-08 0.02035543974488974 0.018715891987085346 -7.7539625167846671 18.928571701049808 0.027262460440397266 0.4207314401865006 -0.00038672873051837081 -10.608738899230955 1.4937903881073 -29.597450256347653 1003.5000000000001 287.76985168457037 1195.5000000000002 5.886056345019015e-13 10.802511215209963 263.50000000000006
decision_type=2 2 2 2 2 2 2 2 2 2 2 2 2 2 2 2 2 2 2 2 2 2 2 2 2 2 2 2
left_child=1 2 3 4 -1 6 -4 -7 15 19 -11 12 13 18 -5 16 -3 -17 -2 -10 -14 -22 25 24 -24 -13 -27 -25
right_child=11 8 5 14 -6 7 -8 -9 9 10 -12 22 20 -15 -16 17 -18 -19 -20 -21 21 -23 23 27 -26 26 -28 -29
leaf_value=0.10314444350767046 1.509562739414499 2.2332793343794215 -0.25303763112461375 -0.032572261756215262 0.62590989032168387 1.6850117554356918 2.0272864710623884 -0.37463512316720304 0.4686126582639612 2.733792206275524 0.49979613395638239 -0.81659484205069877 -0.81659484205069877 0.55618514633940652 -0.30569379071634267 -0.23600828701753088 0.077616385523361586 -0.037626761099989567 -0.54099913921750131 -0.3990870771626247 6.3490786689500593 -0.81659484205069877 0.92388947728165316 0.083405157949301201 13.48167502170681 1.4678234844927807 -0.83217643921327411 -0.81659484205069877
leaf_weight=8898.7925355434418 30.583545625209808 121.30363094806671 204.4503298997879 286.34359759092331 12762.638256788254 343.92808222770691 142.70185303688049 193.08467179536819 64.511591374874115 204.16028302907944 566.09560394287109 8934.0463436841965 1481.2880475521088 90.522439122200012 2306.0425274968147 11243.080892682076 1251.8531764149666 5107.9143781661987 2549.8577682971954 524.49820107221603 50.040142118930817 90.397904098033905 49.261247158050537 16.285774409770966 26.481479704380035 15.091595649719237 733.55595970153809 343.02402067184448
leaf_count=8568 11 119 21 63 9426 55 13 26 49 152 495 13902 405 18 356 12309 1046 6059 3475 402 18 30 74 27 22 21 1107 535
internal_value=0 0.000537494 0.00130237 0.00111468 0.00142484 0.00643049 0.011796 0.00292631 -0.000469278 0.00177632 0.0042086 -0.00239661 -0.00148796 -0.000720509 -0.0014709 -0.000642384 0.000898317 -0.000772713 -0.0015762 -0.00137984 -0.00274209 -0.000213185 -0.00278055 -0.00149116 0.00354547 -0.00283686 -0.00208855 -0.00259802
internal_weight=0 44221.4 25138 24253.8 21661.4 884.165 347.152 537.013 19083.4 1359.27 770.256 14410.4 4292.69 2670.96 2592.39 17724.2 1373.16 16351 2580.44 589.01 1621.73 140.438 10117.7 435.053 75.7427 9682.69 748.648 359.31
internal_count=58804 39159 18528 18413 17994 115 34 81 20631 1098 647 19645 3957 3504 419 19533 1165 18368 3486 451 453 48 15688 658 96 15030 1128 562
is_linear=0
shrinkage=0.03


Tree=9
num_leaves=27
num_cat=0
split_feature=39 0 11 22 10 6 22 6 26 20 12 11 12 36 22 31 26 0 26 30 10 10 36 30 30 26
split_gain=103.896 33.7943 19.6306 21.0453 24.3185 15.7713 13.2609 16.3575 16.1244 11.3124 23.9026 8.856 7.374 11.3423 6.00125 7.31526 4.23423 3.19402 3.14841 2.01029 1.99802 20.9895 1.63529 0.624722 1.37499 0.601874
threshold=1.0000000180025095e-35 0.30924999713897711 -0.18771857768297193 0.59029695391654979 0.28144015371799475 -7.7539625167846671 1.7242037653923037 -6.473655939102172 0.0080279712565243262 789.98171997070324 1.2059555649757387 -0.18771857768297193 0.71422952413558971 -0.11098020151257514 0.32534801959991461 16.983333587646488 0.0010996261262334885 2.4414999485015874 5.886056345019015e-13 152.21428680419925 0.02035543974488974 0.018715891987085346 -1.0057955384254453 1095.714294433594 1416.7857055664065 -0.00026759499451145524
decision_type=2 2 2 2 2 2 2 2 2 2 2 2 2 2 2 2 2 2 2 2 2 2 2 2 2 2
left_child=1 2 3 4 -1 -5 8 -8 -4 14 19 12 13 25 17 -16 22 -3 23 -11 21 -20 -14 -13 -25 -2
right_child=11 9 6 5 -6 -7 7 -9 -10 10 -12 18 16 -15 15 -17 -18 -19 20 -21 -22 -23 -24 24 -26 -27
leaf_value=0.20650167880595588 0.38817030789950724 -0.31037502754574459 0.21307913737834369 1.4268654818010851 1.2420543469852721 0.73995614469101889 0.57197804380537409 -0.34496323275351165 1.6901122605671302 -0.37559898836057909 2.9100480985755799 -0.79209699678917789 0.71660878726665034 0.014298583574749252 0.57675345781970966 -0.051173460108144192 8.6848674082778423 -0.10895663262092056 -0.7072111484210617 2.0024095573717728 -0.79209699678917789 1.0200032009121214 -0.77041939045055041 1.8194393029243943 -0.79209699678917789 -0.8134537843157319
leaf_weight=5998.4532489776611 43.864811897277832 6349.191266477108 12304.42139929533 1158.2735374569893 60.879900813102722 3363.9490247368813 176.88569855690002 2748.7526313662529 461.6310133934021 123.64079922437668 72.178010284900665 9506.7482712268829 24.850778937339783 81.640159249305725 672.93075996637344 5667.081268966198 19.660066246986389 4907.8704553842545 2836.9424460530281 155.26059710979462 1146.239930331707 27.950690448284149 340.16113531589508 104.21743643283844 224.0959632396698 54.064578413963318
leaf_count=5697 7 7767 11431 556 13 1115 34 440 187 81 27 14156 20 19 444 4984 13 6252 4272 131 372 9 271 138 342 26
internal_value=0 0.000520255 0.00120587 0.00220489 0.0010455 0.00375475 0.00053118 -0.00128825 0.000949354 -0.000482541 0.00484122 -0.00241274 0.00125264 0.00627547 -0.000589742 0.000146416 -0.00105823 -0.00100567 -0.00256323 0.000790624 -0.0018438 -0.00140965 -0.00183091 -0.00285502 -0.00146899 -0.000470183
internal_weight=0 44221.4 26273.2 10581.6 6059.33 4522.22 15691.7 2925.64 12766.1 17948.2 351.079 14410.4 564.242 179.57 17597.1 6340.01 384.672 11257.1 13846.2 278.901 4011.13 2864.89 365.012 9835.06 328.313 97.9294
internal_count=58804 39159 19473 7381 5710 1671 12092 474 11618 19686 239 19645 356 52 19447 5428 304 14019 19289 212 4653 4281 291 14636 480 33
is_linear=0
shrinkage=0.03


Tree=10
num_leaves=22
num_cat=0
split_feature=39 15 9 9 22 10 6 11 20 24 32 31 10 26 36 26 10 10 10 5 10
split_gain=96.4643 30.2598 16.0166 15.349 23.6625 15.0159 10.9252 7.88171 7.16112 7.94587 6.54454 5.97746 5.84463 5.67251 3.73335 3.3799 2.26181 2.18744 14.324 1.43837 0.926367
threshold=1.0000000180025095e-35 -1.2937155961990354 0.54713237285614025 0.069021213799715056 0.55607157945632946 0.36919142305850988 -48.550420761108391 -0.18771857768297193 287.13992309570318 -0.30654329061508173 47.187690734863288 21.583333969116214 0.17655493319034579 -0.00038672873051837081 0.4207314401865006 5.886056345019015e-13 0.045278901234269149 0.02035543974488974 0.018715891987085346 -16.867696762084957 0.014588997233659031
decision_type=2 2 2 2 2 2 2 2 2 2 2 2 2 2 2 2 2 2 2 2 2
left_child=1 2 3 4 -1 -4 -5 13 11 19 -11 12 -3 -2 -13 -9 20 18 -17 -10 -15
right_child=7 8 5 6 -6 -7 -8 15 9 10 -12 14 -14 16 -16 17 -18 -19 -20 -21 -22
leaf_value=0.1938550216912889 0.23596603685519929 0.55955049773754773 1.8700186177904143 3.2933068350542958 0.91166650487385725 -2.8312861826308757 -0.2363209106383585 -0.76833408688550253 0.45608948231928664 -0.36480709301866454 1.2285225765255496 -0.27668546127607102 -0.12634003506023211 -0.5823270306184628 -0.048118389647019408 -0.603552835356716 7.1837635715578818 -0.76833408688550253 1.0394030285908125 0.76012445665420869 -0.063785875651458254
leaf_weight=14475.795025408268 110.69046020507812 615.35844540596008 157.07147598266602 83.252034902572632 6837.0852577090263 180.78239393234253 2907.9767969250679 9762.6478127837181 24.203502655029297 441.000767827034 592.67245674133301 11034.344417572021 1090.4521474838257 310.6307737827301 5072.921838581562 2820.4003750085831 28.075003862380981 1182.8917261362076 36.819395005702972 20.786537647247314 143.53204602003098
leaf_count=14176 20 405 12 18 3667 22 505 14515 24 300 486 12435 807 289 5982 4255 7 357 12 7 45
internal_value=0 0.000395185 0.0010879 0.000996926 0.00127968 0.00757689 -0.00101256 -0.00243748 -0.000507589 0.00186184 0.00130515 -0.000651959 0.00103262 0.000930151 -0.000831319 -0.00258326 -0.00044862 -0.00184275 -0.00138321 0.0141674 -0.000991987
internal_weight=0 43533.7 24642 24304.1 21312.9 337.854 2991.23 14395.7 18891.7 1078.66 1033.67 17813.1 1705.81 592.928 16107.3 13802.8 482.238 4040.11 2857.22 44.99 454.163
internal_count=58346 38846 18400 18366 17843 34 523 19500 20446 817 786 19629 1212 361 18417 19139 341 4624 4267 31 334
is_linear=0
shrinkage=0.03


Tree=11
num_leaves=24
num_cat=0
split_feature=39 15 9 9 22 31 11 11 20 24 12 36 33 31 25 25 26 36 26 25 5 36 26
split_gain=93.9852 27.8811 16.2539 14.6229 21.4097 10.4615 7.80281 7.40886 6.67027 8.03452 6.50859 8.71779 6.18139 5.5701 5.04551 4.33358 3.57433 3.51129 1.6862 2.30408 1.43837 1.05776 0.657637
threshold=1.0000000180025095e-35 -1.2937155961990354 0.54713237285614025 0.069021213799715056 0.55607157945632946 48.283332824707038 -0.18771857768297193 -1.0160754323005674 287.13992309570318 -0.30654329061508173 0.71422952413558971 -0.11098020151257514 49.253591537475593 21.583333969116214 -0.00079068023478612293 -0.0055178445763885966 5.886056345019015e-13 0.4207314401865006 0.00027286108525004243 1.0000000180025095e-35 -16.867696762084957 -1.0057955384254453 -9.5496565336361514e-05
decision_type=2 2 2 2 2 2 2 2 2 2 2 2 2 2 2 2 2 2 2 2 2 2 2
left_child=1 2 3 4 -1 -4 10 -5 13 20 11 22 -11 14 -3 -12 -8 -15 19 -18 -10 -17 -2
right_child=6 8 5 7 -6 -7 16 -9 9 12 15 -13 -14 17 -16 21 18 -19 -20 -21 -22 -23 -24
leaf_value=0.18803937104055016 0.36944621755686596 -0.16877473838001755 -1.1098741909734626 0.94316318907185803 0.88431650972764164 1.7938461097829923 -0.74528406427893745 -0.2214734340281207 0.44240679784970804 -0.36300034313151852 8.2088084788827711 0.56046460762124151 1.2042623788556477 -0.26838489743778876 0.35886919217646962 0.69702409991819458 -0.58544625029601449 -0.046674837957608725 -0.74528406427893745 1.5559570423949283 0.7373207229545824 -0.7298369978184801 -0.77158035986770601
leaf_weight=14475.795025408268 41.445706367492676 584.24548882246017 158.72888588905334 93.029680609703064 6837.0852577090263 179.1249840259552 9762.6478127837181 2898.1991512179375 24.203502655029297 463.45558339357376 19.179919004440308 86.290789842605591 570.21764117479324 11034.344417572021 1121.5651040673256 26.299377202987671 2992.5623029470444 5072.921838581562 1022.2067022919655 25.342490911483765 20.786537647247314 365.08600389957428 54.626487553119659
leaf_count=14176 8 451 18 52 3667 16 14515 471 24 312 12 18 474 12435 761 22 4188 5982 399 37 7 276 25
internal_value=0 0.000375499 0.00104044 0.000948806 0.0012248 0.00757689 -0.00242052 -0.00101256 -0.000491046 0.0017956 0.000930151 0.00565201 0.00123604 -0.000630402 0.000995622 -0.00113502 -0.00256557 -0.00080356 -0.0018047 -0.00143757 0.0141674 -0.00185693 -0.000421531
internal_weight=0 43533.7 24642 24304.1 21312.9 337.854 14395.7 2991.23 18891.7 1078.66 592.928 182.363 1033.67 17813.1 1705.81 410.565 13802.8 16107.3 4040.11 3017.9 44.99 391.385 96.0722
internal_count=58346 38846 18400 18366 17843 34 19500 523 20446 817 361 51 786 19629 1212 310 19139 18417 4624 4225 31 298 33
is_linear=0
shrinkage=0.03


Tree=12
num_leaves=24
num_cat=0
split_feature=8 15 9 10 9 22 6 11 26 22 12 15 26 36 10 25 25 10 10 36 37 28 30
split_gain=93.255 26.8604 16.4088 15.0159 12.8976 18.5173 10.7992 6.25734 6.35498 6.14883 8.12936 6.58366 3.24973 3.12976 2.64011 2.55731 2.53959 1.99168 15.5646 0.933721 0.794103 0.131877 0.128758
threshold=1.0000000180025095e-35 -1.2937155961990354 0.54713237285614025 0.36919142305850988 0.069021213799715056 0.55607157945632946 -48.550420761108391 -0.18771857768297193 -0.00038672873051837081 0.2814797461032868 0.75071495771408092 -0.54904720187187184 5.886056345019015e-13 0.4207314401865006 0.045278901234269149 0.1526102423667908 0.00063489697640761744 0.02035543974488974 0.018715891987085346 1.472323536872864 17.229567527771 766.50000000000011 1416.7857055664065
decision_type=2 2 2 2 2 2 2 2 2 2 2 2 2 2 2 2 2 2 2 2 2 2 2
left_child=7 2 4 -4 5 -2 -6 8 -1 13 20 -12 21 15 19 -3 -15 18 -14 -10 -11 -9 -23
right_child=1 9 3 -5 6 -7 -8 12 14 10 11 -13 17 16 -16 -17 -18 -19 -20 -21 -22 22 -24
leaf_value=-0.10441064557264007 0.18239818990933357 -0.33999232149086261 1.7601026759632121 -2.7130513714227456 3.2011518330235109 0.85702245267788979 -0.21042016267375102 -0.72292554235056938 -0.4699597967054136 -0.51602933460834288 0.38194474042348092 -0.030384308498470246 -0.65032484139884783 0.1798693320266932 6.7219864100446625 0.059821235045011321 -0.17797458466874302 -0.72292554235056938 1.0257843252419685 0.33929728673721099 -0.30760127326999309 -0.72292554235056938 -0.72292554235056938
leaf_weight=137.88878345489502 14546.028297960758 6534.7672449946404 157.07147598266602 180.78239393234253 83.252034902572632 6846.8179758787155 2841.198500931263 9220.6284245848656 459.1075131893158 974.37017285823822 2674.1885887980461 4211.1316738128662 2726.4254428744316 1429.4439753293991 28.075003862380981 839.94798976182938 2096.9546628594398 1086.9437210559845 34.27045476436615 37.904290854930878 314.64419251680374 268.22491014003754 199.32296627759933
leaf_count=24 14223 7755 12 22 18 3679 497 13846 347 289 2148 4593 4145 1760 7 1144 2698 339 8 27 90 371 304
internal_value=0 0.000355459 0.00100963 0.00757689 0.000917621 0.00117338 -0.000948083 -0.0024426 0.000383165 -0.000489285 0.0001311 0.000542201 -0.00258212 -0.000955849 -0.001099 -0.00130775 -0.000215598 -0.00183325 -0.00139412 -0.00163227 -0.00205254 -0.00287787 -0.00222407
internal_weight=0 43730.6 24655.2 337.854 24317.3 21392.8 2924.45 14198.8 662.976 19075.4 8174.33 6885.32 13535.8 10901.1 525.087 7374.72 3526.4 3847.64 2760.7 497.012 1289.01 9688.18 467.548
internal_count=58346 38928 18451 34 18417 17902 515 19418 405 20477 7120 6741 19013 13357 381 8899 4458 4492 4153 374 379 14521 675
is_linear=0
shrinkage=0.03


Tree=13
num_leaves=26
num_cat=0
split_feature=39 15 6 22 10 10 36 10 7 22 12 15 24 10 10 26 36 26 22 5 13 5 12 28 12
split_gain=91.7725 24.4884 12.4888 27.9549 20.9748 12.713 11.1173 7.72697 7.3496 6.1052 7.14894 6.01756 5.43482 3.71298 42.6366 6.00281 2.849 2.31871 2.20503 1.81178 1.41982 1.26954 1.71688 0.727716 0.247927
threshold=1.0000000180025095e-35 -1.2937155961990354 -2.3269088268280025 0.59029695391654979 0.032404528930783279 0.17655493319034579 1.0000000180025095e-35 0.22290066629648211 0.003402554895728827 0.2814797461032868 0.75071495771408092 -0.54904720187187184 -5.450345036406289e-13 0.02035543974488974 0.018715891987085346 -0.00038672873051837081 0.66752737760543834 -0.020536644384264943 0.11845926567912103 -4.1070332527160636 1.201397776603699 -29.597450256347653 1.275549113750458 232.50000000000003 1.2059555649757387
decision_type=2 2 2 2 2 2 2 2 2 2 2 2 2 2 2 2 2 2 2 2 2 2 2 2 2
left_child=1 2 3 5 -5 -1 7 -4 -8 16 20 -12 13 14 15 -2 17 -3 23 -18 -11 22 -15 -14 -20
right_child=12 9 6 4 -6 -7 8 -9 -10 10 11 -13 18 21 -16 -17 19 -19 24 -21 -22 -23 -24 -25 -26
leaf_value=0.17119223565568767 2.5430862234637619 0.015466882189698281 -0.088619337428055403 1.2273345084817371 1.5915050281684044 1.4195485950392375 0.076926282359026169 0.45487669864026392 0.81146305425291898 -0.46702533632825705 0.3706039496343117 -0.027385879182064272 -0.35915899735532936 -0.6952129441039584 0.60307203342765681 -0.55314102836747081 0.43580529217645037 -0.32979255184613682 -0.70123777608005222 -0.10763023115963065 -0.099715885383514224 -0.70123777608005222 5.4379982901141872 0.88797050896095675 -1.406638002755471
leaf_weight=4822.1963560581207 26.782392024993896 1047.8082212805748 9653.5979808568954 924.74888724088669 1244.115304350853 115.61304086446762 2861.7132408618927 662.74234420061111 4357.2358304262161 894.5371817946434 2668.493646800518 4189.5918609499931 17.445507168769836 66.679932951927185 81.341639816761017 3225.172890484333 700.37035888433456 6970.5533454418182 9329.9068990945816 2094.1103466153145 326.27515214681625 1570.9674706459045 46.284335076808929 18.5085608959198 12.597964644432066
leaf_count=4572 8 1365 7249 543 375 47 2553 121 2940 253 2147 4588 27 13 15 4673 844 8442 14309 2691 116 403 23 18 11
internal_value=0 0.000344155 0.000967343 0.00202894 0.00486887 0.000778142 0.000536198 -9.43321e-05 0.00143929 -0.000467928 0.000154398 0.00053267 -0.00241874 -0.00161459 -0.00102709 -0.00156936 -0.000934276 -0.00122192 -0.00284724 -0.000103491 -0.00195766 -0.00276796 0.000180288 0.00436268 -0.00287682
internal_weight=0 43533.7 24642 7106.67 2168.86 4937.81 17535.3 10316.3 7218.95 18891.7 8078.9 6858.09 14395.7 5017.23 3333.3 3251.96 10812.8 8018.36 9378.46 2794.48 1220.81 1683.93 112.964 35.9541 9342.5
internal_count=58346 38846 18400 5537 918 4619 12863 7370 5493 20446 7104 6735 19500 5135 4696 4681 13342 9807 14365 3535 369 439 36 45 14320
is_linear=0
shrinkage=0.03


Tree=14
num_leaves=29
num_cat=0
split_feature=39 15 6 8 15 36 25 10 20 24 8 33 25 10 10 26 30 10 25 5 5 12 26 33 33 21 30 30
split_gain=90.4205 23.5142 12.1493 19.6625 13.5197 10.581 10.1365 7.71464 6.61473 8.00268 6.10819 6.03707 4.9774 4.30173 31.1289 5.84585 3.93377 9.19409 3.30775 1.43837 1.24467 1.71688 0.497566 0.89383 3.6298 0.30989 0.260334 0.709091
threshold=1.0000000180025095e-35 -1.2937155961990354 -2.3269088268280025 0.0091268909163773077 -2.0854616165161128 1.0000000180025095e-35 -0.0025281236739829178 0.22290066629648211 287.13992309570318 -0.30654329061508173 0.62850299477577221 49.253591537475593 -2.1264074945293029e-08 0.02035543974488974 0.018715891987085346 -0.00038672873051837081 22.773809432983402 0.041473247110843665 0.1526102423667908 -16.867696762084957 -29.597450256347653 1.275549113750458 5.886056345019015e-13 21.710494995117191 19.599835395812992 0.97478729486465465 458.07142639160162 505.57142639160162
decision_type=2 2 2 2 2 2 2 2 2 2 2 2 2 2 2 2 2 2 2 2 2 2 2 2 2 2 2 2
left_child=1 2 3 6 -5 7 -1 -4 16 19 -7 -11 13 14 15 -2 17 -3 -18 -10 21 -15 26 24 -24 -25 -14 -28
right_child=12 8 5 4 -6 10 -8 -9 9 11 -12 -13 22 20 -16 -17 18 -19 -20 -21 -22 -23 23 25 -26 -27 27 -29
leaf_value=-0.26148318519205915 2.4667936367598498 1.0643813722202171 -0.0859607573052137 1.7205240244837847 0.71176520164568435 0.48858331131582583 0.52485169540410159 0.44123039768105604 0.43086769954463283 -0.37948800528379206 1.825913945598006 1.1455580467882447 -0.68020064279765069 -0.67435655578083975 0.5833442338238467 -0.46861883131650539 -0.20241591648993348 -0.012419759675845438 0.12035186063933252 0.71693420689636078 -0.68020064279765069 5.2748583414107619 -0.71422086292167253 -0.71422086292167253 1.6167791393671458 -0.88060405257023155 0.019799376275835633 -0.68020064279765069
leaf_weight=1742.6890544891357 26.782392024993896 212.39887619018555 9653.5979808568954 1170.6189901828766 1043.1110336184502 7166.5919126272202 3150.2545102238655 662.74234420061111 24.203502655029297 463.45558339357376 52.357158660888672 570.21764117479324 8404.8690741062164 66.679932951927185 82.034806072711945 2556.7635518312454 14238.026445865631 1627.8717479109764 1734.7797790765762 20.786537647247314 1574.2085163593292 46.284335076808929 53.532453596591949 569.2094401717186 18.508560657501221 160.22756534814835 82.576657593250275 754.01030701398849
leaf_count=1233 8 175 7249 576 698 5489 3030 121 24 312 4 474 13170 13 16 3510 15823 1330 2301 7 404 23 93 990 25 92 94 1062
internal_value=0 0.000337837 0.000948508 0.00199558 0.00434313 0.000523252 0.000930071 -9.18481e-05 -0.000457918 0.00181935 0.00140429 0.00126082 -0.00240463 -0.00154916 -0.00079067 -0.00137519 -0.000596707 0.000712407 -0.00074849 0.0141674 -0.00273804 0.000180288 -0.00277381 -0.00198882 0.00105325 -0.00231033 -0.00284016 -0.00224553
internal_weight=0 43533.7 24642 7106.67 2213.73 17535.3 4892.94 10316.3 18891.7 1078.66 7218.95 1033.67 14395.7 4352.75 2665.58 2583.55 17813.1 1840.27 15972.8 44.99 1687.17 112.964 10042.9 801.478 72.041 729.437 9241.46 836.587
internal_count=58346 38846 18400 5537 1274 12863 4263 7370 20446 817 5493 786 19500 3974 3534 3518 19629 1505 18124 31 440 36 15526 1200 118 1082 14326 1156
is_linear=0
shrinkage=0.03


end of trees

feature_importances:
price_std_60d=53
price_std_20d=26
macd_histogram=24
bb_width=22
macd_signal=22
price_log=21
volume_zscore_30d=21
price_zscore_30d=20
vol_regime_60_30=17
volume_std_60d=17
volume_mean_7d=15
price_std_14d=12
macd_line=12
rsi_missing=12
return_30d=11
return_60d=10
autocorr_7d=8
volume_mean_30d=8
volume_std_30d=8
volume_lag_1d=7
price_lag_1d=4
return_14d=4
volume_lag_7d=4
price_std_7d=3
trend_divergence_30_60=3
bb_pct_b=2
return_3d=1
return_7d=1
autocorr_1d=1
volume_price_conf_7d=1

parameters:
[boosting: gbdt]
[objective: quantile]
[metric: quantile]
[tree_learner: serial]
[device_type: cpu]
[data_sample_strategy: bagging]
[data: ]
[valid: ]
[num_iterations: 1000]
[learning_rate: 0.03]
[num_leaves: 31]
[num_threads: -1]
[seed: 91]
[deterministic: 0]
[force_col_wise: 0]
[force_row_wise: 0]
[histogram_pool_size: -1]
[max_depth: 5]
[min_data_in_leaf: 15]
[min_sum_hessian_in_leaf: 0.001]
[bagging_fraction: 0.7]
[pos_bagging_fraction: 1]
[neg_bagging_fraction: 1]
[bagging_freq: 5]
[bagging_seed: 2784]
[feature_fraction: 0.8]
[feature_fraction_bynode: 1]
[feature_fraction_seed: 29510]
[extra_trees: 0]
[extra_seed: 8681]
[early_stopping_round: 0]
[early_stopping_min_delta: 0]
[first_metric_only: 0]
[max_delta_step: 0]
[lambda_l1: 0.5]
[lambda_l2: 0.5]
[linear_lambda: 0]
[min_gain_to_split: 0.1]
[drop_rate: 0.1]
[max_drop: 50]
[skip_drop: 0.5]
[xgboost_dart_mode: 0]
[uniform_drop: 0]
[drop_seed: 8477]
[top_rate: 0.2]
[other_rate: 0.1]
[min_data_per_group: 100]
[max_cat_threshold: 32]
[cat_l2: 10]
[cat_smooth: 10]
[max_cat_to_onehot: 4]
[top_k: 20]
[monotone_constraints: ]
[monotone_constraints_method: basic]
[monotone_penalty: 0]
[feature_contri: ]
[forcedsplits_filename: ]
[refit_decay_rate: 0.9]
[cegb_tradeoff: 1]
[cegb_penalty_split: 0]
[cegb_penalty_feature_lazy: ]
[cegb_penalty_feature_coupled: ]
[path_smooth: 0]
[interaction_constraints: ]
[verbosity: -1]
[saved_feature_importance_type: 0]
[use_quantized_grad: 0]
[num_grad_quant_bins: 4]
[quant_train_renew_leaf: 0]
[stochastic_rounding: 1]
[linear_tree: 0]
[max_bin: 63]
[max_bin_by_feature: ]
[min_data_in_bin: 3]
[bin_construct_sample_cnt: 200000]
[data_random_seed: 335]
[is_enable_sparse: 1]
[enable_bundle: 1]
[use_missing: 1]
[zero_as_missing: 0]
[feature_pre_filter: 0]
[pre_partition: 0]
[two_round: 0]
[header: 0]
[label_column: ]
[weight_column: ]
[group_column: ]
[ignore_column: ]
[categorical_feature: ]
[forcedbins_filename: ]
[precise_float_parser: 0]
[parser_config_file: ]
[objective_seed: 29977]
[num_class: 1]
[is_unbalance: 0]
[scale_pos_weight: 1]
[sigmoid: 1]
[boost_from_average: 1]
[reg_sqrt: 0]
[alpha: 0.9]
[fair_c: 1]
[poisson_max_delta_step: 0.7]
[tweedie_variance_power: 1.5]
[lambdarank_truncation_level: 30]
[lambdarank_norm: 1]
[label_gain: ]
[lambdarank_position_bias_regularization: 0]
[eval_at: ]
[multi_error_top_k: 1]
[auc_mu_weights: ]
[num_machines: 1]
[local_listen_port: 12400]
[time_out: 120]
[machine_list_filename: ]
[machines: ]
[gpu_platform_id: -1]
[gpu_device_id: -1]
[gpu_use_dp: 0]
[num_gpu: 1]

end of parameters

pandas_categorical:[]
