tree
version=v4
num_class=1
num_tree_per_iteration=1
label_index=0
max_feature_idx=19
objective=quantile
feature_names=event_decay_major event_density_30d_major event_density_90d_major event_decay_operation event_density_30d_operation event_density_90d_operation event_decay_case_drop event_density_30d_case_drop event_density_90d_case_drop event_decay_update event_density_30d_update event_density_90d_update event_decay_game_update event_density_30d_game_update event_density_90d_game_update event_decay_major_weighted event_decay_operation_weighted event_decay_case_drop_weighted event_decay_update_weighted event_decay_game_update_weighted
feature_infos=[0.031220927834510803:0.98347145318984985] [0:2] [0:3] [1.5229979055675358e-08:0.95349693298339844] [0:1] [0:1] [0:0.93106275796890259] [0:1] [0:3] none none none [0:0.86687791347503662] [0:2] [0:3] [0:0.98347145318984985] [0:0.95349693298339844] [0:0.93106275796890259] none [0:0.26006338000297546]
tree_sizes=1830 1901 1910 1898

Tree=0
num_leaves=16
num_cat=0
split_feature=0 3 0 6 0 13 0 3 0 14 0 0 3 2 3
split_gain=242.217 149.877 120.892 51.2658 139.352 88.4173 70.2425 83.9274 68.4331 31.5437 14.0387 13.768 4.86266 3.02746 2.58641
threshold=0.059310715645551688 0.27002508938312536 0.039757162332534797 1.0000000180025095e-35 0.14588082581758502 1.5000000000000002 0.50917410850524913 6.1887472838861881e-05 0.12144441530108453 2.5000000000000004 0.048559507355093963 0.048559507355093963 0.00022386250930139798 1.0000000180025095e-35 0.88801717758178722
decision_type=2 2 2 2 2 2 2 2 2 2 2 2 2 2 2
left_child=1 2 12 6 8 -6 9 -8 -5 -2 -4 13 -1 -3 -13
right_child=3 11 10 4 5 -7 7 -9 -10 -11 -12 14 -14 -15 -16
leaf_value=-15.150149112255511 -14.70715132357474 -14.762065115388895 -17.759367308911351 -15.603703271835476 -15.113357538486643 -17.070091190988265 -15.824508276666602 -15.013027130909238 -16.970936733684493 -15.323185100907677 -16.386204988718553 -15.486248046864668 -16.059039101508528 -15.732179187645455 -15.776848808157828
leaf_weight=1125.4373088479042 64823.900475144386 3702.3923555016518 2431.4080327153206 11875.50441801548 152402.57195436954 1369.4338725209236 8635.0641980171204 14571.714083373547 3250.3812729120255 6281.7454143762589 3280.7076981067657 596.15866053104401 1787.854318857193 196.95333111286163 375.7005380988121
leaf_count=1221 61638 3922 2345 11363 154411 1099 8584 14968 3353 7115 3680 602 1853 210 390
internal_value=-15.1899 -15.2002 -15.2064 -15.1894 -15.1902 -15.1895 -15.1879 -15.1917 -15.1974 -15.1867 -15.2131 -15.1891 -15.1933 -15.187 -15.1975
internal_weight=276707 13496.6 8625.41 263210 168898 153772 94312.4 23206.8 15125.9 71105.6 5712.12 4871.2 2913.29 3899.35 971.859
internal_count=276754 14223 9099 262531 170226 155510 92305 23552 14716 68753 6025 5124 3074 4132 992
is_linear=0
shrinkage=1


Tree=1
num_leaves=16
num_cat=0
split_feature=0 3 19 0 19 12 19 3 0 12 19 12 3 3 3
split_gain=196.438 123.605 96.6899 95.911 74.0267 56.9816 37.9783 25.5631 53.142 22.8177 21.9548 5.1206 4.31558 2.33362 0.258399
threshold=0.059310715645551688 0.27002508938312536 1.0000000180025095e-35 0.039757162332534797 5.6753237664963771e-09 0.0026690770173445348 0.0010655319783836605 0.0024211175041273241 0.52643263339996349 5.409343459272798e-11 0.00045218283776193863 0.0047263880260288724 0.00022386250930139798 0.39522977173328405 0.88801717758178722
decision_type=2 2 2 2 2 2 2 2 2 2 2 2 2 2 2
left_child=1 3 7 12 9 -6 -5 8 -2 -4 13 -9 -1 -3 -12
right_child=2 10 4 6 5 -7 -8 11 -10 -11 14 -13 -14 -15 -16
leaf_value=0.036597012566469356 0.30404717557634486 -0.070425247075622283 -0.046239871713472137 -1.6120976327013279 0.19281643813610494 -0.28091041058240984 -1.0193451044149191 0.48455374051396127 -0.27349213395120126 -0.85206638924535438 -0.5700956840005259 0.31510234745006926 -0.80073482951743358 0.49148453596571484 -0.5472162901355293
leaf_weight=1125.4373088479042 60232.722785949707 1189.4934249520302 1916.0475019812584 5156.9437213540077 36495.552176773548 61610.795697152615 555.17200946807861 41439.443316042423 25854.83199006319 7261.7882744073868 235.43838977813721 28399.133946359158 1787.854318857193 3221.8758601546288 224.39721035957336
leaf_count=1221 59979 1244 1745 5525 34196 53716 500 44679 27664 6482 191 34070 1853 3491 198
internal_value=4.99028e-05 -0.00921357 0.000525071 -0.0148757 -0.0012939 -0.000660896 -0.0208056 0.00177686 0.000868227 -0.00805574 0.000804723 0.00289632 -0.00323376 0.00251949 -0.015545
internal_weight=276707 13496.6 263210 8625.41 107284 98106.3 5712.12 155926 86087.6 9177.84 4871.2 69838.6 2913.29 4411.37 459.836
internal_count=276754 14223 262531 9099 96139 87912 6025 166392 87643 8227 5124 78749 3074 4735 389
is_linear=0
shrinkage=0.0787314


Tree=2
num_leaves=16
num_cat=0
split_feature=19 3 3 3 15 15 12 6 17 12 3 17 12 4 12
split_gain=77.7159 124.95 98.6408 126.018 88.5098 99.4575 81.068 63.4872 112.645 34.1491 25.3615 20.727 13.2464 3.13258 0.903802
threshold=0.00045218283776193863 7.8760091781759924e-08 0.008757788687944414 0.02269908040761948 1.0000000180025095e-35 0.06305538117885591 1.0000000180025095e-35 6.2650819018017514e-05 1.4767914535696039e-07 0.011137348134070637 0.0049456821288913497 0.00019847867224598306 0.25805204361677175 1.0000000180025095e-35 0.014820604119449856
decision_type=2 2 2 2 2 2 2 2 2 2 2 2 2 2 2
left_child=4 9 12 -4 7 6 -6 8 -1 13 -7 -9 -3 -2 -11
right_child=1 2 3 -5 5 10 -8 11 -10 14 -12 -13 -14 -15 -16
leaf_value=0.23048716268920202 -0.85374260904778143 0.0317896827154295 -2.1628096148565161 -0.10017763455732172 -2.4523093542743508 -0.28821734621369915 0.022467117943627938 0.89941993891581684 -0.59795389708670621 -0.41121116526685775 0.15282645089069408 0.25923358456298423 0.42469806503904617 -0.6606023219448659 -0.12887956368086956
leaf_weight=75277.316327989101 961.89150196313858 26134.434889495373 11429.875846683979 19675.748477220535 3285.8149442672729 41105.705766260624 2207.8212833404541 26178.362086296082 12781.087202131748 211.61062264442444 32350.541436076164 16331.029863715172 8399.393303155899 103.54648846387863 272.74789279699326
leaf_count=71422 889 23056 8751 17968 3075 44333 2816 30925 12058 204 38546 14916 7427 93 275
internal_value=0.00010312 -0.00222669 -0.00170425 -0.00492032 0.000850448 -0.00123025 -0.0114483 0.00210888 0.000902079 -0.0243209 -0.000465455 0.00460779 0.00119144 -0.0322082 -0.00687469
internal_weight=276707 67189.2 65639.5 31105.6 209518 78949.9 5493.64 130568 88058.4 1549.8 73456.2 42509.4 34533.8 1065.44 484.359
internal_count=276754 58663 57202 26719 218091 88770 5891 129321 83480 1461 82879 45841 30483 982 479
is_linear=0
shrinkage=0.0787314


Tree=3
num_leaves=16
num_cat=0
split_feature=3 16 13 6 15 16 15 14 15 16 17 15 16 3 15
split_gain=46.1866 172.134 60.3848 87.9985 49.7131 157.683 117.381 26.7132 19.8495 39.6158 14.0588 4.87015 5.34856 4.28823 2.81076
threshold=0.02269908040761948 0.0036037757527083163 1.0000000180025095e-35 0.04475709795951844 1.0000000180025095e-35 1.0000000180025095e-35 0.06305538117885591 1.0000000180025095e-35 0.5149209499359132 0.0063815480098128327 0.17567586898803714 0.38146281242370611 0.0077205598354339608 0.040195416659116752 0.56907567381858837
decision_type=2 2 2 2 2 2 2 2 2 2 2 2 2 2 2
left_child=1 4 10 -4 5 -1 -6 11 9 -9 -3 12 -2 -10 -13
right_child=7 2 3 -5 6 -7 -8 8 13 -11 -12 14 -14 -15 -16
leaf_value=1.0809330967932462 1.0390711787722906 -2.3210975332281736 0.15928119847623054 -2.735354478400899 -1.8982445851138903 -0.0607459119593192 -0.15145936126600457 0.79167018460513683 0.11844371336545485 0.018305205993594767 0.94124488685058916 -0.35769796855889718 0.37020468654947258 -0.29726003677398954 0.30468378800183082
leaf_weight=28126.753425180912 5719.2907973527908 4117.711496591568 1426.5354976654053 4325.964340031147 4121.6946231722832 99949.481611430645 50640.297375500202 14159.397294938564 2541.2441834807396 34311.882588982582 874.40742033720016 929.06803578138351 12693.267770767212 10495.711634337902 2274.2198369503021
leaf_count=33850 7050 3138 1404 2739 4146 88951 55585 17525 2855 31727 720 1133 10757 12368 2806
internal_value=0.000153697 -0.000512685 -0.0101972 -0.0156974 5.62406e-05 0.000905347 -0.0019289 0.00170606 0.000868542 0.00160248 -0.00385032 0.00408735 0.00458106 -0.00185717 0.00123694
internal_weight=276707 193583 10744.6 5752.5 182838 128076 54762 83124.1 61508.2 48471.3 4992.12 21615.8 18412.6 13037 3203.29
internal_count=276754 190533 8001 4143 182532 122801 59731 86221 64475 49252 3858 21746 17807 15223 3939
is_linear=0
shrinkage=0.0787314


end of trees

feature_importances:
event_decay_operation=15
event_decay_major=10
event_decay_game_update=7
event_decay_major_weighted=7
event_decay_game_update_weighted=5
event_decay_operation_weighted=4
event_decay_case_drop=3
event_decay_case_drop_weighted=3
event_density_30d_game_update=2
event_density_90d_game_update=2
event_density_90d_major=1
event_density_30d_operation=1

parameters:
[boosting: gbdt]
[objective: quantile]
[metric: quantile]
[tree_learner: serial]
[device_type: cpu]
[data_sample_strategy: bagging]
[data: ]
[valid: ]
[num_iterations: 1000]
[learning_rate: 0.0787314]
[num_leaves: 23]
[num_threads: -1]
[seed: 73]
[deterministic: 0]
[force_col_wise: 0]
[force_row_wise: 0]
[histogram_pool_size: -1]
[max_depth: 4]
[min_data_in_leaf: 10]
[min_sum_hessian_in_leaf: 0.001]
[bagging_fraction: 0.7]
[pos_bagging_fraction: 1]
[neg_bagging_fraction: 1]
[bagging_freq: 5]
[bagging_seed: 5921]
[bagging_by_query: 0]
[feature_fraction: 0.65]
[feature_fraction_bynode: 1]
[feature_fraction_seed: 22355]
[extra_trees: 0]
[extra_seed: 3536]
[early_stopping_round: 0]
[early_stopping_min_delta: 0]
[first_metric_only: 0]
[max_delta_step: 0]
[lambda_l1: 0.5]
[lambda_l2: 0.5]
[linear_lambda: 0]
[min_gain_to_split: 0.1]
[drop_rate: 0.1]
[max_drop: 50]
[skip_drop: 0.5]
[xgboost_dart_mode: 0]
[uniform_drop: 0]
[drop_seed: 14602]
[top_rate: 0.2]
[other_rate: 0.1]
[min_data_per_group: 100]
[max_cat_threshold: 32]
[cat_l2: 10]
[cat_smooth: 10]
[max_cat_to_onehot: 4]
[top_k: 20]
[monotone_constraints: ]
[monotone_constraints_method: basic]
[monotone_penalty: 0]
[feature_contri: ]
[forcedsplits_filename: ]
[refit_decay_rate: 0.9]
[cegb_tradeoff: 1]
[cegb_penalty_split: 0]
[cegb_penalty_feature_lazy: ]
[cegb_penalty_feature_coupled: ]
[path_smooth: 0]
[interaction_constraints: ]
[verbosity: -1]
[saved_feature_importance_type: 0]
[use_quantized_grad: 0]
[num_grad_quant_bins: 4]
[quant_train_renew_leaf: 0]
[stochastic_rounding: 1]
[linear_tree: 0]
[max_bin: 63]
[max_bin_by_feature: ]
[min_data_in_bin: 3]
[bin_construct_sample_cnt: 200000]
[data_random_seed: 277]
[is_enable_sparse: 1]
[enable_bundle: 1]
[use_missing: 1]
[zero_as_missing: 0]
[feature_pre_filter: 0]
[pre_partition: 0]
[two_round: 0]
[header: 0]
[label_column: ]
[weight_column: ]
[group_column: ]
[ignore_column: ]
[categorical_feature: ]
[forcedbins_filename: ]
[precise_float_parser: 0]
[parser_config_file: ]
[objective_seed: 8155]
[num_class: 1]
[is_unbalance: 0]
[scale_pos_weight: 1]
[sigmoid: 1]
[boost_from_average: 1]
[reg_sqrt: 0]
[alpha: 0.1]
[fair_c: 1]
[poisson_max_delta_step: 0.7]
[tweedie_variance_power: 1.5]
[lambdarank_truncation_level: 30]
[lambdarank_norm: 1]
[label_gain: ]
[lambdarank_position_bias_regularization: 0]
[eval_at: ]
[multi_error_top_k: 1]
[auc_mu_weights: ]
[num_machines: 1]
[local_listen_port: 12400]
[time_out: 120]
[machine_list_filename: ]
[machines: ]
[gpu_platform_id: -1]
[gpu_device_id: -1]
[gpu_use_dp: 0]
[num_gpu: 1]

end of parameters

pandas_categorical:[]
