tree
version=v4
num_class=1
num_tree_per_iteration=1
label_index=0
max_feature_idx=54
objective=quantile
feature_names=price_lag_1d return_1d return_3d return_7d return_14d return_30d return_60d price_std_7d price_std_14d price_std_20d price_std_30d price_std_60d price_zscore_30d vol_regime_60_30 trend_divergence_30_60 price_accel_7d price_log price_tier log_return_1d log_return_7d autocorr_1d autocorr_7d bb_pct_b bb_width rsi_14 macd_line macd_signal macd_histogram distance_to_support distance_to_resistance volume_missing volume_lag_1d volume_lag_7d volume_mean_30d volume_std_30d volume_std_60d volume_log_change_1d volume_log_change_7d volume_zscore_30d volume_price_conf_7d volume_price_conf_1d rsi_missing macd_missing dow_sin dow_cos events_next_30d_major events_next_30d_operation events_next_30d_case_drop events_next_30d_update events_next_30d_game_update item_type_graffiti item_type_skin item_type_sticker item_type_unknown item_volume_vs_market_30d
feature_infos=[0.029999999329447746:960.7130126953125] [-99.536705017089844:500] [-99.492156982421875:500] [-99.509979248046875:500] [-99.901214599609375:500] [-99.499412536621094:500] [-99.499412536621094:500] [0:167.40560913085938] [0:119.09705352783203] [0:135.57257080078125] [0:112.72939300537109] [0:97.889312744140625] [-4.8795590400695801:5.2946515083312988] [0.70205938816070557:761.94976806640625] [-112984214994944:140802198077440] [-599.50994873046875:534.69384765625] [-3.5065579414367676:6.86767578125] [0:4] [-5.3745660781860352:6.8952875137329102] [-5.3184762001037598:6.9452981948852539] [-49768.35546875:222115.390625] [-49754.98828125:50974.09765625] [-0.51409953832626343:1.5621322393417358] [0.0062784175388514996:17.437114715576172] [0:99.844482421875] [-24.237356185913086:40.936752319335938] [-16.600063323974609:26.537761688232422] [-17.223386764526367:29.474584579467773] [1.9274705665090278e-14:106457.8984375] [0.010915839113295078:106457.8984375] none [1:197735] [1:197735] [1:125869.734375] [0:64217.12890625] [0:67507.5625] [-6.4329400062561035:6.5171170234680176] [-6.0185933113098145:7.2102642059326172] [-4.1069283485412598:5.2931628227233887] [-99.499412536621094:500] [-99.341239929199219:500] [0:1] [0:1] [-0.97492790222167969:0.97492790222167969] [-0.90096884965896606:1] [0:1] [0:1] [0:1] none [0:2] [0:1] [0:1] [0:1] none [0.00099037075415253639:352.26205444335938]
tree_sizes=5791 5783 5794

Tree=0
num_leaves=55
num_cat=0
split_feature=16 28 24 49 22 1 6 1 29 45 32 42 4 34 12 11 4 16 26 51 3 33 33 34 29 13 7 33 13 12 4 33 32 11 12 11 7 6 11 25 4 6 1 12 11 28 20 11 16 36 10 33 11 16
split_gain=4275.71 326.238 194.611 155.244 117.654 94.7847 71.5959 57.6896 56.841 39.3689 38.1216 36.9944 26.635 24.0503 23.3695 22.226 21.7001 25.8703 24.482 19.1443 17.6316 17.1508 16.0447 14.3745 13.5973 12.3673 11.9188 11.6318 10.4927 10.1533 8.43164 8.33664 8.87258 8.80726 8.07245 7.68825 7.557 7.12384 6.8966 11.1356 6.1803 5.73942 5.6054 5.60198 5.33066 5.03584 5.01092 4.23772 4.07913 4.038 3.99769 3.8421 3.72486 3.53669
threshold=-3.498293280601501 29.89500713348389 24.784466743469242 1.5000000000000002 0.32998028397560125 20.574491500854496 48.891017913818366 6.2271454334259042 11.112301826477053 1.0000000180025095e-35 160.50000000000003 1.0000000180025095e-35 -7.0058116912841788 232.34822845458987 -1.1317120194435117 1.0000000180025095e-35 48.985910415649421 1.1074068546295168 -0.056707743555307381 1.0000000180025095e-35 -0.45980340242385859 386.48333740234381 144.716667175293 63.000858306884773 21.140814781188968 1.1506533622741701 0.0287621608003974 275.27618408203131 3.2061209678649907 -0.39232787489891047 16.778962135314945 20.550000190734867 127.50000000000001 0.097955368459224715 -1.0341094732284544 0.018933954648673538 0.14102355390787127 -3.9470664262771602 0.0098819518461823481 -0.0053111254237592212 -6.0602989196777335 -3.9470664262771602 -1.5355953574180601 -1.1801905035972593 0.01159889902919531 61.77666091918946 20.875432968139652 0.001341272203717381 -2.4621715545654292 0.14686600118875506 0.023672609589993957 597.16668701171886 0.013725080061703922 -1.9501707553863523
decision_type=2 2 2 2 2 2 2 2 2 2 2 2 2 2 2 2 2 2 2 2 2 2 2 2 2 2 2 2 2 2 2 2 2 2 2 2 2 2 2 2 2 2 2 2 2 2 2 2 2 2 2 2 2 2
left_child=4 2 8 6 23 11 7 10 27 13 -4 16 22 30 46 -6 17 18 -3 40 -9 44 25 43 35 -10 -24 53 -19 38 -5 -13 -33 -34 42 -8 -26 52 41 -40 -7 -17 -29 -1 -18 -21 -14 -31 49 -42 -39 -23 -25 -2
right_child=1 5 3 9 15 19 24 20 12 -11 -12 31 14 -15 -16 29 21 28 -20 45 -22 51 26 37 36 -27 -28 34 -30 47 -32 32 33 -35 -36 -37 -38 50 39 -41 48 -43 -44 -45 -46 -47 -48 -49 -50 -51 -52 -53 -54 -55
leaf_value=0.36685654256842665 0.27063187437475938 -1.2846222478914924 0.10582400215936105 1.1070819091127391 0 0.14668331027130393 -0.73818694125213746 0.036120607261908931 0.05191366205552677 -0.17751123577690209 0 -0.021422281019161618 -0.83376488140079941 -0.021023297676469897 -2.136963011727373 0.18342827128421332 -0.58904102745919984 0.067269044867351191 -0.32609470158975423 -1.3773630646556108 -0.24731901687220617 0.47602871858092433 -0.4431823909085707 0.36685654256842665 -1.1959188465952715 -0.4446745859206761 -1.0650674409010379 0.21011289806240599 0.63301040060266767 0 -0.10190459588677478 -1.6636517560978448 -2.1345481434528351 -0.49159689033729848 -0.58431848845791201 -0.061651073914121592 -0.635713343634148 0 0 0 -1.1838587983941358 0 -0.20208199467717147 0.18342827128421332 -1.6465944736808031 -3.8844798087911037 -0.16801030813301973 0 -2.5530029619435153 -0.13070224915409814 0 -0.59397989070598223 0 0.19308239358755355
leaf_weight=82.59308797121048 99.203317821025848 217.20541912317276 31421.777874708176 1169.327695608139 24733.033868968487 71.903347671031952 121.50149899721146 1119.4379367232323 588.51937878131866 134.60512953996658 15286.735530614853 112.17863714694977 90.289309918880463 119.45212686061859 673.2667042016983 97.572450518608093 103.00345200300217 752.49933594465256 5143.5405558943748 386.76517683267593 2994.7649453282356 85.778244495391846 1486.1452009677887 93.840488314628601 522.2325810790062 620.97183048725128 639.57787442207336 65.210572123527527 82.14247077703476 1312.3294987678528 31.604928195476532 578.40715509653091 160.09835600852966 120.48714983463287 61.086187303066254 282.22019797563553 70.879777312278748 158.25954067707062 94.629145383834839 399.08393061161041 108.753433406353 314.50342750549316 59.87003219127655 274.8270970582962 748.83697903156281 1129.67298412323 173.492063164711 5593.6132483482361 222.2961311340332 119.83415323495865 46.252331435680389 60.735436320304871 42.391142070293427 229.05126428604126
leaf_count=65 17 48 28391 1432 32147 42 141 903 537 141 19005 30 46 134 162 131 95 622 4091 212 2387 35 1820 117 267 557 606 22 27 1750 33 162 76 25 32 330 40 143 70 161 66 339 49 174 426 317 46 2382 118 75 41 45 32 104
internal_value=-0.00932906 -0.00144609 0.000146882 0.00110378 -0.0255132 -0.0105199 0.000603654 0.000892275 -0.0104782 0.0188277 0.00144441 -0.00784624 -0.0125678 0.0217416 -0.0208783 -0.0259931 -0.00645958 -0.00521637 -0.00662679 -0.0211622 -0.00534813 -0.0140513 -0.0101944 -0.00297851 -0.0139873 -0.00498032 -0.0131056 0.0066531 0.00370784 -0.0233114 0.0240869 -0.0179873 -0.0198534 -0.0110106 -0.00387396 -0.00578213 -0.0193681 -0.0111445 -0.0173361 -0.0219894 -0.0116368 -0.0114548 0.00341171 0.00450875 -0.0170589 -0.0243637 -0.00640365 -0.0240766 -0.0140609 -0.00799671 -0.017644 0.00268613 -0.000527892 0.0129513
internal_weight=101508 68265.4 58061.2 53274.5 33242.9 10204.1 51819.6 50822.7 4786.68 1454.99 46708.5 8164.91 4272.26 1320.38 937.048 32544.8 7193.74 6195.39 5360.75 2039.23 4114.2 998.354 3335.21 698.164 996.834 1209.49 2125.72 514.421 834.642 7811.73 1200.93 971.171 858.993 280.586 186.167 403.722 593.112 340.744 905.789 493.713 522.787 412.076 125.081 357.42 851.84 1516.44 263.781 6905.94 450.884 228.588 204.512 146.514 136.232 328.255
internal_count=101266 63714 57202 53204 37552 6512 51464 50686 3998 1740 47396 5682 3774 1599 254 36980 5389 4788 4139 830 3290 601 3520 572 778 1094 2426 224 649 4833 1465 293 263 101 103 471 307 333 701 231 301 470 71 239 521 529 92 4132 259 141 184 80 149 121
is_linear=0
shrinkage=0.0550285


Tree=1
num_leaves=55
num_cat=0
split_feature=16 2 24 12 6 4 9 38 26 6 7 25 26 4 11 8 4 9 16 11 35 33 35 37 33 12 16 38 54 38 1 11 10 1 11 12 16 34 25 35 5 25 33 35 51 11 54 34 25 7 31 25 27 26
split_gain=4350.39 343.738 157.777 116.033 113.293 62.8797 46.6559 41.857 47.5176 29.7968 28.2096 21.9003 21.3891 20.0591 19.8892 18.4247 18.3894 17.2459 23.6004 16.1248 14.7604 14.1491 12.987 12.8536 12.285 9.47954 8.8749 8.41637 8.38246 8.09227 7.82352 7.57005 7.4969 6.68641 6.13539 7.11243 5.73592 5.66318 6.82422 5.63982 5.20062 5.18381 5.16261 5.12723 4.50192 3.96523 3.48627 7.44233 3.26803 2.94699 2.77032 2.69054 2.3584 2.01441
threshold=-3.498293280601501 18.615480422973636 24.784466743469242 -0.62143209576606739 35.114305496215827 16.778962135314945 0.006069866009056569 0.23001936078071597 1.0000000180025095e-35 -2.498775720596313 0.026094608008861545 0.00016265972953988242 0.060027761384844787 48.985910415649421 1.0000000180025095e-35 0.047250123694539077 -36.14793395996093 0.089185230433940901 -0.67432591319084156 0.01159889902919531 12.378100872039797 275.27618408203131 8.5754051208496112 0.43206816911697393 93.772224426269545 -1.1317120194435117 -0.87107911705970753 -1.146844148635864 3.706984400749207 -0.2986395508050918 13.26772451400757 0.0061324695125222215 0.027476907707750801 20.574491500854496 0.0034658000804483895 -0.32215704023838038 -2.9907571077346797 9.9267430305480975 -0.00039518158882856364 15.664955139160158 -4.7072968482971183 -0.00246070884168148 118.9833335876465 64.16361236572267 1.0000000180025095e-35 0.0043483225163072356 0.32221156358718878 59.753629684448249 -0.00095887287170626212 0.0011370343854650857 16.500000000000004 0.019128621555864814 -1.0000000180025095e-35 -0.00036177071160636837
decision_type=2 2 2 2 2 2 2 2 2 2 2 2 2 2 2 2 2 2 2 2 2 2 2 2 2 2 2 2 2 2 2 2 2 2 2 2 2 2 2 2 2 2 2 2 2 2 2 2 2 2 2 2 2 2
left_child=3 2 6 19 5 7 21 8 -4 -9 28 27 17 22 -5 20 42 18 -6 31 -8 -2 -14 -19 -13 -18 -22 -7 30 52 37 46 43 40 35 -16 -31 38 -3 41 -12 -36 -17 -21 -34 -39 49 -48 -35 -1 -32 -41 -23 -49
right_child=1 10 4 14 12 11 15 9 -10 -11 33 24 13 -15 34 16 25 23 -20 32 26 29 -24 -25 -26 -27 -28 -29 -30 36 50 -33 44 48 39 -37 -38 45 -40 51 -42 -43 -44 -45 -46 -47 47 53 -50 -51 -52 -53 -54 -55
leaf_value=-0.010093779452548943 0.44947321391201889 0.33349361696489255 -0.015667428182408079 0 -0.6384714408573211 0.13238068039511211 0.29338341566118931 0.28802629540911584 0.11876945203752209 0.062962269099776938 -0.13269046356839759 -0.38958508274510167 -0.64154288104351731 -1.0794503325999303 0 0.38920293267174949 -0.61324395204866433 -0.93143867239166667 0.15548310864304313 0 -0.45403876830937023 -0.1243379775729434 0.18265445392358942 -0.55313439474726445 0.093928395306717108 -1.6626660841486356 -0.089052612472636086 -0.68890126475947533 2.4179508799124165 0.45729717497566863 -0.76595410836699362 0.5300972680673548 0 -1.4609406674013745 0 0 -0.061511344585624128 0.29036273847030575 -0.24566499800718675 0 -1.5119365466766013 0 -0.86555601482923783 0 0.36685654256842665 -0.92296467757303369 0.35676276311587773 0.16324071237911544 -3.946327698256836 0 -1.2739917311751929 0 -1.0278457009034658 0
leaf_weight=79.822770655155182 228.56087392568588 73.639464795589447 23213.61416631937 24733.033868968487 2413.3036052584648 104.51714116334915 87.307024240493774 7592.0431735515594 12041.8674249053 9496.0484402775764 77.125862419605255 1165.4848336577415 80.47587376832962 130.26705980300903 327.11536365747452 108.07853275537491 1081.0404425859451 440.96970301866531 359.62030720710754 116.60278844833374 1671.7831741571426 53.957349061965942 738.42184048891068 103.7174374461174 962.96216613054276 862.3791675567627 446.4999515414238 958.58444803953171 56.720630347728729 48.561064004898071 168.65875363349915 93.997621357440948 56.476874709129333 99.058658838272095 137.32177668809891 1788.2263350486755 89.088814079761505 50.342769265174866 108.16933071613312 5062.1149426698685 900.13568526506424 152.79082304239273 136.70328253507614 167.40092116594315 36.460307598114014 532.01637470722198 85.381480157375336 81.458882451057434 1051.661877989769 72.157944738864899 484.30866467952728 192.44889044761658 47.667006552219391 60.117665827274323
leaf_count=73 54 42 21996 32147 2258 43 42 8110 12879 8724 50 949 59 58 395 67 1069 201 322 45 1616 76 607 49 1031 377 535 464 46 25 112 73 45 37 28 2312 72 60 70 1848 410 35 97 117 33 420 91 115 311 65 362 44 14 86
internal_value=-0.00918837 -0.00123689 -0.000313448 -0.0255132 0.000459881 0.00112557 -0.00984678 0.00158452 0.000497526 0.00382055 -0.0177801 -0.00636514 -0.00817697 -0.000765638 -0.0260406 -0.0116148 -0.015249 -0.0102633 -0.00842857 -0.00527171 -0.00795408 0.0065125 0.00231223 -0.0193695 -0.00307264 -0.0170413 -0.00890128 -0.0128446 -0.0117523 -0.00244596 -0.0126141 0.00128632 -0.0137727 -0.0218959 -0.0234594 -0.0205597 0.00567501 -0.00852396 0 -0.0245419 -0.0180768 -0.0158505 -0.000560378 -0.0181988 0 -0.0111669 -0.00193527 0.00199989 -0.0250252 -0.00850587 -0.0172121 -0.0249977 -0.0144663 -0.00516659
internal_weight=101508 68265.4 64663.5 33242.9 59801.9 55535.1 4861.63 52343.6 35255.5 17088.1 3601.84 3191.55 4266.78 949.165 32393.1 4393.79 2188.2 3317.61 2772.92 849.877 2205.59 467.835 818.898 544.687 2128.45 1943.42 2118.28 1063.1 1473.86 239.274 1417.14 472.936 376.941 2127.98 7660.02 2115.34 137.65 764.168 181.809 5544.68 977.262 290.113 244.782 284.004 92.9372 582.359 378.939 226.958 1150.72 151.981 652.967 5254.56 101.624 141.577
internal_count=101266 63714 61794 37552 57750 54196 4044 51709 34875 16834 1920 2487 3554 724 36809 3803 1610 2830 2580 743 2193 241 666 250 1980 1446 2151 507 1112 187 1066 503 240 808 4662 2707 97 592 112 1955 460 63 164 162 78 480 430 292 348 138 474 1892 90 201
is_linear=0
shrinkage=0.0550285


Tree=2
num_leaves=55
num_cat=0
split_feature=16 2 49 12 24 28 49 23 38 35 23 26 23 14 13 23 8 54 13 35 5 10 13 1 35 28 33 23 35 12 54 40 26 23 5 34 36 33 14 14 20 12 26 32 12 10 23 35 1 28 10 10 9 54
split_gain=4399.67 320.705 183.088 133.351 132.682 113.581 53.0363 50.6142 44.6083 39.9092 33.8962 31.1161 29.6069 29.5437 29.287 18.6859 17.6209 14.6104 13.8332 13.3509 13.0989 12.0739 11.3754 11.0347 9.65818 8.54084 8.12601 7.90488 6.56081 9.50714 6.27366 5.83216 5.5627 5.28142 4.74236 4.23959 3.97272 3.85592 3.67667 4.93534 3.4932 3.43618 3.30863 2.81504 2.79021 4.63947 3.29334 2.72381 2.7176 2.5596 2.43966 2.33679 2.31271 2.23949
threshold=-3.498293280601501 18.615480422973636 1.5000000000000002 -0.62143209576606739 24.784466743469242 17.026571273803714 1.0000000180025095e-35 0.21609170734882358 0.53023296594619762 11.25140953063965 0.39132402837276464 1.0000000180025095e-35 0.7443651854991914 0.76209980249404918 1.0534912347793581 0.18712384253740313 0.010166336316615345 1.3399996161460879 0.70747444033622753 72.226413726806655 -4.2465236186981192 0.01640997733920813 0.97280389070510875 13.26772451400757 44.424278259277351 23.568457603454593 137.67708587646487 0.05484865419566632 15.664955139160158 -0.2898572832345962 1.6767897605895998 10.803498744964601 -0.00090513058239594091 0.13389915227890017 -6.6308488845825186 201.13568878173831 1.1527969837188723 673.46667480468761 0.67306062579154979 0.07696943357586862 -40.611335754394524 -0.051599724218249314 -2.9884361651966167e-08 75.500000000000014 -0.98775258660316456 0.025454172864556316 0.44420896470546728 10.093517303466799 20.574491500854496 41.897970199584968 0.0054746016394346961 0.20182895660400393 0.069185752421617522 0.72407624125480663
decision_type=2 2 2 2 2 2 2 2 2 2 2 2 2 2 2 2 2 2 2 2 2 2 2 2 2 2 2 2 2 2 2 2 2 2 2 2 2 2 2 2 2 2 2 2 2 2 2 2 2 2 2 2 2 2
left_child=3 2 4 16 7 8 11 14 9 -6 -8 -7 23 21 27 28 19 25 -10 33 41 -9 34 31 -15 35 -16 -2 29 -5 48 38 -30 -1 -17 47 -25 -34 39 -3 -27 52 -24 50 46 -46 -21 -4 51 -40 -35 -22 -14 -37
right_child=1 12 17 15 5 6 10 13 18 -11 -12 -13 20 24 26 22 -18 -19 -20 44 30 -23 42 36 -26 40 -28 -29 32 -31 -32 -33 37 43 -36 53 -38 -39 49 -41 -42 -43 -44 -45 45 -47 -48 -49 -50 -51 -52 -53 -54 -55
leaf_value=-0.0095383340845945439 -0.094919396452695121 -0.19937367641913256 0.44463104583602631 0.55028482697245262 0.18010942806599747 -0.50662734158554956 0.20775489378079331 -0.32868557205671201 0.87362407477127491 -0.0049611794711336699 -0.2402287527516454 -0.14396461273129044 -0.51688785080732647 0.065983535919797068 0.20968186861016722 0 0 -0.091961690905743285 0.16056609638641112 0.17444538256757319 -1.498554390555821 -0.96320933501160066 0 -1.0093772564489381 -0.35326732678083478 -0.52284834513316536 -0.39795776446085818 0.22337533725953287 0 0 -1.9050853310873932 0.34650358735510139 0 0.00055544536795439927 0 -0.031949163655850286 -0.24059126116583507 0 0.16567888339290249 -0.99354679690494641 0.50666513818289449 -1.2403821346577335 0 0.33713064957873423 0 0.73371308513685329 0 0.97172516769395101 -3.581508498841119 -0.28754263072136332 1.1845293943517368 -2.0021439264065366 0.33477470191839193 0.31646751502579767
leaf_weight=51.737929284572601 97.122129440307617 167.09255850315094 84.135652601718903 60.250886261463165 4295.040845990181 4721.9943106770515 1982.9997755289078 364.78948247432709 228.95390862226486 28078.699845790863 2052.5831982493401 6632.8344951272011 44.647423088550568 361.08629256486893 148.66065913438797 220.72275227308273 169.32307684421539 86.962103307247162 10258.537059009075 84.965384364128113 509.21063542366028 2521.7448445558548 5368.8739632964134 547.75518149137497 476.98200500011444 42.318837702274323 425.69510787725449 422.35642892122269 330.77625238895416 81.161100804805756 119.68177306652069 60.175499558448792 535.20352500677109 123.95162731409073 1985.3898102641106 42.686355233192444 55.105312049388885 61.015046656131744 105.17333370447159 294.082912504673 116.40594685077667 64.400496363639832 23749.658663570881 140.40430474281311 164.97901749610901 40.033331155776978 31.511764168739319 1189.2828748226166 1135.2362950444221 129.85763567686081 42.970821738243103 326.8672491312027 42.55176705121994 31.652144551277161
leaf_count=33 14 152 78 27 3761 3152 1851 342 44 29148 1132 6310 35 380 168 74 81 105 10508 108 221 1661 4975 479 617 32 592 220 98 45 57 41 730 100 977 44 50 86 109 211 141 26 29797 127 187 46 30 1462 287 135 31 87 30 32
internal_value=-0.00905856 -0.00106219 -0.000170179 -0.0254755 -0.000637418 8.66844e-05 -0.00396619 -0.00941236 0.0015446 0.000530284 0.00143023 -0.00589376 -0.0170413 -0.0124701 0.000900881 -0.0260406 -0.00380133 0.0182434 0.00466483 0 -0.0209761 -0.0151208 -0.0262941 -0.0104577 -0.003202 0.0195188 -0.00754575 0.0104478 -0.0184893 -0.00621574 -0.0221232 -0.00578907 -0.0202343 0.00744243 -0.0221381 0.020981 -0.0161137 -0.0164926 -0.00730427 -0.010193 0.00636013 -0.00439205 -0.0266044 0.0103367 -0.00796993 -0.0118504 -0.000160363 0.0217689 -0.0229037 -0.00115062 0.00451032 -0.0197569 0.00165106 0.00591298
internal_weight=101508 68265.4 64663.5 33242.9 63070.1 58251.6 15390.4 4818.44 42861.2 32373.7 4035.58 11354.8 3601.84 3724.6 1093.83 32393.1 849.877 1593.44 10487.5 680.554 2242.6 2886.53 31324.6 1359.24 838.068 1506.48 574.356 519.479 1068.41 141.412 2091 756.382 926.995 359.065 2206.11 1347.76 602.86 596.219 696.206 461.175 158.725 151.6 29118.5 307.327 321.489 205.012 116.477 1273.42 1971.31 235.031 166.922 836.078 87.1992 74.3385
internal_count=101266 63714 61794 37552 59900 55906 12445 3994 43461 32909 2983 9462 1920 3000 994 36809 743 1894 10552 662 743 2003 35823 1177 997 1789 760 234 986 72 652 648 914 291 1051 1616 529 816 607 363 173 91 34772 258 371 233 138 1540 595 244 131 308 65 76
is_linear=0
shrinkage=0.0550285


end of trees

feature_importances:
price_std_60d=12
price_zscore_30d=11
volume_mean_30d=10
price_log=9
volume_std_60d=9
return_1d=7
return_14d=7
bb_width=7
macd_signal=7
price_std_30d=6
macd_line=6
return_60d=5
vol_regime_60_30=5
distance_to_support=5
volume_std_30d=5
item_volume_vs_market_30d=5
price_std_7d=4
volume_zscore_30d=4
return_30d=3
price_std_20d=3
trend_divergence_30_60=3
rsi_14=3
volume_lag_7d=3
events_next_30d_game_update=3
return_3d=2
price_std_14d=2
autocorr_1d=2
distance_to_resistance=2
volume_log_change_1d=2
item_type_skin=2
return_7d=1
bb_pct_b=1
macd_histogram=1
volume_lag_1d=1
volume_log_change_7d=1
volume_price_conf_1d=1
macd_missing=1
events_next_30d_major=1

parameters:
[boosting: gbdt]
[objective: quantile]
[metric: quantile]
[tree_learner: serial]
[device_type: cpu]
[data_sample_strategy: bagging]
[data: ]
[valid: ]
[num_iterations: 1000]
[learning_rate: 0.0550285]
[num_leaves: 55]
[num_threads: -1]
[seed: 13]
[deterministic: 0]
[force_col_wise: 0]
[force_row_wise: 0]
[histogram_pool_size: -1]
[max_depth: 7]
[min_data_in_leaf: 30]
[min_sum_hessian_in_leaf: 0.001]
[bagging_fraction: 0.7]
[pos_bagging_fraction: 1]
[neg_bagging_fraction: 1]
[bagging_freq: 5]
[bagging_seed: 16376]
[bagging_by_query: 0]
[feature_fraction: 0.75]
[feature_fraction_bynode: 1]
[feature_fraction_seed: 20348]
[extra_trees: 0]
[extra_seed: 30076]
[early_stopping_round: 0]
[early_stopping_min_delta: 0]
[first_metric_only: 0]
[max_delta_step: 0]
[lambda_l1: 2]
[lambda_l2: 1]
[linear_lambda: 0]
[min_gain_to_split: 0.1]
[drop_rate: 0.1]
[max_drop: 50]
[skip_drop: 0.5]
[xgboost_dart_mode: 0]
[uniform_drop: 0]
[drop_seed: 24096]
[top_rate: 0.2]
[other_rate: 0.1]
[min_data_per_group: 100]
[max_cat_threshold: 32]
[cat_l2: 10]
[cat_smooth: 10]
[max_cat_to_onehot: 4]
[top_k: 20]
[monotone_constraints: ]
[monotone_constraints_method: basic]
[monotone_penalty: 0]
[feature_contri: ]
[forcedsplits_filename: ]
[refit_decay_rate: 0.9]
[cegb_tradeoff: 1]
[cegb_penalty_split: 0]
[cegb_penalty_feature_lazy: ]
[cegb_penalty_feature_coupled: ]
[path_smooth: 0]
[interaction_constraints: ]
[verbosity: -1]
[saved_feature_importance_type: 0]
[use_quantized_grad: 0]
[num_grad_quant_bins: 4]
[quant_train_renew_leaf: 0]
[stochastic_rounding: 1]
[linear_tree: 0]
[max_bin: 63]
[max_bin_by_feature: ]
[min_data_in_bin: 3]
[bin_construct_sample_cnt: 200000]
[data_random_seed: 81]
[is_enable_sparse: 1]
[enable_bundle: 1]
[use_missing: 1]
[zero_as_missing: 0]
[feature_pre_filter: 0]
[pre_partition: 0]
[two_round: 0]
[header: 0]
[label_column: ]
[weight_column: ]
[group_column: ]
[ignore_column: ]
[categorical_feature: ]
[forcedbins_filename: ]
[precise_float_parser: 0]
[parser_config_file: ]
[objective_seed: 11872]
[num_class: 1]
[is_unbalance: 0]
[scale_pos_weight: 1]
[sigmoid: 1]
[boost_from_average: 1]
[reg_sqrt: 0]
[alpha: 0.5]
[fair_c: 1]
[poisson_max_delta_step: 0.7]
[tweedie_variance_power: 1.5]
[lambdarank_truncation_level: 30]
[lambdarank_norm: 1]
[label_gain: ]
[lambdarank_position_bias_regularization: 0]
[eval_at: ]
[multi_error_top_k: 1]
[auc_mu_weights: ]
[num_machines: 1]
[local_listen_port: 12400]
[time_out: 120]
[machine_list_filename: ]
[machines: ]
[gpu_platform_id: -1]
[gpu_device_id: -1]
[gpu_use_dp: 0]
[num_gpu: 1]

end of parameters

pandas_categorical:[]
