tree
version=v4
num_class=1
num_tree_per_iteration=1
label_index=0
max_feature_idx=54
objective=quantile
feature_names=price_lag_1d return_1d return_3d return_7d return_14d return_30d return_60d price_std_7d price_std_14d price_std_20d price_std_30d price_std_60d price_zscore_30d vol_regime_60_30 trend_divergence_30_60 price_accel_7d price_log price_tier log_return_1d log_return_7d autocorr_1d autocorr_7d bb_pct_b bb_width rsi_14 macd_line macd_signal macd_histogram distance_to_support distance_to_resistance volume_missing volume_lag_1d volume_lag_7d volume_mean_30d volume_std_30d volume_std_60d volume_log_change_1d volume_log_change_7d volume_zscore_30d volume_price_conf_7d volume_price_conf_1d rsi_missing macd_missing dow_sin dow_cos events_next_30d_major events_next_30d_operation events_next_30d_case_drop events_next_30d_update events_next_30d_game_update item_type_graffiti item_type_skin item_type_sticker item_type_unknown item_volume_vs_market_30d
feature_infos=[0.029999999329447746:960.7130126953125] [-99.536705017089844:500] [-99.492156982421875:500] [-99.509979248046875:500] [-99.901214599609375:500] [-99.499412536621094:500] [-99.499412536621094:500] [0:167.40560913085938] [0:119.09705352783203] [0:135.57257080078125] [0:112.72939300537109] [0:97.889312744140625] [-4.8795590400695801:5.2946515083312988] [0.70205938816070557:761.94976806640625] [-112984214994944:140802198077440] [-599.50994873046875:534.69384765625] [-3.5065579414367676:6.86767578125] [0:4] [-5.3745660781860352:6.8952875137329102] [-5.3184762001037598:6.9452981948852539] [-49768.35546875:222115.390625] [-49754.98828125:50974.09765625] [-0.51409953832626343:1.5621322393417358] [0.0062784175388514996:17.437114715576172] [0:99.844482421875] [-24.237356185913086:40.936752319335938] [-16.600063323974609:26.537761688232422] [-17.223386764526367:29.474584579467773] [1.9274705665090278e-14:106457.8984375] [0.010915839113295078:106457.8984375] none [1:197735] [1:197735] [1:125869.734375] [0:64217.12890625] [0:67507.5625] [-6.4329400062561035:6.5171170234680176] [-6.0185933113098145:7.2102642059326172] [-4.1069283485412598:5.2931628227233887] [-99.499412536621094:500] [-99.341239929199219:500] [0:1] [0:1] [-0.97492790222167969:0.97492790222167969] [-0.90096884965896606:1] [0:1] [0:1] [0:1] none [0:2] [0:1] [0:1] [0:1] none [0.00099037075415253639:352.26205444335938]
tree_sizes=5800 5923 5773 5777 5788

Tree=0
num_leaves=55
num_cat=0
split_feature=16 28 49 12 35 23 23 28 8 1 16 5 5 6 45 46 32 11 49 34 45 11 38 11 26 1 16 26 6 38 42 22 34 11 35 33 12 9 1 52 11 26 10 14 33 6 10 20 11 33 12 35 33 0
split_gain=4308.49 359.535 173.822 111.025 106.605 107.363 101.115 56.312 55.1541 48.3231 45.7196 43.3838 38.8933 33.9942 33.1356 30.3745 29.4143 19.2606 18.4366 18.3673 18.0313 17.7441 17.6884 17.2421 15.4852 15.3673 15.3859 18.948 13.7234 12.5806 11.8406 11.1388 10.6503 12.1478 9.71724 13.4903 12.4746 8.71659 8.2356 7.90263 7.63318 7.10572 6.8653 6.61607 6.51505 5.43328 5.28467 4.89782 4.04158 3.99623 3.88377 3.77348 3.47691 3.18952
threshold=-3.498293280601501 29.89500713348389 1.5000000000000002 -0.62143209576606739 55.23927307128907 0.2539037168025971 0.7443651854991914 12.766716480255129 0.019672429189085964 8.3370246887207049 -0.45491831004619593 -2.9405841827392574 2.1369010210037236 24.011375427246097 1.0000000180025095e-35 1.0000000180025095e-35 25.500000000000004 1.0000000180025095e-35 1.0000000180025095e-35 201.13568878173831 1.0000000180025095e-35 0.01159889902919531 -0.35326729714870447 0.010684153065085413 0.014444526284933092 13.26772451400757 1.1074068546295168 -0.02400576043874025 -43.427698135375969 -0.87314766645431507 1.0000000180025095e-35 0.79098665714263927 8.78717088699341 5.1723005771636972 42.528936386108406 118.9833335876465 -0.32215704023838038 0.1340340003371239 -3.3539929389953609 1.0000000180025095e-35 0.0061324695125222215 -0.00053053695592097927 0.40267576277256018 0.64618486166000377 163.51667022705081 6.735309600830079 0.025454172864556316 16.753306388854984 0.001341272203717381 174.78333282470706 -0.85909268260002125 6.9976561069488534 103.87083435058595 0.1225000023841858
decision_type=2 2 2 2 2 2 2 2 2 2 2 2 2 2 2 2 2 2 2 2 2 2 2 2 2 2 2 2 2 2 2 2 2 2 2 2 2 2 2 2 2 2 2 2 2 2 2 2 2 2 2 2 2 2
left_child=3 2 4 21 7 11 25 10 23 29 13 15 -10 -2 19 -6 -12 -5 24 28 -20 40 -13 -7 -9 26 27 -3 -4 37 -29 51 42 -34 35 36 38 44 -19 -11 47 -37 -31 46 -8 -28 -23 -1 -38 -48 -21 -27 -47 -52
right_child=1 6 14 17 5 8 9 18 12 39 16 22 -14 -15 -16 -17 -18 34 20 50 -22 43 -24 -25 -26 31 45 30 -30 32 -32 -33 33 -35 -36 41 48 -39 -40 -41 -42 -43 -44 -45 -46 52 49 -49 -50 -51 53 -53 -54 -55
leaf_value=0 0.20380919177354956 -1.327796832279811 -0.14143446677744326 0 -0.083376488140079932 0.080902733009521985 -1.6726395515126873 -0.12506473221011991 -1.0313470033741923 -2.6485486069139141 0.24843216054137868 0 0 -0.56241535327382286 -0.11625736261551999 -0.39306058694609114 -0.020156953807482846 0.44146191801572271 0.25794601264333716 0.18544397306087029 -0.037690742112626047 0 0.17073276649048982 -0.34038236124820004 0.054228610359073719 0.047898555969940589 0.42897964267762673 -0.20700369559742693 1.1045143092969458 0.49055474936475257 -0.88045572315592424 -1.1286028101236503 -1.1426506280266546 0.042245976471451827 0 0.0012517239395559701 0 0.3918132443104369 0 -1.8342826866025079 0.64199898229427832 0 -1.6934471416584742 0 0.19107112630757392 -0.16466924827488783 0 0.73371308513685329 0 0.36685654256842665 0.43443538557199546 -0.41515409420844074 0.36492863857805558 -0.2616384789565272
leaf_weight=352.69039660692215 14733.037302017212 203.73407340049744 52.529924213886261 24863.881571769714 4126.8484738469124 1395.0834872126579 133.42532408237457 6553.3997333645821 2709.1301361918449 1887.2457255721092 1814.7176922559738 3109.4108625054359 499.53613269329071 311.74211549758911 131.89297145605087 759.34693831205368 10542.333940804005 50.345617294311523 1435.3921520709991 49.982921779155731 1208.9326591491699 214.58415466547012 3606.5973531007767 2072.8389282226562 1618.1775617599487 70.288934707641602 191.28547358512878 3530.4671176671982 1110.9570172429085 132.74330139160156 102.02676665782928 656.05861800909042 1747.1847164034843 73.756889641284943 5525.3804489970207 59.72690224647522 429.61822658777237 163.11718732118607 294.63439309597015 386.89083015918732 89.327917039394379 102.44083189964294 153.64707499742508 74.747744619846344 69.313960313796997 208.99059754610062 44.858972251415253 58.315487146377563 1056.9977676868439 42.551740109920502 34.023978114128113 190.75277560949326 100.7800520658493 46.911080002784729
leaf_count=418 12059 59 42 32298 5180 1488 58 5750 1634 456 1784 3622 512 310 147 1012 12078 26 1118 53 1024 123 4242 1929 1579 46 168 3215 1408 62 55 572 855 20 3420 21 600 37 188 200 69 62 34 54 32 248 25 42 395 45 37 152 124 58
internal_value=-0.00935107 -0.00140339 0.000258447 -0.0255782 -0.000218759 -0.00367674 -0.0110377 0.0014323 -0.00923653 -0.0168701 0.002761 -0.000467301 -0.0144503 0.00479845 0.0192249 -0.00441978 0.000271306 -0.0261025 -0.00192371 0.0219208 0.00204419 -0.00608717 0.00239215 -0.00437804 -0.00322129 -0.00574495 -0.00433524 -0.00553286 0.0241261 -0.0114484 -0.00457506 -0.0122801 -0.0130917 -0.014658 -0.0235271 -0.0199108 -0.0212723 -0.00167341 -0.0111708 -0.0227103 0.000497338 -0.00382269 -0.00273362 -0.0151013 -0.00951317 0.00460757 -0.0187197 -0.00245157 -0.0235334 -0.00549815 0.00145361 -0.0021589 0 -0.00501986
internal_weight=101185 67924.5 57922.8 33260.1 56496.5 18278.8 10001.7 38217.7 6676.59 4747.33 27401.8 11602.2 3208.67 15044.8 1426.3 4886.2 12357.1 32383 10815.9 1294.4 2644.32 877.076 6716.01 3467.92 8171.58 5254.38 4337.28 3836.23 1163.49 2473.19 3632.49 917.1 2107.33 1820.94 7519.14 1993.76 1831.6 365.856 344.98 2274.14 500.334 162.168 286.39 376.743 202.739 501.056 301.995 411.006 1486.62 87.4107 130.918 261.042 309.771 80.9351
internal_count=101245 63459 57066 37786 55321 19619 6393 35702 5563 1754 26231 14056 2146 12369 1745 6192 13862 37010 9471 1598 2142 776 7864 3417 7329 4639 3869 3329 1450 1098 3270 770 971 875 4712 1292 1209 127 214 656 529 83 96 247 90 540 193 460 995 70 148 198 372 95
is_linear=0
shrinkage=0.0550285


Tree=1
num_leaves=55
num_cat=0
split_feature=16 28 24 49 1 12 23 38 23 35 1 13 42 47 49 28 45 16 33 28 34 11 47 13 11 26 49 22 26 32 38 44 32 38 34 13 54 20 35 33 12 25 46 1 25 11 49 26 13 15 32 43 9 3
split_gain=4466.07 333.676 187.889 151.325 123.817 111.025 70.9585 51.3266 48.7221 47.1396 55.676 41.171 37.0502 32.1076 26.3022 22.9921 21.3921 21.1786 24.8169 20.1362 19.9904 19.2606 19.1295 28.8147 17.7441 16.8998 16.5195 14.9414 18.5503 14.8486 14.8025 15.619 14.0513 12.6857 12.4186 11.2719 10.6255 9.92678 9.71724 13.4903 12.4746 9.45893 8.81688 8.2356 7.91798 7.63318 7.29441 7.10572 6.6344 6.04946 5.9345 5.82281 5.78552 5.17833
threshold=-3.498293280601501 23.568457603454593 29.035779953002933 1.5000000000000002 20.574491500854496 -0.62143209576606739 0.24568799138069156 0.53023296594619762 0.7443651854991914 48.362033843994148 -2.0264048576354976 0.99998059868812572 1.0000000180025095e-35 1.0000000180025095e-35 1.0000000180025095e-35 61.77666091918946 1.0000000180025095e-35 -0.53358298540115345 54.672618865966804 13.78734350204468 232.34822845458987 1.0000000180025095e-35 1.0000000180025095e-35 0.72160339355468761 0.01159889902919531 0.0053397992160171279 1.0000000180025095e-35 0.59847196936607372 1.0000000180025095e-35 93.500000000000014 -0.43234731256961817 1.0000000180025095e-35 28.500000000000004 0.085083447396755232 7.5981698036193857 0.80564087629318248 1.9181568026542666 -159.08198547363278 42.528936386108406 118.9833335876465 -0.32215704023838038 0.0012883454328402879 1.0000000180025095e-35 -3.3539929389953609 -0.027596254833042618 0.0061324695125222215 1.0000000180025095e-35 -0.00053053695592097927 8.8184385299682635 0.99877896904945385 22.500000000000004 1.0000000180025095e-35 0.01098737306892872 4.9186530113220224
decision_type=2 2 2 2 2 2 2 2 2 2 2 2 2 2 2 2 2 2 2 2 2 2 2 2 2 2 2 2 2 2 2 2 2 2 2 2 2 2 2 2 2 2 2 2 2 2 2 2 2 2 2 2 2 2
left_child=5 2 6 7 8 24 12 9 14 10 -4 29 33 -11 27 37 20 18 -13 35 -5 -7 23 25 45 -10 -21 42 -29 53 31 -16 -32 46 -25 -9 41 51 39 40 43 -24 -3 -23 -31 -1 -2 -41 -35 -26 -19 -6 -17 -8
right_child=1 4 3 16 15 21 11 19 22 13 -12 17 -14 -15 30 52 -18 50 -20 26 -22 38 36 34 49 -27 -28 28 -30 44 32 -33 -34 48 -36 -37 -38 -39 -40 47 -42 -43 -44 -45 -46 -47 -48 -49 -50 -51 -52 -53 -54 -55
leaf_value=0 -0.39640532060194106 0.011391099281448833 0.20304858889743813 1.0813208317833949 0.0040904055640941994 0 0.43752413426595171 0.43985694337732334 -0.49428329803408572 -0.0093951650866747356 0.0054319466469797363 0.27390637352353991 0.51943655517653498 -0.25518834791686595 0.41041718632279806 -1.4993652894832528 -0.088479226455054114 -0.40054336719674771 -0.80722483479389884 -0.077966482558140593 -0.010204700462888518 0.41716893849870179 -1.402600939545559 -0.27746989827389629 0 0.28954055964979802 0.2333306464769444 -0.75384451333467406 -0.2966999393927669 -0.79225743016439465 0.11912963440630719 -0.12006654769383179 -0.29432268181896915 0.0049213633078873369 -0.9594418152068398 0.17973525776603871 -1.9314369686553228 -1.0852840375521249 0 0.0011828434704064231 0 -0.75174077790232985 -0.57819979425750057 0 -0.12978377319954898 0.60667075240544854 -0.073394545673247255 0 0.92410212859789764 0 -1.0389464336329177 -0.913720094156657 -3.6447453067217555 -0.30513143819541783
leaf_weight=411.00588375329971 632.7673819065094 1266.0697382092476 7621.8520609736443 1067.1711031794548 197.67559272050858 24863.881571769714 348.07556730508804 861.69345051050186 177.64248538017273 9502.0598241090775 15552.332849562168 229.781334400177 491.16048216819763 2836.6622567176819 606.02057284116745 131.48735743761063 114.19723415374756 69.100715219974518 1884.0229983925819 1697.9089068770409 99.454533696174622 50.345617294311523 706.56368160247803 381.52010864019394 184.41973811388016 265.06858414411545 613.26550704240799 1230.9051358103752 2254.7982024550438 226.54508209228516 385.36576682329178 447.10978615283966 810.8553112745285 621.88630557060242 1752.4858794212341 8005.3937302231789 92.363446533679962 459.77815568447113 5525.3804489970207 59.72690224647522 1486.6159942746162 437.73456168174744 225.1507962346077 294.63439309597015 410.98560035228729 89.327917039394379 368.98109477758408 102.44083189964294 61.901002526283264 192.32287353277206 1225.740209043026 131.53197282552719 1385.8038884997368 35.662525773048401
leaf_count=460 883 1152 6368 1338 104 32298 323 399 45 10578 15447 128 96 3283 367 89 126 44 1390 1556 118 26 158 131 117 47 566 966 2632 223 320 350 722 872 910 8605 26 255 3420 21 995 237 224 188 514 69 474 62 16 130 890 77 390 20
internal_value=-0.00905705 -0.000965399 0.000940037 0.00214006 -0.00876547 -0.0255782 -0.0077559 0.00162538 -0.00632727 0.000598179 0.00206349 -0.0117535 0.000330951 -0.00214495 -0.00364831 -0.0203811 0.0208004 -0.0146617 -0.011141 0.00487856 0.0230293 -0.0261025 -0.0113727 -0.00858037 -0.00608717 0.00400633 0.000253778 -0.00588378 -0.00786128 -0.00193451 0.00124941 0.00603818 -0.00287612 -0.00349384 -0.0112437 0.00607142 -0.0170903 -0.0124478 -0.0235271 -0.0199108 -0.0212723 -0.0185399 -0.00118546 -0.0111708 -0.00716081 0.000497338 -0.00746036 -0.00382269 0.00215882 -0.0151013 -0.0203112 -0.00467033 -0.024423 0.00645828
internal_weight=101185 67924.5 54578.6 47972 13345.9 33260.1 6606.61 46691.2 11039.7 35512.9 23174.2 4429.91 2176.7 12338.7 7226.28 2306.28 1280.82 3408.65 2113.8 11178.3 1166.63 32383 3813.38 2576.72 877.076 442.711 2311.17 4976.92 3485.7 1021.27 2249.35 1053.13 1196.22 1685.54 2134.01 8867.09 1236.66 788.986 7519.14 1993.76 1831.6 1144.3 1491.22 344.98 637.531 500.334 1001.75 162.168 683.787 376.743 1294.84 329.208 1517.29 383.738
internal_count=101245 63459 54257 48384 9202 37786 5873 46802 8287 35676 21815 3532 2341 13861 6733 915 1582 2452 1518 11126 1456 37010 1554 1133 776 92 2122 4974 3598 1080 1759 717 1042 2245 1041 9004 421 436 4712 1292 1209 395 1376 214 737 529 1357 83 888 247 934 181 479 343
is_linear=0
shrinkage=0.0550285


Tree=2
num_leaves=55
num_cat=0
split_feature=16 2 49 24 6 12 28 29 23 38 2 14 45 11 29 42 11 32 34 7 35 6 11 33 35 33 12 2 54 11 35 29 3 26 14 1 15 10 54 51 20 37 33 11 26 31 6 0 7 11 6 11 12 28
split_gain=4483.2 363.66 172.886 136.902 111.724 111.025 74.537 61.7147 46.868 45.043 44.1967 32.4297 24.0539 19.2606 18.8657 18.7507 17.7441 17.1361 15.7311 14.4377 13.9856 12.4138 11.9149 11.2299 9.71724 13.4903 12.4746 10.0679 8.24676 7.63318 7.45173 7.32492 7.12511 7.10572 6.61607 6.44981 5.80061 5.28467 5.10695 5.09739 4.89782 4.28973 4.25736 4.04158 4.00382 3.62479 5.0504 3.29514 3.10296 3.06068 2.91349 2.88139 3.2325 2.61006
threshold=-3.498293280601501 14.263868331909181 1.5000000000000002 24.784466743469242 41.170942306518562 -0.62143209576606739 17.849355697631839 11.112301826477053 0.7443651854991914 0.53023296594619762 29.893645286560062 0.54131099581718456 1.0000000180025095e-35 1.0000000180025095e-35 21.140814781188968 1.0000000180025095e-35 0.01159889902919531 28.500000000000004 201.13568878173831 0.020194441080093387 50.52217102050782 -43.427698135375969 0.018933954648673538 174.78333282470706 42.528936386108406 118.9833335876465 -0.32215704023838038 -1.0000000180025095e-35 1.1036866903305056 0.0061324695125222215 4.676769733428956 859.48718261718761 5.8843054771423349 -0.00053053695592097927 0.64618486166000377 -1.5355953574180601 -21.561251640319821 0.025454172864556316 2.2525035142898564 1.0000000180025095e-35 16.753306388854984 0.18239048123359683 98.877777099609389 0.001341272203717381 -0.0070342686958611003 12.500000000000002 48.891017913818366 0.43850000202655798 0.0062957846093922862 0.052801400423049934 -3.9470664262771602 0.003894567373208702 -0.35562849044799799 23.568457603454593
decision_type=2 2 2 2 2 2 2 2 2 2 2 2 2 2 2 2 2 2 2 2 2 2 2 2 2 2 2 2 2 2 2 2 2 2 2 2 2 2 2 2 2 2 2 2 2 2 2 2 2 2 2 2 2 2
left_child=5 2 3 7 6 16 9 20 -8 -5 15 17 18 -7 22 31 29 -9 21 30 48 -4 -6 -13 25 26 27 -15 -16 40 -12 32 41 -27 37 -22 -17 -18 44 -39 50 -3 -34 -28 -32 46 -21 -14 -2 -20 -1 52 -26 -23
right_child=1 10 12 4 14 13 8 11 -10 -11 19 23 47 24 28 36 34 -19 49 45 35 53 -24 -25 51 33 43 -29 -30 -31 38 -33 42 -35 -36 -37 -38 39 -40 -41 -42 -43 -44 -45 -46 -47 -48 -49 -50 -51 -52 -53 -54 -55
leaf_value=0.18342827128421332 0.42288293347424499 -0.2320797638854436 -0.12961275218293414 0.037405455991167021 -0.61598010355299693 0 -0.03151121871547783 0.072642118567934552 -0.47977232382061902 0.17505570515308158 0.11750860427405495 0.015095096379338035 0.011266343849163101 0.40311595310444154 -0.72164524688873832 -2.0114398766762496 0 -0.86474592364741865 0.27255420530467711 -1.136956215035577 0.1298278884232332 1.0093337279226449 -0.16153103489672255 -0.37459173727610118 0 0.0011177533889616135 0 0 -0.066382755785321379 0.57328658140378053 -0.33860493706699729 -0.79253818005424437 -0.63643966555380782 0 0 -0.23239299726239818 -1.480292814371484 0 0.18794724144782454 -0.1678750351978926 0.69333796732665753 0.36811400623969648 -0.26708337623361517 0 -1.4274029038380975 -3.4220014960255258 -2.3660898898551204 -0.33440395788955091 0.17792685269174871 -0.10064532309066938 0 0 0 0.61093130191569178
leaf_weight=164.55897521972656 181.06339806318283 310.50023329257965 52.529924213886261 32222.254688203335 444.8047844171524 24863.881571769714 8031.089287340641 183.41161918640137 2856.5361732244492 10426.42043364048 50.243024468421936 640.31629741191864 88.052550315856934 68.725312232971191 1294.9090290665627 91.782459437847137 214.58415466547012 2705.2644233703613 89.90500020980835 119.04363250732422 89.117925107479095 1059.1813421845436 1191.3407869338989 782.14465975761414 171.42330116033554 59.72690224647522 429.61822658777237 276.25469815731049 113.81900155544281 89.327917039394379 47.262607216835022 169.49189960956573 1043.7196990251541 102.44083189964294 74.747744619846344 118.60225200653076 335.65365552902222 40.502751648426056 46.902629792690277 46.907960712909698 58.315487146377563 171.9084375500679 542.68172878026962 1056.9977676868439 495.28727608919144 1421.8231143951416 120.6380620598793 51.387385129928589 167.8295841217041 48.644003748893738 188.13142138719559 3953.5566808581352 1400.40046697855 118.96977198123932
leaf_count=212 36 250 42 32857 477 32298 7914 102 991 10526 27 705 83 33 697 19 123 1958 101 46 29 1344 1259 1015 218 21 600 181 83 69 25 29 744 62 54 95 134 31 37 39 42 146 555 395 338 428 41 70 69 58 206 1492 1710 129
internal_value=-0.0090254 -0.00091825 0.000211075 -0.000239137 0.000520925 -0.0255782 0.001106 -0.00909475 -0.0029534 0.00214493 -0.0152521 -0.0113317 0.0186094 -0.0261025 -0.00972695 -0.0103407 -0.00608717 -0.0146969 0.0208349 -0.0208869 0.00802268 0.022825 -0.00559183 -0.00441493 -0.0235271 -0.0199108 -0.0212723 -0.0111708 -0.0144442 0.000497338 -0.0134193 -0.00823578 -0.00724252 -0.00382269 -0.0151013 -0.0028368 -0.0210613 -0.0187197 -0.0152054 -0.00549815 -0.00245157 -0.00111841 -0.00903359 -0.0235334 -0.0167214 -0.0236859 -0.0158925 -0.00245292 0.0147923 0.00233157 -0.00511924 -0.0248082 -0.0221894 0.0239996
internal_weight=101185 67924.5 62957.6 61448.9 56581.2 33260.1 53536.3 4867.75 10887.6 42648.7 4966.94 4311.14 1508.67 32383 3044.87 2665.74 877.076 2888.68 1369.23 2301.2 556.613 1230.68 1636.15 1422.46 7519.14 1993.76 1831.6 344.98 1408.73 500.334 639.696 2238.3 2068.81 162.168 376.743 207.72 427.436 301.995 589.453 87.4107 411.006 482.409 1586.4 1486.62 542.55 1661.5 239.682 139.44 348.893 138.549 352.69 5525.38 1571.82 1178.15
internal_count=101245 63459 60640 58813 54804 37786 52288 4009 8905 43383 2819 3780 1827 37010 2516 1877 776 2060 1674 942 229 1515 1736 1720 4712 1292 1209 214 780 529 427 1724 1695 83 247 124 153 193 400 70 460 396 1299 995 363 515 87 153 105 159 418 3420 1928 1473
is_linear=0
shrinkage=0.0550285


Tree=3
num_leaves=55
num_cat=0
split_feature=16 2 49 12 24 28 8 3 38 29 23 32 28 42 1 23 34 49 11 38 11 11 10 34 4 51 35 12 2 1 23 11 0 10 29 24 52 35 26 20 11 10 27 23 11 35 3 50 51 12 11 12 31 35
split_gain=4468.45 345.718 161.785 123.441 121.716 97.1248 63.7164 45.4991 41.671 33.0081 32.8956 29.8159 26.9231 26.9202 23.3882 20.489 20.0967 19.7441 19.2606 14.9868 13.9951 12.591 13.4715 11.0843 10.8851 10.8507 9.71724 9.45704 9.57567 9.06528 8.68878 7.63318 6.59257 5.93322 10.1782 5.65335 5.63201 5.49522 5.08172 4.89782 4.57157 10.0726 4.53246 3.8289 3.73938 4.21616 3.8698 3.32131 3.34339 3.00932 2.88139 3.2325 2.83627 4.21714
threshold=-3.498293280601501 14.263868331909181 1.5000000000000002 -0.62143209576606739 29.035779953002933 23.568457603454593 0.038775276392698295 37.850957870483406 -0.43234731256961817 8.8893632888793963 0.7443651854991914 93.500000000000014 13.322248935699465 1.0000000180025095e-35 -7.8628504276275626 0.20985038578510287 12.7749080657959 1.0000000180025095e-35 1.0000000180025095e-35 -0.87314766645431507 1.0731278061866762 0.01159889902919531 0.025454172864556316 201.13568878173831 16.778962135314945 1.0000000180025095e-35 42.528936386108406 -0.32215704023838038 -1.0000000180025095e-35 20.574491500854496 0.05484865419566632 0.0061324695125222215 0.042249999940395362 3.6921201944351201 186.19493103027347 24.784466743469242 1.0000000180025095e-35 52.74745178222657 0.01916211657226086 16.753306388854984 0.022051250562071804 0.027476907707750801 0.0048328598495572814 0.19235303997993472 0.034304160624742515 27.785799980163578 15.221152305603029 1.0000000180025095e-35 1.0000000180025095e-35 -0.85909268260002125 0.003894567373208702 -0.35562849044799799 358.50000000000006 10.093517303466799
decision_type=2 2 2 2 2 2 2 2 2 2 2 2 2 2 2 2 2 2 2 2 2 2 2 2 2 2 2 2 2 2 2 2 2 2 2 2 2 2 2 2 2 2 2 2 2 2 2 2 2 2 2 2 2 2
left_child=3 2 4 21 6 8 9 13 14 30 17 20 -10 24 -6 -13 -11 -7 -5 -12 -8 31 37 32 33 -24 27 28 -20 42 -2 39 -4 34 -3 -34 -15 -23 -37 47 41 -29 52 -30 46 -46 -26 48 -1 -25 51 -28 53 -9
right_child=1 7 23 18 5 10 11 29 12 16 19 15 -14 36 -16 -17 -18 -19 26 -21 -22 22 25 49 44 -27 50 40 43 -31 -32 -33 35 -35 -36 38 -38 -39 -40 -41 -42 -43 -44 -45 45 -47 -48 -49 -50 -51 -52 -53 -54 -55
leaf_value=0 -0.19273052201524193 -0.19141239720910128 -0.013976819388412666 0 0.2879956660926048 -0.26762432792404378 0.012498987854814403 0.096500162691035077 0.12752609043943799 0.3295474724744919 -0.4535177954016511 -0.17917534021745493 -0.0063772497874340283 -1.6006321951131566 -0.036364236825009631 -1.1079342189040549 -0.24589941280199687 0.099838207774436721 0.48085281449103645 -0.62609040849688447 -0.47685919531805787 0 0 0.14348117459692597 -0.081860486018207945 -0.48293583182800182 0 0 0 -3.3772299054599757 0.40860297157991249 0.54173949067843974 0.067943368935164866 0.12779872563862482 -0.77159020228000419 0.8738444190711625 -1.281591117047558 0 0.16564023815827214 0.65518463098827939 0 0 -1.5990297838519982 0 -0.79274684870855783 -0.39761598431823425 -0.7710493030903981 0.36685654256842665 0 -0.073914137927977214 0 0 0.51037631572012765 -1.4976813435985354
leaf_weight=142.44417160749435 94.667761504650116 1042.1512809991837 40.17043936252594 24863.881571769714 1599.0642864108086 4139.4090709686279 618.46792805194855 54.846023797988892 21945.244179546833 224.69091641902924 359.07234710454941 320.56230705976486 6226.344354569912 552.42833614349365 16285.532253265381 1834.7941946983337 2933.6173061132431 1781.3864502906799 71.500230073928833 2405.6274333000183 343.43524724245071 80.709865570068359 64.512640058994293 50.676651239395142 167.47529202699661 49.049413502216339 171.42330116033554 785.83032673597336 151.46827846765518 1194.8733505606651 337.00830686092377 89.327917039394379 45.933085978031158 83.922896385192871 270.46549916267395 1178.9439995288849 151.65586125850677 182.47069251537323 101.60480165481567 58.315487146377563 747.31846541166306 99.679158687591553 260.56324172019958 137.9672794342041 417.81337594985962 235.15830087661743 345.11493468284607 49.952490150928497 160.2937348484993 91.341000020503998 3953.5566808581352 1400.40046697855 51.688191652297974 138.78187453746796
leaf_count=170 19 944 35 32298 1039 4166 565 22 22191 141 115 404 5932 152 17162 1236 3158 1316 37 983 263 38 48 54 147 41 218 894 112 374 123 69 55 33 81 1447 54 120 126 42 146 15 159 88 202 148 371 72 176 110 1492 1710 43 89
internal_value=-0.0090244 -0.000930599 0.000170467 -0.0255499 -0.000264997 0.000590461 -0.00726233 -0.0149064 0.00159884 -0.00222635 -0.00474354 -0.0130241 0.0029182 -0.0110329 -0.000473285 -0.0166397 -0.00420375 -0.00240388 -0.0261025 -0.00971163 -0.00479955 -0.00501735 -0.0126144 0.0179685 -0.00833585 0.00236923 -0.0235271 -0.0199108 -0.0111529 -0.0222695 0.0119631 0.000497338 0.019502 -0.00492091 -0.00587994 0.0201712 -0.0206656 -0.0194809 0.0208523 -0.00245157 -0.0217714 -0.0185504 -0.0154464 -0.0157059 -0.0123254 -0.0153085 -0.00828875 -0.00511924 -0.00746971 0.00240849 -0.0248082 -0.0221894 -0.00917937 -0.0122774
internal_weight=101185 67924.5 62957.6 33260.1 61448.9 54741.7 6707.24 4966.94 46056.2 3589.98 8685.5 3117.26 28171.6 3266.19 17884.6 2155.36 3158.31 5920.8 32383 2764.7 961.903 877.076 376.743 1508.67 2562.1 113.562 7519.14 1993.76 360.936 1700.75 431.676 500.334 1366.65 1396.54 1312.62 1326.48 704.084 263.181 1280.55 411.006 1632.83 885.509 505.879 289.436 1165.56 652.972 512.59 352.69 302.738 142.018 5525.38 1571.82 245.316 193.628
internal_count=101245 63459 60640 37786 58813 52904 5909 2819 46324 3441 6580 2468 28123 2132 18201 1640 3299 5482 37010 1098 828 776 247 1827 1926 89 4712 1292 237 687 142 529 1663 1058 1025 1628 206 158 1573 460 1055 909 313 200 868 350 518 418 346 164 3420 1928 154 111
is_linear=0
shrinkage=0.0550285


Tree=4
num_leaves=55
num_cat=0
split_feature=0 28 49 24 23 12 6 35 1 29 23 1 4 45 11 22 33 23 34 11 54 34 26 11 24 5 28 6 1 13 35 33 6 35 38 23 11 29 13 35 33 35 23 7 7 10 12 35 1 13 31 35 27 22
split_gain=4421.76 251.826 142.952 121.972 87.4333 73.3374 64.9927 59.0643 47.3997 47.1136 42.3036 41.8908 31.0994 28.814 24.467 24.2234 22.8459 19.2154 16.0575 16.2779 18.0755 14.9565 14.1462 15.8164 17.4271 13.3026 13.0242 12.3118 11.8096 11.263 9.62132 9.73018 9.28488 8.98608 7.7145 7.58743 7.25591 11.9606 8.77842 6.8687 12.632 6.94667 6.60481 6.57077 6.44392 6.39384 6.3545 6.24108 6.23109 5.15829 4.93229 4.3359 4.05119 3.76222
threshold=0.03024999983608723 29.89500713348389 1.5000000000000002 24.784466743469242 0.7443651854991914 -0.62143209576606739 48.891017913818366 46.329853057861335 -2.0264048576354976 11.112301826477053 0.21609170734882358 10.083401679992678 -1.0000000180025095e-35 1.0000000180025095e-35 1.0000000180025095e-35 0.22678823024034503 137.67708587646487 0.30721916258335119 7.5981698036193857 5.1723005771636972 0.21053169667720797 201.13568878173831 -0.02400576043874025 0.23921661078929904 60.569742202758796 16.916357994079593 8.0424265861511248 -43.427698135375969 13.26772451400757 2.9288392066955571 50.52217102050782 70.612499237060561 -1.0000000180025095e-35 125.51826095581056 -0.63088750839233387 0.23779143393039706 0.01159889902919531 311.01898193359381 1.428617596626282 42.528936386108406 118.9833335876465 29.043992996215824 0.18183189630508426 0.015863254666328434 0.14102355390787127 0.2746922373771668 -0.32215704023838038 201.47133636474612 -1.5355953574180601 2.7161190509796147 12.500000000000002 17.682925224304203 0.013448896817862989 0.46970856189727789
decision_type=2 2 2 2 2 2 2 2 2 2 2 2 2 2 2 2 2 2 2 2 2 2 2 2 2 2 2 2 2 2 2 2 2 2 2 2 2 2 2 2 2 2 2 2 2 2 2 2 2 2 2 2 2 2
left_child=5 2 3 9 22 36 7 8 -5 30 -9 18 16 21 -7 -14 -11 33 25 20 -20 27 32 24 29 45 51 -4 34 -24 31 -2 52 -8 -25 -26 38 -38 -1 40 46 -42 -40 53 -19 -6 -28 -39 -32 -23 -45 -16 -3 -13
right_child=1 4 13 6 11 14 17 10 -10 12 -12 43 15 -15 26 -17 -18 44 19 -21 -22 49 23 28 35 -27 39 -29 -30 -31 48 -33 -34 -35 -36 -37 37 47 42 -41 41 -43 -44 50 -46 -47 -48 -49 -50 -51 -52 -53 -54 -55
leaf_value=0 -0.012476907239820348 -0.99694447335793535 -0.065989018582707351 0.19399003132772977 3.9320912499420144 0 -0.44600485038938342 0.02009997821647088 0.024071757211922357 -0.062881911728594142 0 -1.3012963200389025 -0.22701284840515495 -0.084432146545328851 0.66726587860145337 -2.0631881851197842 -0.47142886446767895 -1.3047113617996142 -1.01258971038876 0.016212904228295154 -0.70538230370806554 0.13395049740744641 -0.14597366193865016 0.43887674699058166 0.50274969366560829 -1.2285213272868718 0 0.87916660459416307 -1.3464178168688148 0.73556987500440008 0.10019885515988719 0.54617216311206929 -1.1900199194148733 0.1376353603919038 0.039973682677752601 -0.52099235854990322 0 0 0 0 0.18323279246059468 0 0.42021423316740103 -1.1168943679196115 -0.5284193156875906 -0.72334099553103415 0 0.93276691893146979 -0.20899909503763658 -0.27984801298146889 -2.5166456882163457 -0.18908275485289702 0.27671052462231549 -0.67731666160311876
leaf_weight=259.38257265090942 108.91553062200546 38.635118901729584 52.529973089694977 10877.819667935371 109.37089377641678 24863.881571769714 248.40656507015228 11134.344146847725 21201.942431807518 1121.343302488327 8284.9799780249596 120.32838654518127 289.92501944303513 130.58537918329239 36.394305825233459 726.18582093715668 2137.3147625923157 531.08365404605865 1152.1632580757141 154.93190270662308 1008.1745454668999 98.782466113567352 2164.5560413599014 290.8739538192749 83.056710124015808 118.056107878685 299.68091237545013 1110.2632877826691 85.33064079284668 120.77397972345352 89.117925107479095 247.60847598314285 241.31853324174881 140.97671747207642 386.28011232614517 1742.5644975304604 203.92225456237793 61.94409304857254 31.075314581394196 5006.5221465229988 76.574215233325958 90.492322444915771 80.801198661327362 291.95552885532379 64.640608429908752 87.306765496730804 1542.8969576358795 35.043572127819061 118.60225200653076 32.135513782501221 1237.319012761116 139.5702788233757 62.34613025188446 213.60763829946518
leaf_count=292 22 27 42 8865 43 32298 308 13600 21683 1047 6569 42 82 145 16 163 2459 278 514 31 494 113 1956 197 83 42 191 1407 65 76 29 85 104 155 392 1649 136 48 43 3337 16 68 73 86 31 24 1012 31 95 35 310 156 59 121
internal_value=-0.00901244 -0.00105674 0.000298323 -0.000127797 -0.00926653 -0.0256492 0.00064107 0.00091101 0.00236225 -0.00848811 -0.0014807 -0.0149023 -0.0104704 0.0175135 -0.0260278 -0.0189496 -0.00778767 -0.0133457 -0.0103417 -0.0119307 -0.0131802 0.0200205 -0.00438841 -0.0035974 -0.00495873 0.000998974 -0.0230775 0.0220134 0.00359494 -0.0016955 0.00632725 0.0118605 -0.0152863 -0.00347883 0.00614727 -0.00898025 -0.00741648 -0.0138175 -0.00190955 -0.0234564 -0.0203702 -0.00496754 0.0105095 -0.0212718 -0.019594 0.0100674 -0.0217036 0.00103586 -0.0026539 0.00145361 -0.022915 -0.00730137 -0.000138694 -0.0133724
internal_weight=101185 68456.5 58747.5 57323.2 9708.95 32728.2 52484.2 51499.1 32079.8 4839.01 19419.3 4493.21 4274.77 1424.3 32056 1016.11 3258.66 985.108 2630 2315.27 2160.34 1293.71 5215.74 4873.44 4110.95 314.734 7192.13 1162.79 762.485 2285.33 564.244 356.524 342.3 389.383 677.154 1825.62 672.169 300.91 371.259 7016.17 2009.64 167.067 111.877 1863.21 595.724 196.678 1842.58 96.9877 207.72 130.918 1529.27 175.965 100.981 333.936
internal_count=101245 63528 57213 55471 6315 37717 51489 50717 30548 3982 20169 1707 3751 1742 37094 245 3506 772 1148 1039 1008 1597 4608 4418 3764 109 4796 1449 654 2032 231 107 190 463 589 1732 623 215 408 4624 1287 84 116 559 309 67 1203 79 124 148 396 172 86 163
is_linear=0
shrinkage=0.0550285


end of trees

feature_importances:
price_std_60d=27
volume_std_60d=19
price_zscore_30d=14
bb_width=14
return_1d=13
volume_mean_30d=12
distance_to_support=11
return_60d=10
macd_signal=10
events_next_30d_game_update=10
volume_std_30d=9
volume_zscore_30d=9
price_std_30d=7
vol_regime_60_30=7
price_log=7
distance_to_resistance=7
rsi_14=6
volume_lag_7d=6
return_3d=5
events_next_30d_major=5
price_lag_1d=4
return_7d=4
price_std_7d=4
autocorr_1d=4
bb_pct_b=4
macd_missing=4
item_volume_vs_market_30d=4
return_30d=3
trend_divergence_30_60=3
volume_lag_1d=3
item_type_skin=3
return_14d=2
price_std_14d=2
price_std_20d=2
price_accel_7d=2
macd_line=2
macd_histogram=2
events_next_30d_operation=2
events_next_30d_case_drop=2
item_type_sticker=2
volume_log_change_7d=1
dow_sin=1
dow_cos=1
item_type_graffiti=1

parameters:
[boosting: gbdt]
[objective: quantile]
[metric: quantile]
[tree_learner: serial]
[device_type: cpu]
[data_sample_strategy: bagging]
[data: ]
[valid: ]
[num_iterations: 1000]
[learning_rate: 0.0550285]
[num_leaves: 55]
[num_threads: -1]
[seed: 128]
[deterministic: 0]
[force_col_wise: 0]
[force_row_wise: 0]
[histogram_pool_size: -1]
[max_depth: 7]
[min_data_in_leaf: 30]
[min_sum_hessian_in_leaf: 0.001]
[bagging_fraction: 0.7]
[pos_bagging_fraction: 1]
[neg_bagging_fraction: 1]
[bagging_freq: 5]
[bagging_seed: 7259]
[bagging_by_query: 0]
[feature_fraction: 0.85]
[feature_fraction_bynode: 1]
[feature_fraction_seed: 2349]
[extra_trees: 0]
[extra_seed: 22898]
[early_stopping_round: 0]
[early_stopping_min_delta: 0]
[first_metric_only: 0]
[max_delta_step: 0]
[lambda_l1: 2]
[lambda_l2: 1]
[linear_lambda: 0]
[min_gain_to_split: 0.1]
[drop_rate: 0.1]
[max_drop: 50]
[skip_drop: 0.5]
[xgboost_dart_mode: 0]
[uniform_drop: 0]
[drop_seed: 14092]
[top_rate: 0.2]
[other_rate: 0.1]
[min_data_per_group: 100]
[max_cat_threshold: 32]
[cat_l2: 10]
[cat_smooth: 10]
[max_cat_to_onehot: 4]
[top_k: 20]
[monotone_constraints: ]
[monotone_constraints_method: basic]
[monotone_penalty: 0]
[feature_contri: ]
[forcedsplits_filename: ]
[refit_decay_rate: 0.9]
[cegb_tradeoff: 1]
[cegb_penalty_split: 0]
[cegb_penalty_feature_lazy: ]
[cegb_penalty_feature_coupled: ]
[path_smooth: 0]
[interaction_constraints: ]
[verbosity: -1]
[saved_feature_importance_type: 0]
[use_quantized_grad: 0]
[num_grad_quant_bins: 4]
[quant_train_renew_leaf: 0]
[stochastic_rounding: 1]
[linear_tree: 0]
[max_bin: 63]
[max_bin_by_feature: ]
[min_data_in_bin: 3]
[bin_construct_sample_cnt: 200000]
[data_random_seed: 456]
[is_enable_sparse: 1]
[enable_bundle: 1]
[use_missing: 1]
[zero_as_missing: 0]
[feature_pre_filter: 0]
[pre_partition: 0]
[two_round: 0]
[header: 0]
[label_column: ]
[weight_column: ]
[group_column: ]
[ignore_column: ]
[categorical_feature: ]
[forcedbins_filename: ]
[precise_float_parser: 0]
[parser_config_file: ]
[objective_seed: 18400]
[num_class: 1]
[is_unbalance: 0]
[scale_pos_weight: 1]
[sigmoid: 1]
[boost_from_average: 1]
[reg_sqrt: 0]
[alpha: 0.5]
[fair_c: 1]
[poisson_max_delta_step: 0.7]
[tweedie_variance_power: 1.5]
[lambdarank_truncation_level: 30]
[lambdarank_norm: 1]
[label_gain: ]
[lambdarank_position_bias_regularization: 0]
[eval_at: ]
[multi_error_top_k: 1]
[auc_mu_weights: ]
[num_machines: 1]
[local_listen_port: 12400]
[time_out: 120]
[machine_list_filename: ]
[machines: ]
[gpu_platform_id: -1]
[gpu_device_id: -1]
[gpu_use_dp: 0]
[num_gpu: 1]

end of parameters

pandas_categorical:[]
