tree
version=v4
num_class=1
num_tree_per_iteration=1
label_index=0
max_feature_idx=54
objective=quantile
feature_names=price_lag_1d return_1d return_3d return_7d return_14d return_30d return_60d price_std_7d price_std_14d price_std_20d price_std_30d price_std_60d price_zscore_30d vol_regime_60_30 trend_divergence_30_60 price_accel_7d price_log price_tier log_return_1d log_return_7d autocorr_1d autocorr_7d bb_pct_b bb_width rsi_14 macd_line macd_signal macd_histogram distance_to_support distance_to_resistance volume_missing volume_lag_1d volume_lag_7d volume_mean_30d volume_std_30d volume_std_60d volume_log_change_1d volume_log_change_7d volume_zscore_30d volume_price_conf_7d volume_price_conf_1d rsi_missing macd_missing dow_sin dow_cos events_next_30d_major events_next_30d_operation events_next_30d_case_drop events_next_30d_update events_next_30d_game_update item_type_graffiti item_type_skin item_type_sticker item_type_unknown item_volume_vs_market_30d
feature_infos=[0.029999999329447746:928.8800048828125] [-99.888870239257812:500] [-99.896278381347656:500] [-99.901214599609375:500] [-99.288597106933594:500] [-99.288597106933594:500] [-99.069480895996094:500] [0:165.13458251953125] [0:156.91107177734375] [0:135.43109130859375] [0:111.69504547119141] [0:90.068748474121094] [-4.516660213470459:5.2946515083312988] [0.7020072340965271:347.1495361328125] [-751.36993408203125:709.63470458984375] [-599.9012451171875:592.04339599609375] [-3.5065579414367676:6.833979606628418] [0:4] [-6.8021969795227051:4.4705967903137207] [-6.9199800491333008:4.5688667297363281] [-49944.43359375:60158.53515625] [-49950.609375:24038.4609375] [-0.45675897598266602:1.5621322393417358] [0.018997181206941605:17.437999725341797] [0:99.705314636230469] [-23.512050628662109:23.676826477050781] [-16.828514099121094:19.590114593505859] [-11.454108238220215:18.214382171630859] [0.010015022940933704:9543.478515625] [0.013550135307013988:106457.8984375] none [1:238372] [1:238372] [1:121047.53125] [1.1841870546340942:79946.21875] [1.4142135381698608:69461.5] [-5.8622097969055176:9.0481739044189453] [-5.2044291496276855:6.4952654838562012] [-3.1766712665557861:5.283144474029541] [-99.901214599609375:500] [-99.888870239257812:500] [0:1] [0:1] [-0.97492790222167969:0.97492790222167969] [-0.90096884965896606:1] [0:2] [0:1] [0:1] none [0:1] [0:1] [0:1] [0:1] none [0.0010421525221318007:280.05703735351562]
tree_sizes=1674 1766 1755 1754 1745 1773 1771 1752 1760 1755 1756 1769 1765 1764 1759 1770 1766 1769 1753 1752 1756 1742 1752 1765 1763 1777 1779 1773 1768 1780 1751 1763 1760 1762 1755 1765 1768 1767

Tree=0
num_leaves=15
num_cat=0
split_feature=12 31 3 45 12 6 23 5 33 6 1 36 35 22
split_gain=200.362 46.4001 33.2879 40.5744 32.5327 32.078 27.1793 20.7277 25.8002 20.4663 9.93635 9.81579 8.0543 8.72588
threshold=-0.1825786158442497 40.500000000000007 -7.5467195510864249 1.0000000180025095e-35 -0.18253146111965177 -18.041157722473141 0.30292455852031713 -46.725141525268548 645.53332519531261 -10.110575675964354 -1.923061668872833 -0.030143572017550465 243.22550201416018 0.52417823672294628
decision_type=2 2 2 2 2 2 2 2 2 2 2 2 2 2
left_child=1 6 3 5 -2 -3 -1 8 -4 11 -11 -8 -6 -14
right_child=4 2 7 -5 12 -7 9 -9 -10 10 -12 -13 13 -15
leaf_value=12.121034112947074 11.536205482837776 12.176919808017248 11.997243634771221 12.037011471463911 11.87836478923186 12.444019621285086 13.113365246318667 11.994645961111432 12.782964928062919 12.824523536920742 12.23213769913075 13.057916197618212 12.444163004378398 12.04702913461951
leaf_weight=1660.398093521595 15697.479534447193 2031.2098506689072 520.03493821620941 4152.6304625868797 7716.2499697804451 2387.6604688763618 609.29343217611313 13438.342986524105 282.1330099105835 829.69106143712997 772.68118590116501 920.01511627435684 197.17513877153397 859.86485379934311
leaf_count=1790 18404 1831 230 3384 8007 1381 407 13995 148 391 485 657 156 859
internal_value=11.9999 12.0021 12.0014 12.0033 11.9973 12.0059 12.0056 12.0003 12.0063 12.0077 12.0046 12.011 11.9992 12.0024
internal_weight=52074.9 27604.1 22812 8571.5 24470.8 4418.87 4792.08 14240.5 802.168 3131.68 1602.37 1529.31 8773.29 1057.04
internal_count=52125 24699 20969 6596 27426 3212 3730 14373 378 1940 876 1064 9022 1015
is_linear=0
shrinkage=1


Tree=1
num_leaves=15
num_cat=0
split_feature=7 4 45 26 1 33 3 52 31 16 29 29 12 8
split_gain=191.772 73.4291 39.4985 21.1134 20.8299 20.735 20.4724 12.6457 10.6595 10.1264 7.99946 7.8446 6.88725 6.16061
threshold=0.00092546257656067621 -10.918593883514403 1.0000000180025095e-35 -0.071088455617427812 -5.0768694877624503 58.116666793823249 -11.776073932647703 1.0000000180025095e-35 71.500000000000014 -2.9858310222625728 15.585730075836183 93.346355438232436 -0.13087096810340879 0.0049727277364581832
decision_type=2 2 2 2 2 2 2 2 2 2 2 2 2 2
left_child=-1 2 3 -2 8 9 -5 10 12 -4 -6 -9 -3 -10
right_child=1 4 5 6 7 -7 -8 11 13 -11 -12 -13 -14 -15
leaf_value=-0.44586907098307954 0.080571181990328061 0.91998804894983599 2.1367090885347477 0.54854938083026861 -0.10773389249371683 0.064967464111954573 0.3495304096538418 0.18506565519993642 0.37452425761050778 0.47164220573697041 0.018350479877638364 0.55355026716024147 0.0087384461514378956 -0.059148469274336868
leaf_weight=16526.554184257984 943.80621558427811 1179.1035494208336 196.89813184738159 2111.1525490283966 8569.1776540875435 4973.7264104485512 2401.1843069791794 2587.3316534757614 365.6112203001976 936.96272385120392 9422.3636844158173 384.80537182092667 283.66803586483002 1192.514411509037
leaf_count=19791 758 725 168 1452 9922 3909 2050 2654 395 792 8418 179 231 681
internal_value=-0.000174869 0.00142316 0.00395294 0.00634657 0.000200831 0.00180376 0.00744784 -0.000229064 0.00320147 0.0065218 -0.000617425 0.00210118 0.00557687 0.000929986
internal_weight=52074.9 35548.3 11563.7 5456.14 23984.6 6107.59 4512.34 20963.7 3020.9 1133.86 17991.5 2972.14 1462.77 1558.13
internal_count=52125 32334 9129 4260 23205 4869 3502 21173 2032 960 18340 2833 956 1076
is_linear=0
shrinkage=0.0386495


Tree=2
num_leaves=15
num_cat=0
split_feature=7 3 45 29 12 33 33 27 6 54 23 14 6 31
split_gain=185.652 57.9989 35.9608 33.9183 19.087 15.2583 14.5291 11.8245 11.7216 22.088 19.7707 9.13626 7.95928 7.39893
threshold=0.00092546257656067621 -9.6753931045532209 1.0000000180025095e-35 43.162210464477546 -0.32159784436225886 34.016666412353523 43.049999237060554 0.001164322311524302 -18.041157722473141 0.10004824399948122 0.32410560548305517 0.86606848239898693 61.726131439208991 75.500000000000014
decision_type=2 2 2 2 2 2 2 2 2 2 2 2 2 2
left_child=-1 2 8 7 5 -5 11 12 9 -2 -10 -4 -3 -6
right_child=1 3 6 4 13 -7 -8 -9 10 -11 -12 -13 -14 -15
leaf_value=-0.42863643510856564 0.921557562839186 0.01220331520368668 0.39456791402153146 0.89680220008103262 0.24579153280983329 0.35406430774256153 0.054401097554924643 -0.12719270104319666 0.41202417360084476 0.15043642952410255 0.64651057215703611 1.9964369183951283 0.41782072858052283 -0.15233783839785436
leaf_weight=16526.554184257984 452.38855224847794 12272.994433701038 323.01337051391602 634.52509427070618 1356.7454940080643 4015.2962675690651 3561.4544129371643 6970.6697536706924 1084.8523511886597 1549.2056151628494 1404.3409125804901 270.87212288379669 263.29955321550369 1388.6479846835136
leaf_count=19791 320 13399 280 377 598 2458 2564 8701 579 1367 825 238 165 463
internal_value=-0.000230242 0.00134205 0.00409627 0.000454474 0.00268397 0.00419257 0.00148581 -0.00038796 0.00649709 0.00422853 0.00829314 0.00707981 0.000317748 0.000106592
internal_weight=52074.9 35548.3 8646.13 26902.2 7395.21 4649.82 4155.34 19507 4490.79 2001.59 2489.19 593.885 12536.3 2745.39
internal_count=52125 32334 6173 26161 3896 2835 3082 22265 3091 1687 1404 518 13564 1061
is_linear=0
shrinkage=0.0386495


Tree=3
num_leaves=15
num_cat=0
split_feature=7 4 5 24 31 16 1 5 22 36 26 38 10 11
split_gain=178.912 62.1446 22.6541 22.393 24.0147 19.5418 16.2617 16.0182 26.2551 9.81012 9.13047 7.37212 7.04322 10.3858
threshold=1.0000000180025095e-35 -10.918593883514403 -39.727355957031243 28.574430465698246 89.500000000000014 -3.0683608055114742 -6.9372181892395011 -17.300539016723629 0.11118854209780694 1.4963011741638186 -0.013537499587982891 -0.46917618811130518 0.047951003536582 0.55412015318870556
decision_type=2 2 2 2 2 2 2 2 2 2 2 2 2 2
left_child=-1 3 12 7 5 -5 9 -2 -9 -4 -8 -6 -3 -14
right_child=1 2 6 4 11 -7 10 8 -10 -11 -12 -13 13 -15
leaf_value=-0.41206983273695608 0.051351305854269405 0.23211843812242217 0.29861058906898386 1.3055744922211503 0.029018035924392591 0.5444725935567345 -0.11794286059677052 0.30369873106329565 0.030699549462119155 1.1696781845293305 0.010744404525774826 0.32009667296773464 0.7202946202541306 -0.04113662525283944
leaf_weight=16070.669534742832 4051.2217985987663 241.66337740421295 1872.0139511227608 450.00753498077393 1106.7507182359695 2625.9259082078934 6039.1521495580673 880.67675584554672 1049.0144911408424 232.95244145393372 15548.214357435703 1487.0230169296265 300.71837484836578 118.8556923866272
leaf_count=19236 3292 171 1130 327 919 1864 7365 671 964 53 14731 1195 132 75
internal_value=-0.000290887 0.00122144 0.000108297 0.00354288 0.00528859 0.00760707 -8.64979e-05 0.00187709 0.00477668 0.00315138 -0.000405169 0.00251305 0.00715447 0.0101992
internal_weight=52074.9 36004.2 24353.6 11650.6 5669.71 3075.93 23692.3 5980.91 1929.69 2104.97 21587.4 2593.77 661.237 419.574
internal_count=52125 32889 23657 9232 4305 2191 23279 4927 1635 1183 22096 2114 378 207
is_linear=0
shrinkage=0.0386495


Tree=4
num_leaves=15
num_cat=0
split_feature=7 4 45 5 3 5 33 1 31 27 36 10 11 6
split_gain=172.468 57.0282 30.7528 25.6639 30.6846 19.5912 16.9815 14.4637 11.8123 8.97195 8.34178 7.06137 8.9742 6.12419
threshold=1.0000000180025095e-35 -11.511278629302977 1.0000000180025095e-35 -15.408562660217283 -12.633945941925047 -39.727355957031243 43.049999237060554 -3.3315714597702022 40.500000000000007 0.0014060946996323766 1.4963011741638186 0.047951003536582 0.39646312594413763 -5.4437561035156241
decision_type=2 2 2 2 2 2 2 2 2 2 2 2 2 2
left_child=-1 2 3 8 -5 11 13 10 -2 -9 -7 -3 -13 -4
right_child=1 5 6 4 -6 7 -8 9 -10 -11 -12 12 -14 -15
leaf_value=-0.39614352197767649 0.73305830361790059 0.20515719844367625 0.87450286113848974 0.60948454005200614 0.27066339497533676 0.13286293692116513 0.074692040149149416 0.0028996882080591117 0.16023770854015842 -0.14037845176798061 1.1850950656501722 0.68116350737922582 0.2139505180625666 0.27640241436684543
leaf_weight=16070.669534742832 549.73005419969559 255.28458088636398 513.65520423650742 848.82173359394073 1294.0459402799606 4197.6934780478477 5128.1024799346924 13274.737226843834 2536.2652446627617 6450.1197230815887 252.69337528944016 301.98459643125534 130.71076250076294 270.34616816043854
leaf_count=19236 377 180 446 431 1010 3530 3967 12545 2245 7627 75 124 89 243
internal_value=-0.000352566 0.00113223 0.00343001 0.00559283 0.00885724 0.000100092 0.0015061 -8.08113e-05 0.00330302 -0.000532191 0.0019061 0.00652278 0.00954034 0.0068045
internal_weight=52074.9 36004.2 11141 5228.86 2142.87 24863.2 5912.1 24175.2 3086 19724.9 4450.39 687.98 432.695 784.001
internal_count=52125 32889 8719 4063 1441 24170 4656 23777 2622 20172 3605 393 213 689
is_linear=0
shrinkage=0.0386495


Tree=5
num_leaves=15
num_cat=0
split_feature=7 3 29 45 6 22 12 34 33 16 10 6 27 52
split_gain=178.492 57.1784 27.4578 25.4066 20.7984 24.7687 20.4542 18.3129 15.0554 14.1592 13.8641 10.5663 9.35623 9.06435
threshold=1.0000000180025095e-35 -9.6753931045532209 52.07323074340821 1.0000000180025095e-35 -18.041157722473141 1.0000000180025095e-35 -0.46561808884143824 9.0216856002807635 24.483333587646488 -2.9858310222625728 0.034972732886672027 -10.110575675964354 7.1969727287068977e-05 1.0000000180025095e-35
decision_type=2 2 2 2 2 2 2 2 2 2 2 2 2 2
left_child=-1 3 10 4 9 -6 8 11 -4 -2 13 -5 -9 -3
right_child=1 2 6 7 5 -7 -8 12 -10 -11 -12 -13 -14 -15
leaf_value=-0.38083275585246157 0.69992031684128453 0.00095300252842810368 1.3149490763141669 2.0306751432155248 0.37959813057770903 0.6207737301989511 0.03630412474687153 0.042828827020073144 0.39985654649837582 0.10003200380228731 -0.088943321671319436 0.31920982796347958 0.50150808135304925 0.39016711109955532
leaf_weight=16114.944436609745 371.7171403169632 9770.8427895903587 281.29206746816635 181.56135934591293 636.88225173950195 1953.0899793505669 3245.7489286661148 3564.2388518452644 2858.4750633239746 1704.2588321566582 9041.8003308773041 132.26607900857925 309.84505134820938 2167.7477128505707
leaf_count=19116 270 10901 159 136 245 1198 1228 2686 1617 1431 10374 91 174 2273
internal_value=-0.000262827 0.00124155 0.000365643 0.00394162 0.00590781 0.00823016 0.00258531 0.00173538 0.00481011 0.00297743 -0.000307346 0.0107037 0.00098878 0.000553757
internal_weight=52334.7 36219.8 27365.9 8853.86 4665.95 2589.97 6385.52 4187.91 3139.77 2075.98 20980.4 313.827 3874.08 11938.6
internal_count=51899 32783 26552 6231 3144 1443 3004 3087 1776 1701 23548 227 2860 13174
is_linear=0
shrinkage=0.0386495


Tree=6
num_leaves=15
num_cat=0
split_feature=41 2 54 1 52 22 6 36 45 27 26 26 8 16
split_gain=170.689 46.4695 24.3684 19.3427 16.6 16.1474 13.1665 13.1557 12.3935 10.5881 9.49526 9.30995 9.29992 8.96154
threshold=1.0000000180025095e-35 -5.969097137451171 0.062878157943487181 -5.559335231781005 1.0000000180025095e-35 -0.063463669270277009 7.6977941989898691 1.1328400373458865 1.0000000180025095e-35 -0.00034901147591881449 0.015113980509340765 -6.757242226740344e-05 0.050299979746341712 -0.84280863404273976
decision_type=2 2 2 2 2 2 2 2 2 2 2 2 2 2
left_child=1 2 6 7 9 8 10 11 -4 -5 -1 -3 -7 -6
right_child=-2 3 5 4 13 12 -8 -9 -10 -11 -12 -13 -14 -15
leaf_value=0.85521249763685403 -0.36611374384244894 0.34579681787201771 0.24503660732359681 0.032459224973177929 0.43588512989885059 0.34989913993076038 0.011326554472963992 1.4338883204686235 0.024738794920842598 -0.10324142556792676 2.0592651228776035 -0.079674572357174858 0.0091932213545021218 -0.08303947135182782
leaf_weight=1065.322813808918 15783.701354146004 1229.3196311593056 752.47018086910248 9204.8030965328217 3103.6658257842064 3892.8941335678101 274.18997150659561 304.72523564100266 304.38411998748779 11769.522158443928 161.46081906557083 879.54225069284439 2535.6281229257584 1073.0811603665352
leaf_count=832 18647 1073 413 8492 2753 2901 168 79 325 13283 72 413 1377 1071
internal_value=-0.000317597 0.00113166 0.00354562 0.000342389 2.27863e-05 0.00263147 0.00805634 0.00364607 0.00707472 -0.000418029 0.00976658 0.00251996 0.00189 0.00224944
internal_weight=52334.7 36551 8986.35 27564.7 25151.1 7485.38 1500.97 2413.59 1056.85 20974.3 1226.78 2108.86 6428.52 4176.75
internal_count=51899 33252 6088 27164 25599 5016 1072 1565 738 21775 904 1486 4278 3824
is_linear=0
shrinkage=0.0386495


Tree=7
num_leaves=15
num_cat=0
split_feature=41 3 1 45 31 22 6 29 5 34 27 29 29 2
split_gain=162.867 41.7024 20.0194 19.6574 20.1608 13.2998 21.1507 16.2571 12.8989 20.5666 10.385 7.16314 7.11751 9.03853
threshold=1.0000000180025095e-35 -11.017656326293944 -5.0768694877624503 1.0000000180025095e-35 5.5000000000000009 1.0000000180025095e-35 -18.041157722473141 214.51734924316409 -39.727355957031243 339.62196350097662 0.0014060946996323766 214.51734924316409 117.53787994384767 -16.98638820648193
decision_type=2 2 2 2 2 2 2 2 2 2 2 2 2 2
left_child=1 3 12 5 -5 6 -1 -7 9 -4 -10 -6 -3 -14
right_child=-2 2 8 4 11 7 -8 -9 10 -11 -12 -13 13 -15
leaf_value=0.05012828046566159 -0.35196361492146033 0.16534764855628709 0.039612188834467731 1.6774168463485433 0.19332539251485215 0.20659942072207954 0.36039283574435577 1.7167833101211261 0.017760642026504368 0.37435171282134594 -0.12675441801777287 -0.3197286632052615 -0.34335131328899682 0.6664974674446007
leaf_weight=400.15835040807724 15783.701354146004 2308.7468048930168 814.33934754133224 159.37097525596619 2689.637661755085 2273.3465888500214 566.02263230085373 818.19426089525223 17111.578148305416 334.69699847698212 6990.1682391762733 852.73488360643387 241.06712734699249 990.94750154018402
leaf_count=348 18647 2100 453 87 2213 1782 203 307 16634 178 8334 257 68 288
internal_value=-0.000393881 0.00102173 0.000341676 0.00353688 0.00147735 0.0053998 0.00940359 0.0041245 -3.77836e-05 0.00395657 -0.00023093 0.000850868 0.00306264 0.00545564
internal_weight=52334.7 36551 28791.5 7759.47 3701.74 4057.72 966.181 3091.54 25250.8 1149.04 24101.7 3542.37 3540.76 1232.01
internal_count=51899 33252 28055 5197 2557 2640 551 2089 25599 631 24968 2470 2456 356
is_linear=0
shrinkage=0.0386495


Tree=8
num_leaves=15
num_cat=0
split_feature=41 2 54 1 22 52 36 39 35 1 24 25 7 38
split_gain=159.76 39.628 23.3883 19.1031 14.3969 13.0342 10.6585 10.0908 9.71613 8.51049 8.25795 7.44115 7.2707 7.26758
threshold=1.0000000180025095e-35 -6.903559446334838 0.062878157943487181 -5.559335231781005 -0.063463669270277009 1.0000000180025095e-35 1.1328400373458865 -6.5787403583526602 196.22500610351565 -9.5234794616699201 17.250130653381351 -0.00034398713614791626 0.013061210978776218 -0.92504617571830738
decision_type=2 2 2 2 2 2 2 2 2 2 2 2 2 2
left_child=1 2 9 6 8 7 11 -5 -4 13 -6 -3 -7 -1
right_child=-2 3 4 5 10 12 -8 -9 -10 -11 -12 -13 -14 -15
leaf_value=1.1294807521065986 -0.33836038201802948 0.32296945622674816 0.25432322076880975 0.14304499512843946 -0.090523454422920258 0.39825919003211696 1.3436606589158402 -0.051577871424283273 -0.16440714754353911 0.66317073944141891 0.25172993340346372 -0.011447768553457433 -0.036169497030319929 0.93428089883509058
leaf_weight=82.285811722278595 15783.701354146004 1343.6373246312141 836.82298648357391 2415.7824838161469 1325.2360988855362 2815.0676972866058 306.41016358137131 19329.738127171993 139.8642942905426 872.23830056190491 4220.547082901001 979.54826551675797 1500.98258715868 382.84829634428024
leaf_count=48 18647 1129 555 2216 697 2680 80 20255 101 638 2801 522 1284 246
internal_value=-0.00042536 0.000976661 0.00340846 0.000308266 0.00243953 -6.40946e-06 0.00344664 -0.000393741 0.00678128 0.00808005 0.00166226 0.00251475 0.00193093 0.0124089
internal_weight=52334.7 36551 7859.84 28691.2 6522.47 26061.6 2629.6 21745.5 976.687 1337.37 5545.78 2323.19 4316.05 465.134
internal_count=51899 33252 5086 28166 4154 26435 1731 22471 656 932 3498 1651 3964 294
is_linear=0
shrinkage=0.0386495


Tree=9
num_leaves=15
num_cat=0
split_feature=41 3 45 2 23 5 33 10 31 24 31 29 27 45
split_gain=158.043 36.6505 17.9761 16.7325 17.1177 16.3998 20.1076 18.8848 16.4658 13.3313 11.9045 10.5208 7.6355 7.33358
threshold=1.0000000180025095e-35 -9.6753931045532209 1.0000000180025095e-35 -11.991606712341307 0.25843147933483129 -39.727355957031243 645.53332519531261 0.044406274333596236 37.500000000000007 1.0000000180025095e-35 5.5000000000000009 214.51734924316409 0.0002049521135631949 1.0000000180025095e-35
decision_type=2 2 2 2 2 2 2 2 2 2 2 2 2 2
left_child=1 2 3 4 -1 6 -3 -8 9 -7 -4 -5 -12 -10
right_child=-2 5 10 11 -6 8 7 -9 13 -11 12 -13 -14 -15
leaf_value=0.33663434102582324 -0.32528290785095637 0.15909098543756886 1.252577122463006 0.14018742058549938 0.80500360206744392 0.56856293694781912 0.14952515683506695 0.69942915657175231 0.017054428414419634 0.20204530918528729 0.036888042607909594 0.92935811605046159 0.5466375479173774 -0.08533458784399818
leaf_weight=300.4596563577652 15783.701354146004 945.62067180871964 169.68191683292389 2869.1824170351028 1000.7834296226501 189.4320701956749 153.08008641004562 252.31989455223083 12001.50001335144 4205.9125782847404 3759.573683321476 531.32012873888016 285.55945581197739 9886.5835180282593
leaf_count=107 18647 489 98 2241 603 40 89 130 11822 3773 2848 208 153 10651
internal_value=-0.000442886 0.000951567 0.00310642 0.00475351 0.00850716 0.000254007 0.00440404 0.0116003 3.81623e-05 0.00219836 0.00125392 0.00329594 0.000814974 -0.000393139
internal_weight=52334.7 36551 8916.56 4701.75 1301.24 27634.4 1351.02 405.4 26283.4 4395.34 4214.82 3400.5 4045.13 21888.1
internal_count=51899 33252 6258 3159 710 26994 708 219 26286 3813 3099 2449 3001 22473
is_linear=0
shrinkage=0.0386495


Tree=10
num_leaves=15
num_cat=0
split_feature=7 4 16 6 5 3 34 0 29 6 32 35 25 33
split_gain=153.942 43.8661 17.8127 16.7692 25.9898 22.3081 15.1895 12.1463 11.4937 15.7895 9.09863 4.60897 5.18794 4.09386
threshold=0.00092546257656067621 -12.764001369476317 -1.2123424410820005 1.0000000180025095e-35 -15.408562660217283 -12.633945941925047 521.22842407226574 0.61349999904632579 93.346355438232436 -28.23498439788818 82.500000000000014 13.478477478027346 -1.0000000180025095e-35 176.25000000000003
decision_type=2 2 2 2 2 2 2 2 2 2 2 2 2 2
left_child=11 3 7 4 6 -6 -2 10 -4 -10 -3 12 -1 -5
right_child=1 2 8 13 5 -7 -8 -9 9 -11 -12 -13 -14 -15
leaf_value=-0.31271087208530146 0.17015341834526013 0.30991537794083057 -0.065670691238312096 0.13846726783432389 0.5549432191213256 0.28568348945827043 0.74469798846170177 2.0501251129923324 0.25620430860753934 0.29319464347638902 0.02637673329259628 -0.31271087208530146 0.62525991148092841 -0.14606177304867501
leaf_weight=55.557818472385406 5165.4925231933594 4354.742372751236 12200.607211589813 1262.0428014397621 801.86851853132248 1238.1117240190506 466.05342650413513 90.283038973808289 134.30782318115234 935.72708094120026 8074.6566836833954 16288.243762969971 40.831647932529449 953.0179625749588
leaf_count=83 4364 3274 13823 719 496 1123 242 17 49 345 7243 19620 16 581
internal_value=-0.000433971 0.000989029 0.000147505 0.00317791 0.00403343 0.00778436 0.00266212 0.00119507 -0.000836448 0.00298552 0.00108615 -0.00353578 0.00456446 0.000187819
internal_weight=52061.5 35676.9 25790.3 9886.59 7671.53 2039.98 5631.55 12519.7 13270.6 1070.03 12429.4 16384.6 96.3895 2215.06
internal_count=51995 32276 24751 7525 6225 1619 4606 10534 14217 394 10517 19719 99 1300
is_linear=0
shrinkage=0.0386495


Tree=11
num_leaves=15
num_cat=0
split_feature=7 3 29 32 26 10 34 45 36 27 1 51 32 27
split_gain=149.213 35.3782 18.6118 15.3888 18.9109 13.6028 13.1374 14.7527 12.7789 10.5365 10.1118 9.76835 6.68247 6.45985
threshold=0.00092546257656067621 -9.6753931045532209 93.346355438232436 429.50000000000006 -0.024935165420174595 0.037614874541759498 9.0216856002807635 1.0000000180025095e-35 1.1328400373458865 -0.00080582324881106604 -9.5234794616699201 1.0000000180025095e-35 5.5000000000000009 0.00049705588025972258
decision_type=2 2 2 2 2 2 2 2 2 2 2 2 2 2
left_child=-1 6 5 8 -5 9 10 11 -4 -3 12 -8 -2 -9
right_child=1 2 3 4 -6 -7 7 13 -10 -11 -12 -13 -14 -15
leaf_value=-0.30062473975778636 1.401834223042836 0.17253145871308231 0.14384949922019896 0.48770366758046402 0.34450636856033257 -0.078548641198951191 0.56756674871555912 0.046899192521470401 1.3231816112050974 0.0026232940016588267 0.91103474683143471 0.19179406170373309 2.3862602761337799 0.53358011423515428
leaf_weight=16384.633229374886 106.22159290313721 2608.6021175980568 3671.0503395199776 203.07483637332916 239.37288308143616 9675.3829649686813 1130.681838452816 3549.1736764907837 285.41290026903152 10178.17990809679 496.85102611780167 3184.6377693414688 136.95025396347046 211.31906020641327
leaf_count=19719 56 2594 1255 108 123 10687 740 2691 55 11249 341 2201 74 102
internal_value=-0.000482018 0.000918918 0.000219264 0.00251872 0.00936847 -0.000228656 0.00304359 0.00257998 0.00173372 0.000595533 0.00800424 0.00412478 0.0145513 0.000790601
internal_weight=52061.5 35676.9 26861.1 4398.91 442.448 22462.2 8815.84 8075.81 3956.46 12786.8 740.023 4315.32 243.172 3760.49
internal_count=51995 32276 26071 1541 231 24530 6205 5734 1310 13843 471 2941 130 2793
is_linear=0
shrinkage=0.0386495


Tree=12
num_leaves=15
num_cat=0
split_feature=41 2 32 16 1 11 51 24 6 29 12 38 54 27
split_gain=144.466 31.9029 22.4116 14.8938 11.8753 11.3896 10.6679 8.65112 8.86118 6.57501 5.23979 4.9535 4.28387 3.69244
threshold=1.0000000180025095e-35 -6.903559446334838 17.500000000000004 -0.7225765287876128 -5.559335231781005 0.34510813653469091 1.0000000180025095e-35 17.250130653381351 4.8831610679626474 52.07323074340821 -0.46561808884143824 0.67169889807701122 0.21461031585931781 -0.0044809451792389146
decision_type=2 2 2 2 2 2 2 2 2 2 2 2 2 2
left_child=1 2 9 4 5 -3 -6 12 -9 -1 -11 -5 -4 -13
right_child=-2 3 7 11 6 -7 -8 8 -10 10 -12 13 -14 -15
leaf_value=0.42418334702817395 -0.2890057309225379 0.35095517443249719 0.096899641926128072 -0.069290600440191641 0.26531859184283085 1.9619633092299464 -0.0027093108066053224 0.27479113749528439 -0.014892930876863839 2.0139888823149614 0.97603173683726463 0.12385736627115297 -0.089480214106124334 -0.054997974257736858
leaf_weight=301.77285653352737 15522.75476449728 1697.2857816815376 272.03266781568527 9414.5802881121635 3958.8546231985092 85.742581248283386 11427.139242768288 4459.6685991287231 1195.8519584536552 347.43034291267395 134.24632596969604 844.09263223409653 1255.1033542156219 1144.9883779883385
leaf_count=316 18644 1161 138 10652 3616 23 10765 3119 675 214 37 755 681 1199
internal_value=-0.000528418 0.000797317 0.00296039 0.000192056 0.000912834 0.00390245 0.000562148 0.00227109 0.0029688 0.00918422 0.0120557 -0.000888013 -0.000275397 0.000846463
internal_weight=52061.5 36538.8 7966.11 28572.7 17169 1783.03 15386 7182.66 5655.52 783.45 481.677 11403.7 1527.14 1989.08
internal_count=51995 33351 5180 28171 15565 1184 14381 4613 3794 567 251 12606 819 1954
is_linear=0
shrinkage=0.0386495


Tree=13
num_leaves=15
num_cat=0
split_feature=8 4 24 36 29 8 32 3 31 45 6 25 34 15
split_gain=138.238 33.0442 17.5261 12.8281 14.6145 13.8793 12.7052 12.1354 10.9837 7.97615 7.69753 5.3236 4.62895 4.54028
threshold=1.0000000180025095e-35 -12.764001369476317 28.574430465698246 1.1328400373458865 156.2136154174805 0.034467576071619994 82.500000000000014 -17.642874717712399 549.50000000000011 1.0000000180025095e-35 -14.048510074615477 1.0000000180025095e-35 521.22842407226574 -5.5770013332366934
decision_type=2 2 2 2 2 2 2 2 2 2 2 2 2 2
left_child=-1 2 9 5 -5 6 -3 8 -4 10 -2 -9 -11 -7
right_child=1 3 7 4 -6 13 -8 11 -10 12 -12 -13 -14 -15
leaf_value=-0.27783579147001003 0.06459077257702614 0.25456751834269803 1.1319938829502418 0.18057697242781096 1.2598232566303988 0.0078637014154278335 -0.0087815743655910109 0.31851245378847826 -0.38218390426259347 -0.0340258016387976 0.12753102015493331 -0.13228522388648856 0.7092698211606987 -0.12690894507045752
leaf_weight=15183.226184368134 1525.912425994873 4729.4903769493103 938.318235039711 493.24689483642578 216.03409588336945 2657.8409123420715 11043.306071639061 3129.5817648768425 154.97224420309067 2779.5806414484978 881.91223478317261 285.49801248311996 413.86555558443069 7628.7587463259697
leaf_count=18623 1401 4249 526 393 41 2428 11965 2486 109 2303 579 124 177 6591
internal_value=-0.000574174 0.000702428 0.00258478 -6.44796e-06 0.00511231 -0.000148376 0.000569404 0.00438249 0.00796082 0.00112644 0.00280616 0.00321599 -0.000122875 -0.0012545
internal_weight=52061.5 36878.3 10109.6 26768.7 709.281 26059.4 15772.8 4508.37 1093.29 5601.27 2407.82 3415.08 3193.45 10286.6
internal_count=51995 33372 7705 25667 434 25233 16214 3245 635 4460 1980 2610 2480 9019
is_linear=0
shrinkage=0.0386495


Tree=14
num_leaves=15
num_cat=0
split_feature=41 3 1 33 45 2 5 35 32 26 12 20 23 37
split_gain=136.244 28.0057 11.5098 10.6673 9.9932 9.53952 9.44693 17.7907 8.50643 8.39749 5.83608 6.62597 4.5084 3.64461
threshold=1.0000000180025095e-35 -9.6753931045532209 -6.9372181892395011 19.916666030883793 1.0000000180025095e-35 -6.903559446334838 -46.725141525268548 431.76644897460943 29.500000000000004 -0.024935165420174595 -0.24835839867591855 60.925825119018562 1.3297854065895083 -0.75974860787391651
decision_type=2 2 2 2 2 2 2 2 2 2 2 2 2 2
left_child=1 3 10 5 9 13 7 -4 -8 -5 11 -3 -6 -1
right_child=-2 2 6 4 12 -7 8 -9 -10 -11 -12 -13 -14 -15
leaf_value=1.8148210462028009 -0.26709756507374188 0.64094303766224436 -0.023942980860546283 0.0057018177681060827 0.13473286857823799 0.54771553772102743 0.23553672041977972 0.46525033401770877 -0.034428631014935651 0.31856426001587862 -0.065997091163032887 -0.12583263890977184 -0.21009738724648191 1.6118196208247575
leaf_weight=77.241764962673187 15522.75476449728 1446.5289487242699 634.42068272829056 940.25492268800735 2992.0162844061852 352.67609006166458 2605.8711541295052 268.02073055505753 21786.198719918728 3496.1298621296883 539.03322148323059 357.31742304563522 744.86031395196915 298.21951347589493
leaf_count=54 18644 881 289 723 2512 253 2490 133 22851 2251 343 106 251 214
internal_value=-0.000618701 0.000668681 5.92212e-05 0.002554 0.00214331 0.00706611 -0.000178757 0.00369488 -0.000324739 0.00338642 0.0026512 0.00371061 0.000650975 0.0113789
internal_weight=52061.5 36538.8 27637.4 8901.4 8173.26 728.137 25294.5 902.441 24392.1 4436.38 2342.88 1803.85 3736.88 375.461
internal_count=51995 33351 27093 6258 5737 521 25763 422 25341 2974 1330 987 2763 268
is_linear=0
shrinkage=0.0386495


Tree=15
num_leaves=15
num_cat=0
split_feature=7 19 45 29 0 26 21 33 37 36 10 6 33 43
split_gain=136.762 33.7167 16.5006 14.5595 11.7327 12.5821 10.8453 10.6146 8.91428 11.1477 7.55538 6.88608 6.28001 6.07809
threshold=1.0000000180025095e-35 -0.078466746956109987 1.0000000180025095e-35 52.07323074340821 0.053500000387430198 -0.013537499587982891 457.33378601074224 29.94999980926514 -0.33247980475425715 1.1328400373458865 0.037614874541759498 -10.110575675964354 410.76666259765631 0.6078576147556306
decision_type=2 2 2 2 2 2 2 2 2 2 2 2 2 2
left_child=-1 2 4 10 6 -6 -2 11 13 -10 12 -4 -3 -5
right_child=1 3 7 8 5 -7 -8 -9 9 -11 -12 -13 -14 -15
leaf_value=-0.25677436622136002 0.69454854054691262 0.068366539771145707 1.2398233176800444 0.56030512328818383 0.022943105821317596 0.33395147983700796 2.4556503918404728 0.021768829093850146 0.018387746143036281 0.65269531961325977 -0.091367168401185389 0.15404869615950825 -0.10293033165108799 -0.013888522672871564
leaf_weight=16084.660325169563 761.50768905878067 8266.1444100737572 301.70249205827713 942.69965672492981 1730.1687965989113 3232.5403785705566 107.1158851981163 4673.4657962322235 4167.4812948107719 373.47656095027924 8081.5539677143097 266.70765596628189 2993.4734222888947 322.86359184980392
leaf_count=19236 510 8977 274 462 1375 2103 65 3690 2017 101 9280 217 3638 170
internal_value=-0.000655288 0.000660361 0.00243745 -0.000119965 0.00385451 0.00310773 0.00803756 0.000849115 0.00157413 0.000758377 -0.000631665 0.00583072 1.04413e-05 0.00444957
internal_weight=52305.6 36220.9 11073.2 25147.7 5831.33 4962.71 868.624 5241.88 5806.52 4540.96 19341.2 568.41 11259.6 1265.56
internal_count=52115 32879 8234 24645 4053 3478 575 4181 2750 2118 21895 491 12615 632
is_linear=0
shrinkage=0.0386495


Tree=16
num_leaves=15
num_cat=0
split_feature=7 3 45 29 12 16 38 26 31 10 36 27 6 4
split_gain=134.749 29.5055 14.6772 13.6037 12.2687 9.70618 11.6164 9.73931 9.41142 7.55908 7.29842 6.14963 4.70899 4.18216
threshold=1.0000000180025095e-35 -7.5467195510864249 1.0000000180025095e-35 52.07323074340821 -0.1825786158442497 -3.0683608055114742 -0.49608969688415522 -0.013537499587982891 5.5000000000000009 0.037614874541759498 1.4963011741638186 -0.00048182034515775735 -10.110575675964354 -44.042444229125969
decision_type=2 2 2 2 2 2 2 2 2 2 2 2 2 2
left_child=-1 2 5 9 10 6 -2 -7 12 11 -5 -3 -4 -10
right_child=1 3 8 4 -6 7 -8 -9 13 -11 -12 -13 -14 -15
leaf_value=-0.2468501542879207 1.4405624494951086 0.1438056291361168 0.98980830731322189 0.23849578925449214 -0.15289055164343282 0.031455930995453137 0.30646261236394906 0.31455960650195536 -0.25865583080957577 -0.087835869088426471 0.58817812849096374 -0.036978435940127098 -0.081852858967781952 0.083355960532825277
leaf_weight=16084.660325169563 256.4400207400322 2426.7940077185631 105.9045991897583 4327.2104923725128 1248.7084178924561 1753.9924228787422 447.4307718873024 3373.4695339202881 881.12765550613403 8081.5539677143097 230.60219407081604 8832.8238246440887 52.664735496044159 4202.178954064846
leaf_count=19236 171 2588 71 2209 485 1385 293 2204 237 9280 56 10027 31 3842
internal_value=-0.000677212 0.000628702 0.0022911 -0.000101117 0.0015364 0.0036277 0.00793064 0.00302286 0.000792326 -0.00059583 0.00247155 4.65491e-05 0.010024 0.000489123
internal_weight=52305.6 36220.9 11073.2 25147.7 5806.52 5831.33 703.871 5127.46 5241.88 19341.2 4557.81 11259.6 158.569 5083.31
internal_count=52115 32879 8234 24645 2750 4053 464 3589 4181 21895 2265 12615 102 4079
is_linear=0
shrinkage=0.0386495


Tree=17
num_leaves=15
num_cat=0
split_feature=7 3 29 45 12 37 51 29 31 10 5 32 29 49
split_gain=131.548 26.8216 13.1059 12.1554 11.6153 10.4964 9.4499 9.51335 8.62991 7.37483 6.79961 4.95669 4.86327 4.46677
threshold=0.00092546257656067621 -7.5467195510864249 52.07323074340821 1.0000000180025095e-35 -0.1825786158442497 -0.33247980475425715 1.0000000180025095e-35 22.37139987945557 5.5000000000000009 0.037614874541759498 -16.666198730468746 87.500000000000014 68.566623687744155 1.0000000180025095e-35
decision_type=2 2 2 2 2 2 2 2 2 2 2 2 2 2
left_child=-1 3 9 6 5 -4 7 -2 12 11 -8 -3 -5 -10
right_child=1 2 4 8 -6 -7 10 -9 13 -11 -12 -13 -14 -15
leaf_value=-0.23730950861130515 -0.051136130813240172 0.20829359606301801 0.54275769917506356 0.22551207366451415 -0.14549480514932256 0.18410627016601183 0.033864712063594524 0.71085672053513416 -0.010266757587361664 -0.084441052880643894 0.19094212491216833 -0.034311116028503653 0.8488694781700078 0.2444281360408804
leaf_weight=16539.879255592823 213.01032656431198 3181.9329998493195 985.38467699289322 68.956279814243317 1225.0965805053711 3534.0327119231224 1718.9302424192429 1212.647512614727 3901.5430948138237 8081.5539677143097 2663.9849719405174 7734.520786523819 89.613054871559143 1154.4754611253738
leaf_count=19789 186 3236 511 68 478 1715 1476 811 2772 9280 1560 8917 34 1282
internal_value=-0.000708131 0.000608599 -9.56486e-05 0.00219434 0.00151887 0.002429 0.00341333 0.00617349 0.000824589 -0.000586998 0.00249989 6.31524e-05 0.00966729 0.000532085
internal_weight=52305.6 35765.7 24742.5 11023.2 5744.51 4519.42 5808.57 1425.66 5214.59 18998 4382.92 10916.5 158.569 5056.02
internal_count=52115 32326 24137 8189 2704 2226 4033 997 4156 21433 3036 12153 102 4054
is_linear=0
shrinkage=0.0386495


Tree=18
num_leaves=15
num_cat=0
split_feature=41 3 45 32 36 13 6 2 31 16 29 0 4 7
split_gain=129.597 23.8186 10.7878 10.1651 13.4256 11.2614 10.1453 8.89751 8.78049 8.29189 8.11781 8.07006 6.29302 5.0348
threshold=1.0000000180025095e-35 -7.5467195510864249 1.0000000180025095e-35 82.500000000000014 1.4963011741638186 0.70976710319519054 26.231637001037601 -11.991606712341307 5.5000000000000009 -2.7411201000213619 31.407063484191898 0.28550000488758093 -4.0185499191284171 0.11239343881607057
decision_type=2 2 2 2 2 2 2 2 2 2 2 2 2 2
left_child=1 2 7 5 6 12 -5 10 -4 -7 -1 -9 -3 -6
right_child=-2 3 8 4 13 9 -8 11 -10 -11 -12 -13 -14 -15
leaf_value=0.20974467083389758 -0.22813760453093973 -6.1970913188056747 0.97478810984294428 -0.076591240449855491 0.17048141115822901 0.4014829184399793 0.18172441409960369 0.3314173202787849 0.039572862806430478 0.013930616677685909 0.52110931499630575 0.014249843491145041 0.14441610235074928 0.57778545569175177
leaf_weight=305.65226846933365 15743.827504634857 109.95645755529404 158.56933468580246 15354.775328159332 107.64046329259872 1514.633087515831 1118.2995450496674 2476.305938065052 5131.7884250879288 6959.1236001849174 990.94042044878006 2094.5222547650337 111.10692727565765 128.42036807537079
leaf_count=138 18761 42 102 16025 48 1185 896 1732 4096 6811 597 1603 59 20
internal_value=-0.000720192 0.000540894 0.0020295 -0.000110749 -0.000670473 0.000958133 -0.000805286 0.00317348 0.000749059 0.000724896 0.00602671 0.00234915 0.00955194 0.00842144
internal_weight=52305.6 36561.7 11157.8 25404 16709.1 8694.82 16473.1 5867.42 5290.36 8473.76 1296.59 4570.83 221.063 236.061
internal_count=52115 33354 8268 25086 16989 8097 16921 4070 4198 7996 735 3335 101 68
is_linear=0
shrinkage=0.0386495


Tree=19
num_leaves=15
num_cat=0
split_feature=7 4 31 16 21 23 7 23 3 54 36 6 15 9
split_gain=126.79 22.8964 17.7956 24.4415 11.1003 10.6442 16.3789 8.27922 7.97842 11.781 6.48573 6.32091 6.01451 5.66657
threshold=1.0000000180025095e-35 -15.661496162414549 109.50000000000001 -2.9858310222625728 -47.167438507080071 0.30292455852031713 0.040514253079891212 0.2310343533754349 -16.000665664672848 0.92852023243904125 1.4963011741638186 26.231637001037601 27.195513725280765 0.11065936088562013
decision_type=2 2 2 2 2 2 2 2 2 2 2 2 2 2
left_child=-1 2 3 12 8 6 -4 -5 9 -3 11 -6 -2 -7
right_child=1 4 5 7 10 13 -8 -9 -10 -11 -12 -13 -14 -15
leaf_value=-0.21932019035260861 1.6778004983558152 0.37577498804832105 0.012496388832988783 0.50041707341507224 -0.043554501784585184 0.092154713805764676 0.33806186871279076 0.16616362763258927 0.06676329672576202 1.2371408182517503 0.58545283267095682 0.16506444247430505 0.4085681609697861 -0.12238848584897684
leaf_weight=16084.660325169563 507.18541139364243 901.16927123069763 435.18801754713058 113.41873496770859 20920.616668701172 2649.5661908388138 214.2866462469101 2697.7548215985298 4560.0739443302155 129.31311756372452 334.58341008424759 1476.1169915795326 110.54778957366943 1171.0805824398994
leaf_count=19236 329 532 418 65 21225 2132 147 1737 4171 62 170 1124 67 700
internal_value=-0.000759129 0.000507553 0.0023473 0.00444438 -3.63935e-06 0.000724461 0.00529153 0.00288267 0.00153686 0.00461735 -0.000385164 -0.000467517 0.0114256 -3.90943e-05
internal_weight=52305.6 36220.9 7899.03 3428.91 28321.9 4470.12 649.475 2811.17 5590.56 1030.48 22731.3 22396.7 617.733 3820.65
internal_count=52115 32879 5595 2198 27284 3397 565 1802 4765 594 22519 22349 396 2832
is_linear=0
shrinkage=0.0386495


Tree=20
num_leaves=15
num_cat=0
split_feature=7 12 31 23 23 11 6 44 11 35 0 52 11 35
split_gain=122.217 21.4387 19.3418 14.33 11.738 8.3198 7.04394 6.97698 6.05576 3.19771 4.18062 3.24858 2.49388 2.46194
threshold=0.00092546257656067621 -0.1825786158442497 17.500000000000004 0.15622940659523013 0.67980858683586132 0.39646312594413763 32.211282730102546 0.81174489855766307 0.0084958192892372626 277.85028076171881 4.2625000476837167 1.0000000180025095e-35 0.021847092546522621 13.478477478027346
decision_type=2 2 2 2 2 2 2 2 2 2 2 2 2 2
left_child=13 2 4 6 8 -5 -4 -6 -2 11 12 -3 -11 -1
right_child=1 9 3 5 7 -7 -8 -9 -10 10 -12 -13 -14 -15
leaf_value=0.26823152157840507 1.0780013021262251 -0.13704852580632237 -0.065423681569632533 0.1350629578117522 1.0336913775864482 -0.059536309004107696 0.91101723586683947 1.9966611038721742 0.10901784956878117 0.23569584147303788 0.35515692680765887 0.065729047851215194 -0.096804313998340219 -0.21084356520356565
leaf_weight=97.058837711811066 156.29690802097321 7098.339107811451 4603.2672491073608 16937.309146225452 714.45060133934021 2893.5965182185173 71.021435797214508 90.481425106525421 932.5574648976326 329.61525982618332 37.80321216583252 1267.8638492822647 558.62025219202042 16270.210265338421
leaf_count=100 143 6900 5503 14018 255 2143 60 43 1006 363 40 1356 446 19544
internal_value=-0.000817839 0.000448901 0.00101204 0.000718225 0.00477866 0.00117345 -0.00120039 0.00833691 0.00208463 -0.00114461 0.000972309 -0.00138603 0.00035512 -0.00358341
internal_weight=52058.5 35691.2 26399 24505.2 1893.79 19830.9 4674.29 804.932 1088.85 9292.24 926.039 8366.2 888.236 16367.3
internal_count=51920 32276 23171 21724 1447 16161 5563 298 1149 9105 849 8256 809 19644
is_linear=0
shrinkage=0.0386495


Tree=21
num_leaves=15
num_cat=0
split_feature=41 12 31 28 24 29 0 32 13 24 22 40 6 0
split_gain=119.132 19.1047 20.1108 12.6587 9.54585 8.45537 7.77733 4.63791 6.8796 5.09045 4.79515 4.38176 4.22377 4.14365
threshold=1.0000000180025095e-35 -0.35729466378688807 17.500000000000004 12.501627922058107 45.614854812622077 61.368183135986335 1.2544999718666079 87.500000000000014 0.70976710319519054 50.00030708312989 0.21779576689004901 0.24351640790700915 6.2722048759460458 0.053500000387430198
decision_type=2 2 2 2 2 2 2 2 2 2 2 2 2 2
left_child=1 2 5 6 -5 13 -4 8 9 -3 -10 -7 -9 -1
right_child=-2 7 3 4 -6 11 -8 12 10 -11 -12 -13 -14 -15
leaf_value=1.036337044341235 -0.20269455774353654 3.6946532448353233 0.065606857893101167 0.18317482160584564 1.0920980909614164 1.3531496271677144 -0.041853927967822543 -0.17539391513478114 0.16895461677158535 -0.2909628974966661 -0.044050530951434345 0.14965284262642042 -0.0082930821155138921 0.14242506948238681
leaf_weight=165.02040982246399 15509.313254654408 202.26619809865952 15790.361207664013 1275.6346656680107 642.07480561733246 661.7780060172081 4564.1982804536819 5016.2361323833466 48.1456418633461 118.08690005540848 5156.0517177581787 104.00093954801559 2106.3043503761292 699.01902306079865
leaf_count=157 18587 97 14712 669 493 301 4645 4962 26 37 4469 61 1927 777
internal_value=-0.000830391 0.000372602 0.00101644 0.000709908 0.00371405 0.0051638 0.000423687 -0.000839588 0 0.00548002 -0.000338405 0.00814991 -0.00149129 0.00243763
internal_weight=52058.5 36549.2 23902.1 22272.3 1917.71 1629.82 20354.6 12647.1 5524.55 320.353 5204.2 765.779 7122.54 864.039
internal_count=51920 33333 21815 20519 1162 1296 19357 11518 4629 134 4495 362 6889 934
is_linear=0
shrinkage=0.0386495


Tree=22
num_leaves=15
num_cat=0
split_feature=7 29 32 31 7 16 2 34 16 33 37 23 54 54
split_gain=118.027 18.2512 12.6488 17.365 12.3377 11.471 10.8859 9.39588 6.9457 10.0529 5.98417 5.78343 9.695 7.14304
threshold=0.00092546257656067621 93.346355438232436 556.50000000000011 99.500000000000014 0.045287705957889564 -2.4247686862945552 -11.991606712341307 71.393413543701186 0.29899279773235327 410.76666259765631 -0.33247980475425715 0.31334702670574194 0.56599301099777233 0.25101497769355779
decision_type=2 2 2 2 2 2 2 2 2 2 2 2 2 2
left_child=-1 6 3 7 5 -4 11 -3 9 -8 -5 12 -2 -13
right_child=1 2 4 10 -6 -7 8 -9 -10 -11 -12 13 -14 -15
leaf_value=-0.19486050569853033 0.16464699899781043 0.39291059320522148 0.44232682730466999 0.40977857129448791 -0.42031601987685535 0.47695787899277031 0.044544679055612657 1.951097781957452 -0.064021840584007533 -0.098120417754555031 -0.23073342111876033 0.70885875564077327 0.19635142481535844 -0.12050291359666933
leaf_weight=16367.269103050232 324.37905180454254 3676.500547170639 388.13235503435135 420.9749590754509 150.58146411180496 361.83889055252075 14694.488699674606 523.73774427175522 6746.3330460786819 4672.4333239793777 2345.4159460067749 683.52242940664291 212.28281837701797 490.60115444660187
leaf_count=19644 285 1304 217 162 60 176 15350 207 7448 5358 755 544 110 300
internal_value=-0.000857694 0.000387096 0.00203076 0.00146172 0.00635563 0.00840229 -7.56756e-05 0.00303034 -0.000273467 9.58007e-05 -0.000899474 0.00290634 0.0062526 0.00131953
internal_weight=52058.5 35691.2 7867.18 6966.63 900.553 749.971 27824 4200.24 26113.3 19366.9 2766.39 1710.79 536.662 1174.12
internal_count=51920 32276 2881 2428 453 393 29395 1511 28156 20708 917 1239 395 844
is_linear=0
shrinkage=0.0386495


Tree=23
num_leaves=15
num_cat=0
split_feature=41 12 33 23 16 37 6 26 23 35 6 25 35 27
split_gain=114.863 17.1151 14.8647 11.9975 7.3814 7.28969 6.87383 6.52217 3.94516 3.74863 3.07304 3.02852 1.02396 1.05099
threshold=1.0000000180025095e-35 -0.1825786158442497 9.1833333969116229 0.15622940659523013 2.370430707931519 -0.51075506210327137 32.211282730102546 -0.11235036700963973 1.3297854065895083 243.22550201416018 -63.085659027099602 0.00040112643910106277 13.478477478027346 3.8408611385933974e-17
decision_type=2 2 2 2 2 2 2 2 2 2 2 2 2 2
left_child=1 2 4 6 5 -1 -4 -5 9 10 -3 -11 13 -2
right_child=12 8 3 7 -6 -7 -8 -9 -10 11 -12 -13 -14 -15
leaf_value=1.5152571580513796 0.2732298173831022 0.48890338450810383 -0.054369646104148656 -0.066777684877977223 -0.1993976013232108 0.84162300756673081 0.87154952937274521 0.11287503482030957 -0.27018486143088799 -0.10004693465363092 -0.10139160049184393 0.27270662157348924 -0.18732923618566058 -0.20584526939886852
leaf_weight=174.79791015386581 24.097366333007812 35.505126535892487 4934.3064655661583 2053.6652166247368 165.65858662128448 474.45556670427322 71.021435797214508 19384.921987473965 1314.0221977233887 453.29991012811661 6963.3353215456009 524.18855351209641 15433.004926383495 52.210961937904358
leaf_count=90 18 36 5904 1952 153 241 60 15655 349 457 7887 549 18491 78
internal_value=-0.00088177 0.000299421 0.000788935 0.000627805 0.00593231 0.00779731 -0.00106999 0.00102696 -0.00113048 -0.000796966 -0.00111478 0.00141706 -0.00366878 0.000118633
internal_weight=52058.5 36549.2 27258.8 26443.9 814.912 649.253 5005.33 21438.6 9290.35 7976.33 6998.84 977.488 15509.3 76.3083
internal_count=51920 33333 24055 23571 484 331 5964 17607 9278 8929 7923 1006 18587 96
is_linear=0
shrinkage=0.0386495


Tree=24
num_leaves=15
num_cat=0
split_feature=41 12 31 23 23 24 2 6 4 23 32 32 6 31
split_gain=113.296 16.6799 16.0068 10.9084 10.7674 9.95644 8.76529 6.28901 4.90728 3.68933 3.48273 7.14968 3.22456 2.83832
threshold=1.0000000180025095e-35 -0.35729466378688807 17.500000000000004 0.15622940659523013 3.2510848045349126 43.247388839721687 -16.98638820648193 32.211282730102546 -4.0185499191284171 1.3297854065895083 82.500000000000014 33.500000000000007 21.436896324157718 200.50000000000003
decision_type=2 2 2 2 2 2 2 2 2 2 2 2 2 2
left_child=1 2 4 7 6 -5 -1 -4 10 12 11 -3 -10 -12
right_child=-2 8 3 5 -6 -7 -8 -9 9 -11 13 -13 -14 -15
leaf_value=1.3817394947983552 -0.18008904679840254 -0.029235701482819908 -0.059860767911572299 0.035768015615318713 2.5100224138174605 0.3088330788886498 0.29163074212670814 0.69049946294373521 -0.097101921918267692 -0.25974233998489787 -0.11440581864033972 0.63292820435438291 0.097130695402528708 0.18776361331369595
leaf_weight=316.61634469032288 15509.313254654408 506.32156652212143 4316.2948835492134 13600.053622961044 98.725603818893433 4295.1677963733673 1214.47642993927 60.752656519412994 7345.8463469147682 1929.6619572639465 591.14144736528397 548.95952022075653 1459.6190121173859 265.54109013080597
leaf_count=180 18587 313 5203 11519 16 3749 1100 48 8559 521 316 308 1248 253
internal_value=-0.000900864 0.000272225 0.000873998 0.000600226 0.00457438 0.00102494 0.00371494 -0.0011226 -0.000860457 -0.00118412 0.000925865 0.00242478 -0.000838788 -0.000854369
internal_weight=52058.5 36549.2 23902.1 22272.3 1629.82 17895.2 1531.09 4377.05 12647.1 10735.1 1911.96 1055.28 8805.47 856.683
internal_count=51920 33333 21815 20519 1296 15268 1280 5251 11518 10328 1190 621 9807 569
is_linear=0
shrinkage=0.0386495


Tree=25
num_leaves=15
num_cat=0
split_feature=7 32 16 34 45 25 9 2 4 38 11 12 52 33
split_gain=100.331 14.9315 11.4462 9.67528 9.20708 9.92203 8.53754 6.71154 6.33812 6.55483 5.59731 5.30047 7.15795 4.2703
threshold=0.00092546257656067621 87.500000000000014 -2.7411201000213619 287.97561645507818 1.0000000180025095e-35 -0.024159470573067662 0.0081002758815884607 -5.1535551548004142 -15.661496162414549 -1.0618463158607481 0.023579427972435955 -1.2845709919929502 1.0000000180025095e-35 410.76666259765631
decision_type=2 2 2 2 2 2 2 2 2 2 2 2 2 2
left_child=-1 2 8 11 6 -6 -5 -4 9 -2 -10 13 -13 -3
right_child=1 3 7 4 5 -7 -8 -9 10 -11 -12 12 -14 -15
leaf_value=-0.17312868742289669 5.7585975392946231 0.036297871638543422 0.19306427295421213 -0.056034847502786173 0.52484020808950849 -0.25471694276210716 0.3664684936722547 -0.004536955917777221 0.44533947775117133 0.64396120685182501 -0.076497671812517293 -0.10322171370544185 0.21648180511793572 -0.075739882748754497
leaf_weight=16516.218977272511 68.043113589286804 4093.0486550331116 2891.6671730875969 491.53738713264465 475.79618763923645 1261.4457262158394 1149.4674386382103 7700.2521650791168 1099.4824152588844 768.7860923409462 751.31713259220123 11508.666132092476 1544.7608613967896 1649.3372866511345
leaf_count=19760 42 4037 2116 434 168 970 813 7398 1005 505 291 11387 1350 1704
internal_value=-0.00109641 6.1096e-05 0.00108741 -0.000550969 0.00134596 -0.000586672 0.00342545 0.000509087 0.00334295 0.00616578 0.00203005 -0.000895104 -0.00132578 7.39236e-05
internal_weight=51969.8 35453.6 13279.5 22174.1 3378.25 1737.24 1641 10591.9 2687.63 836.829 1850.8 18795.8 13053.4 5742.39
internal_count=51980 32220 11357 20863 2385 1138 1247 9514 1843 547 1296 18478 12737 5741
is_linear=0
shrinkage=0.0386495


Tree=26
num_leaves=15
num_cat=0
split_feature=41 32 16 51 0 25 0 22 4 27 35 35 26 12
split_gain=98.0506 15.598 10.0375 7.32583 6.80408 7.44141 5.35428 5.79132 5.20349 6.44987 5.58914 4.86997 6.97703 5.78917
threshold=1.0000000180025095e-35 87.500000000000014 -2.7411201000213619 1.0000000180025095e-35 0.47349999845027929 -0.018828595988452431 16.54749965667725 0.52417823672294628 -15.661496162414549 0.0025450492976233367 12.184689521789553 316.51968383789068 -1.0000000180025095e-35 -1.2845709919929502
decision_type=2 2 2 2 2 2 2 2 2 2 2 2 2 2
left_child=1 2 8 4 5 -3 7 -4 9 -1 -10 13 -13 -5
right_child=-2 3 6 11 -6 -7 -8 -9 10 -11 -12 12 -14 -15
leaf_value=0.73818329587561538 -0.16643734275704403 0.31870376527127048 0.11231750971308349 -0.0023696419692539289 -0.094996229155844311 0.045233341540941586 -0.12939038446040521 -0.083701999318744155 0.74406992440091813 3.8972010497500968 0.14719018574007964 -0.082356771613626784 0.42146917887355562 -0.10634466018931461
leaf_weight=821.82600516080856 15656.644750595093 924.45096200704575 7199.9514267444611 4749.7830608487129 2103.7589530348778 2782.7641019821167 765.39916652441025 2625.2882430553436 222.80689007043839 48.551467061042786 1832.0078983902931 722.51889950037003 434.21869021654129 11079.85622882843
leaf_count=564 18721 436 6132 4929 1984 2567 707 2675 190 15 1304 698 245 10813
internal_value=-0.00113243 -2.84452e-05 0.00101012 -0.000646754 0.000531054 0.00153396 0.00044989 0.000697284 0.00301692 0.00555466 0.00190944 -0.0010531 0.00134223 -0.00123195
internal_weight=51969.8 36313.2 13515.8 22797.4 5810.97 3707.22 10590.6 9825.24 2925.19 870.377 2054.81 16986.4 1156.74 15829.6
internal_count=51980 33259 11587 21672 4987 3003 9514 8807 2073 579 1494 16685 943 15742
is_linear=0
shrinkage=0.0386495


Tree=27
num_leaves=15
num_cat=0
split_feature=7 32 16 34 21 13 27 2 4 2 51 10 27 34
split_gain=96.9158 12.3956 9.50781 7.82783 7.82746 10.375 8.06283 5.44109 4.72837 4.80719 4.39718 9.19379 6.16716 4.22817
threshold=0.00092546257656067621 87.500000000000014 -2.7411201000213619 287.97561645507818 -47.167438507080071 1.0371267795562746 3.4839646104956053e-05 -5.1535551548004142 -1.9946817755699155 1.4806984066963198 1.0000000180025095e-35 0.068467777222394957 -1.0000000180025095e-35 15.296025276184084
decision_type=2 2 2 2 2 2 2 2 2 2 2 2 2 2
left_child=-1 2 8 10 5 -5 -6 13 9 -2 11 -3 -12 -4
right_child=1 3 7 4 6 -7 -8 -9 -10 -11 12 -13 -14 -15
leaf_value=-0.1600046155052301 0.367506905784931 0.22822318812565373 0.32894728249541405 0.67104856751818798 -0.14862315812899093 0.021150031267804653 0.23396440242632821 -0.0086439485968805609 0.11184787935854182 1.584431754584295 -0.016357627777305258 -0.13216382067609014 -0.13459894494501151 0.031948346354879073
leaf_weight=16516.218977272511 1296.8084958791733 1804.9549708366394 1474.0512535572052 289.54436177015305 1882.4647782444954 400.01775389909744 806.21984571218491 7700.2521650791168 1019.2675868868828 371.5526710152626 7891.3750906586647 1415.7867279052734 7683.696145772934 1417.6159195303917
leaf_count=19760 831 1833 1135 176 1151 313 745 7398 715 297 7526 1206 7913 981
internal_value=-0.00114163 -7.73992e-07 0.00093136 -0.000561656 0.00114335 0.00481399 0.000177526 0.000403842 0.0029869 0.0042619 -0.000871277 0.000415359 -0.00114108 0.00183402
internal_weight=51969.8 35453.6 13279.5 22174.1 3378.25 689.562 2688.68 10591.9 2687.63 1668.36 18795.8 3220.74 15575.1 2891.67
internal_count=51980 32220 11357 20863 2385 489 1896 9514 1843 1128 18478 3039 15439 2116
is_linear=0
shrinkage=0.0386495


Tree=28
num_leaves=15
num_cat=0
split_feature=41 32 16 34 21 13 26 0 22 35 15 4 5 52
split_gain=97.9412 12.2127 7.69255 7.24265 8.13035 9.71638 7.45511 5.17037 5.13402 4.9159 4.84729 3.65594 5.53995 5.13992
threshold=1.0000000180025095e-35 87.500000000000014 -2.7411201000213619 287.97561645507818 -41.20563888549804 1.0371267795562746 -0.047997973859310143 16.54749965667725 0.52417823672294628 12.184689521789553 15.554872035980226 -4.0185499191284171 -8.575868606567381 1.0000000180025095e-35
decision_type=2 2 2 2 2 2 2 2 2 2 2 2 2 2
left_child=1 2 9 11 5 -5 -6 8 -4 -1 -11 12 -3 -13
right_child=-2 3 7 4 6 -7 -8 -9 -10 10 -12 13 -14 -15
leaf_value=0.78945990259860166 -0.15382051022256546 -0.042252063406316626 0.10592205145299308 0.59926115169355598 0.30777504801283756 0.020332592222819863 -0.06070004306321871 -0.13803739433765314 -0.080132870624959551 0.19558494831498532 1.1324020913405883 -0.11121316271516324 0.058802093630157246 0.208730634999444
leaf_weight=325.03658771514893 15656.644750595093 7530.1598972678185 7199.9514267444611 324.41088688373566 260.08482432365417 417.56193393468857 2587.8070402145386 765.39916652441025 2625.2882430553436 2094.4107373952866 505.74493557214737 8353.0764380097389 2410.159296810627 914.0905789732933
leaf_count=268 18721 7698 6132 200 134 336 1968 707 2675 1438 367 8230 2151 955
internal_value=-0.00113386 -3.04843e-05 0.000888283 -0.000577766 0.00100782 0.00460649 4.7331e-05 0.000397031 0.000640309 0.00264557 0.00205058 -0.000877203 -0.000354458 -0.00143147
internal_weight=51969.8 36313.2 13515.8 22797.4 3589.86 741.973 2847.89 10590.6 9825.24 2925.19 2600.16 19207.5 9940.32 9267.17
internal_count=51980 33259 11587 21672 2638 536 2102 9514 8807 2073 1805 19034 9849 9185
is_linear=0
shrinkage=0.0386495


Tree=29
num_leaves=15
num_cat=0
split_feature=41 32 34 27 11 27 0 12 52 45 33 34 29 2
split_gain=96.3014 10.4071 6.87695 7.45133 12.8764 6.51117 4.79061 4.49709 4.31408 4.21837 4.11358 3.99459 3.36719 1.79208
threshold=1.0000000180025095e-35 87.500000000000014 287.97561645507818 0.00062101331423036765 0.30036422610282904 0.004864167422056199 16.54749965667725 -1.2845709919929502 1.0000000180025095e-35 1.0000000180025095e-35 410.76666259765631 9.0216856002807635 674.70001220703136 -24.987223625183102
decision_type=2 2 2 2 2 2 2 2 2 2 2 2 2 2
left_child=1 5 7 9 -5 6 11 10 -9 -4 -3 -1 13 -7
right_child=-2 2 3 4 -6 12 -8 8 -10 -11 -12 -13 -14 -15
leaf_value=0.32105250279642944 -0.14787541778353863 0.034167768321897926 0.23195994742257281 0.13825646438186917 0.48300516439569541 -0.3958173528080326 -0.12635379264795593 -0.091216694459345132 0.088088358534485905 -0.16232676336764695 -0.070738550812923934 0.10912578477907076 -1.2565636390366246 -0.11872033833463212
leaf_weight=1881.2398367524147 15656.644750595093 4111.8845946192741 1121.0184119343758 781.43542432785034 163.69826853275299 53.086416721343994 459.62698382139206 11788.074207127094 1636.7972432971001 1523.7125805616379 1670.7301660180092 8861.589030444622 119.9929878115654 2140.2958414554596
leaf_count=1526 18721 4065 928 711 77 17 385 11783 1452 922 1734 7475 29 2155
internal_value=-0.00115531 -6.11783e-05 -0.00056644 0.000978378 0.00392098 0.000786724 0.00117467 -0.000858256 -0.00124647 -5.34702e-05 3.31137e-05 0.00134372 -0.00106627 -0.00143339
internal_weight=51969.8 36313.2 22797.4 3589.86 945.134 13515.8 11202.5 19207.5 13424.9 2644.73 5782.61 10742.8 2313.38 2193.38
internal_count=51980 33259 21672 2638 788 11587 9386 19034 13235 1850 5799 9001 2201 2172
is_linear=0
shrinkage=0.0386495


Tree=30
num_leaves=15
num_cat=0
split_feature=7 52 16 13 38 11 22 32 16 34 45 6 29 34
split_gain=112.613 15.3489 18.5808 19.2576 22.7101 11.1021 9.51975 9.33993 10.6949 8.56107 7.14957 6.94885 4.30244 5.80954
threshold=1.0000000180025095e-35 1.0000000180025095e-35 -2.0440818071365352 0.97004190087318432 -1.0107515454292295 0.16572337597608569 0.44409963488578802 45.500000000000007 -2.9858310222625728 287.97561645507818 1.0000000180025095e-35 21.436896324157718 156.2136154174805 521.22842407226574
decision_type=2 2 2 2 2 2 2 2 2 2 2 2 2 2
left_child=-1 6 3 4 -3 -5 7 8 -2 -8 -9 -11 13 -4
right_child=1 2 12 5 -6 -7 9 10 -10 11 -12 -13 -14 -15
leaf_value=-0.14216010045094876 0.95752107775411677 2.7237768379337211 -0.015172282422408662 0.29004737677202591 1.214339355859932 1.9443154161678375 -0.1093379334804508 0.039785880901767455 0.17523345891510206 0.016611842125645166 -0.054501400203868754 0.61490097757129614 -0.51412333299114887 0.4316907499038124
leaf_weight=16158.424164652824 374.16581958532333 139.73589438199997 2144.4572283029556 2781.981782913208 551.65434938669205 73.494088113307953 8809.874347448349 9033.0630080699921 2935.7898837327957 358.95003271102905 7503.3089656829834 205.08760499954224 561.72198265790939 319.04130709171295
leaf_count=19280 276 65 2298 2204 454 29 9146 7482 2357 424 7700 153 189 136
internal_value=-0.000930913 0.000276678 0.00196444 0.00386256 0.00966976 0.0024304 -0.000101051 0.000376208 0.00224962 -0.00111755 0 0.00346102 -0.000242899 0.000433036
internal_weight=51950.8 35792.3 6572.09 3546.87 691.39 2855.48 29220.2 19846.3 3309.96 9373.91 16536.4 564.038 3025.22 2463.5
internal_count=52193 32913 5375 2752 519 2233 27538 17815 2633 9723 15182 577 2623 2434
is_linear=0
shrinkage=0.0386495


Tree=31
num_leaves=15
num_cat=0
split_feature=7 52 16 13 38 22 6 35 32 16 45 9 6 35
split_gain=110.537 14.0296 17.3282 20.0108 24.2879 8.8919 8.10211 10.5091 7.2378 7.8287 6.71877 6.22621 3.87085 13.0611
threshold=1.0000000180025095e-35 1.0000000180025095e-35 -2.1078494787216182 0.97004190087318432 -1.0107515454292295 0.44409963488578802 42.04253005981446 121.68557739257814 45.500000000000007 -2.9858310222625728 1.0000000180025095e-35 0.066894143819808974 -23.102403640747067 708.29150390625011
decision_type=2 2 2 2 2 2 2 2 2 2 2 2 2 2
left_child=-1 5 3 4 -3 8 -7 -8 9 -2 -10 -5 13 -4
right_child=1 2 12 11 -6 6 7 -9 10 -11 -12 -13 -14 -15
leaf_value=-0.136665677521917 0.92051332559331478 2.6321109807017598 -0.0096324895956333319 0.25746027353078738 1.1674056945914202 -0.10511207230827739 -0.084566289158039237 0.63759776275368785 0.038248174783208362 0.16846076579275238 -0.052394945987850557 1.0484522586779748 -0.088376730268004411 -0.32894522601097009
leaf_weight=16158.424164652824 374.16581958532333 134.25993847846985 826.88418483734131 2614.4853345751762 547.00703030824661 8589.441073179245 546.01691019535065 238.45400178432465 9033.0630080699921 2935.7898837327957 7503.3089656829834 134.17184835672379 2175.3581817746162 139.92011451721191
leaf_count=19280 276 59 744 2128 448 9251 288 184 7482 2357 7700 34 1870 92
internal_value=-0.00095414 0.000242243 0.00185596 0.00375553 0.00970183 -0.000118826 -0.00110119 0.00262809 0.000342312 0.00199157 8.48787e-06 0.00225465 -0.000200193 0.00180963
internal_weight=51950.8 35792.3 6572.09 3429.92 681.267 29220.2 9373.91 784.471 19846.3 3309.96 16536.4 2748.66 3142.16 966.804
internal_count=52193 32913 5375 2669 507 27538 9723 472 17815 2633 15182 2162 2706 836
is_linear=0
shrinkage=0.0386495


Tree=32
num_leaves=15
num_cat=0
split_feature=7 52 16 13 38 22 33 6 1 16 49 5 23 6
split_gain=108.94 13.2982 14.739 20.4327 24.8453 7.93487 8.24531 7.94556 8.7142 7.08392 6.07079 4.25302 3.79102 3.62978
threshold=1.0000000180025095e-35 1.0000000180025095e-35 -2.1078494787216182 0.97004190087318432 -1.0107515454292295 0.44409963488578802 446.78332519531256 42.04253005981446 7.7007958889007577 2.370430707931519 1.0000000180025095e-35 -46.725141525268548 0.1179218962788582 -23.102403640747067
decision_type=2 2 2 2 2 2 2 2 2 2 2 2 2 2
left_child=12 5 3 4 -3 6 9 11 -9 -2 -5 -7 -1 -4
right_child=1 2 13 10 -6 7 -8 8 -10 -11 -12 -13 -14 -15
leaf_value=0.30617360612507905 0.062094973608091159 2.5303810939174287 0.1324104508943223 0.14606752456853428 1.1222859978867983 0.95055645767628361 -0.082281525158666366 0.50657182647197441 -0.63769510569008858 -0.094035954709561581 0.54511601940337751 -0.10718729520454358 -0.1313836115286732 -0.084961010022752304
leaf_weight=185.6185467839241 14901.389644145966 134.25993847846985 966.80429935455322 2073.6251509189606 547.00703030824661 62.587336838245392 3905.6100842952728 404.95448124408722 379.51643073558807 1039.3279486298561 675.03203201293945 8526.8537363409996 15972.8056178689 2175.3581817746162
leaf_count=257 12982 59 836 1428 448 48 3829 342 130 1004 734 9203 19023 1870
internal_value=-0.000973398 0.000214291 0.0017855 0.00353712 0.00954239 -0.000137212 0.00029823 -0.00106517 0.00262809 0.000690549 0.00202176 -0.00140976 -0.00360752 -0.000109143
internal_weight=51950.8 35792.3 6572.09 3429.92 681.267 29220.2 19846.3 9373.91 784.471 15940.7 2748.66 8589.44 16158.4 3142.16
internal_count=52193 32913 5375 2669 507 27538 17815 9723 472 13986 2162 9251 19280 2706
is_linear=0
shrinkage=0.0386495


Tree=33
num_leaves=15
num_cat=0
split_feature=7 52 16 10 6 22 34 6 35 33 26 23 3 34
split_gain=107.254 11.9148 13.7523 11.7953 39.4977 7.42857 7.28465 7.10943 9.98204 6.9639 6.88966 3.59561 3.49464 4.18525
threshold=1.0000000180025095e-35 1.0000000180025095e-35 -2.1759622097015376 0.037614874541759498 -7.0380752086639395 0.44409963488578802 339.62196350097662 26.231637001037601 121.68557739257814 446.78332519531256 -0.0029328920645639296 0.1179218962788582 -24.029064178466793 339.62196350097662
decision_type=2 2 2 2 2 2 2 2 2 2 2 2 2 2
left_child=11 5 3 6 -5 9 -3 -7 -9 10 -2 -1 -4 -14
right_child=1 2 12 4 -6 7 -8 8 -10 -11 -12 -13 13 -15
leaf_value=0.29434013614002924 -0.00055148552242807356 0.49854374339675328 -0.5328158037568399 -0.19910309452980843 2.3413151140269197 -0.10550966523566849 -0.18149218683928306 -0.076777343723514246 0.51730953136301883 -0.07910138180597176 0.137947900843091 -0.12630569497267566 -0.01052555890545296 0.33413126691516953
leaf_weight=185.6185467839241 9653.4299703240395 2109.4022215008736 424.97095745801926 346.17413079738617 326.75154435634613 8093.9071518778801 445.64225095510483 944.6626501083374 335.34218317270279 3905.6100842952728 6287.2876224517822 15972.8056178689 2434.3777805566788 484.76774722337723
leaf_count=257 9843 2041 119 97 84 8869 369 585 269 3829 4143 19023 2397 268
internal_value=-0.000984278 0.000194163 0.00168148 0.00348041 0.0080597 -0.000138466 0.00224632 -0.00103635 0.00161696 0.000282768 0.00064349 -0.00359792 -3.8685e-05 0.000421156
internal_weight=51950.8 35792.3 6572.09 3227.97 672.926 29220.2 2555.04 9373.91 1280 19846.3 15940.7 16158.4 3344.12 2919.15
internal_count=52193 32913 5375 2591 181 27538 2410 9723 854 17815 13986 19280 2784 2665
is_linear=0
shrinkage=0.0386495


Tree=34
num_leaves=15
num_cat=0
split_feature=7 12 23 38 11 28 24 10 4 13 33 6 23 13
split_gain=104.984 10.998 15.1639 13.322 9.72365 9.33891 10.6803 7.90483 3.98355 4.17181 11.4656 3.98755 3.59561 3.58138
threshold=1.0000000180025095e-35 -0.42981591820716852 1.7820773124694826 -0.68738263845443714 0.30036422610282904 13.676014423370363 44.447946548461921 0.29635109007358557 -3.602718591690063 0.70976710319519054 96.450000762939467 6.2722048759460458 0.1179218962788582 2.2739024162292485
decision_type=2 2 2 2 2 2 2 2 2 2 2 2 2 2
left_child=12 2 5 -4 -5 7 -7 -2 9 10 -3 -10 -1 -13
right_child=1 8 3 4 -6 6 -8 -9 11 -11 -12 13 -14 -15
leaf_value=0.28296402436315188 0.03966434229199254 18.248347835474735 1.7661641198296756 -0.0084664129981450835 0.86274596109398394 0.075346371515373628 0.9934900383069224 -0.090017853974497533 -0.11904033844993014 0.016282572439895122 -0.10249320033046784 -0.032915729159085867 -0.12142403757145138 0.15663161072505646
leaf_weight=185.6185467839241 17132.493423819542 132.67389744520187 173.22003221511841 625.36219525337219 341.13583868741989 803.41581225395203 574.57243192195892 2849.8477601408958 7495.8360187411308 1907.426721394062 176.31304717063904 3034.0732408165932 15972.8056178689 545.95587521791458
leaf_count=257 16849 46 59 191 100 519 456 2615 7481 1354 71 2700 19023 472
internal_value=-0.00101211 0.00015376 0.000675806 0.00502048 0.00315898 0.000440826 0.0035188 0.000225336 -0.000725523 0.000754655 0.00490792 -0.00102704 -0.00359792 1.82195e-05
internal_weight=51950.8 35792.3 22500 1139.72 966.498 21360.3 1377.99 19982.3 13292.3 2216.41 308.987 11075.9 16158.4 3580.03
internal_count=52193 32913 20789 350 291 20439 975 19464 12124 1471 117 10653 19280 3172
is_linear=0
shrinkage=0.0386495


Tree=35
num_leaves=15
num_cat=0
split_feature=41 12 21 12 31 11 26 34 31 6 24 9 34 15
split_gain=95.4479 8.79457 8.90199 13.9811 7.26367 6.68102 6.50296 4.19174 2.73026 3.00656 3.11053 2.95818 2.70443 1.61631
threshold=1.0000000180025095e-35 -0.42981591820716852 -680.93545532226551 -0.54198315739631642 109.50000000000001 0.47420547902584081 -0.0037486038636416192 18.622521400451664 43.500000000000007 -22.220052719116207 46.155246734619148 3.3104048967361455 287.97561645507818 -44.506008148193352
decision_type=2 2 2 2 2 2 2 2 2 2 2 2 2 2
left_child=1 2 3 7 6 -6 -4 -1 9 10 -3 12 -10 -11
right_child=-2 8 4 -5 5 -7 -8 -9 11 13 -12 -13 -14 -15
leaf_value=1.4785185739060198 -0.11673105399833979 -9.8945189593831628 0.023706740672067919 1.2674418751690917 0.0015349742464666795 -0.13141693205411353 0.26695955781535236 -0.04770381743687057 -0.08769836870789216 1.7419354055190017 0.1852725687649964 0.0014011130539480767 0.089386189054411341 -0.066525915730461196
leaf_weight=71.159564256668091 15740.717343330383 108.49133259057999 5791.0719076991081 80.560098171234131 11832.409627377987 1363.0916405320168 3348.291321516037 270.04122865200043 8989.6347088217735 159.72081792354584 423.54714840650558 108.60881447792053 1084.7591351270676 2817.2583603262901
leaf_count=43 18700 47 5509 33 11667 1104 2581 130 8614 91 307 23 996 2310
internal_value=-0.00114206 -5.41992e-05 0.000409772 0.00596654 0.00030172 -0.000274808 0.00114034 0.00230595 -0.000829517 8.49008e-05 0.00276861 -0.00115027 -0.00122371 -0.000376801
internal_weight=52189.4 36448.6 22756.6 421.761 22334.9 13195.5 9139.36 341.201 13692 3509.02 532.038 10183 10074.4 2976.98
internal_count=52155 33455 21067 206 20861 12771 8090 173 12388 2755 354 9633 9610 2401
is_linear=0
shrinkage=0.0386495


Tree=36
num_leaves=15
num_cat=0
split_feature=41 52 13 38 29 38 1 15 32 2 24 29 11 36
split_gain=95.0565 7.45885 7.17089 15.1545 19.8999 5.49559 5.80974 4.98107 4.97215 5.03171 4.36796 5.94278 4.61996 2.97235
threshold=1.0000000180025095e-35 1.0000000180025095e-35 0.97004190087318432 -0.96543118357658375 117.53787994384767 0.67169889807701122 -0.66748249530792225 8.1081895828247088 49.500000000000007 -9.6669402122497541 22.785695075988773 38.891218185424812 0.015025209169834854 1.4963011741638186
decision_type=2 2 2 2 2 2 2 2 2 2 2 2 2 2
left_child=1 5 3 4 -3 8 13 -5 9 -1 12 -12 -4 -7
right_child=-2 2 10 7 -6 6 -8 -9 -10 -11 11 -13 -14 -15
leaf_value=0.73179291368769173 -0.11221945209608999 0.25421831718021737 8.0678520720810276 0.99155515011233253 2.0852090583518721 0.11415765217306943 -0.010717323964124987 -0.18552168005764469 -0.046953860196906338 -0.002002967884837011 -0.0089312359128873135 0.28482817202674104 -0.24922257664320779 -0.64919885490448792
leaf_weight=808.01705503463745 15740.717343330383 91.243999540805817 86.88858962059021 505.70149439573288 88.327506601810455 2242.5249425172806 2935.5101018548012 452.68331807851791 19333.178905069828 3960.8632559776306 2604.0144149661064 1917.4623153805733 1212.8663952946663 209.36341154575348
leaf_count=481 18700 119 79 542 21 1824 2745 336 19208 3406 2859 1237 533 65
internal_value=-0.00114722 -6.15794e-05 0.00107441 0.00388553 0.014175 -0.000331681 0.000779508 0.00187174 -0.000582509 0.000527534 0.000513782 0.00108871 -0.00144028 0.00217092
internal_weight=52189.4 36448.6 6959.19 1137.96 179.572 29489.5 5387.4 958.385 24102.1 4768.88 5821.23 4521.48 1299.75 2451.89
internal_count=52155 33455 5726 1018 140 27729 4634 878 23095 3887 4708 4096 612 1889
is_linear=0
shrinkage=0.0386495


Tree=37
num_leaves=15
num_cat=0
split_feature=7 52 7 13 6 38 9 1 36 13 28 32 2 12
split_gain=95.0226 8.08784 7.7082 9.34492 16.6547 7.13465 6.39644 5.27912 4.58388 4.38384 18.9556 4.32812 5.11732 4.23494
threshold=0.00092546257656067621 1.0000000180025095e-35 0.026859865523874763 0.97004190087318432 1.0000000180025095e-35 0.67169889807701122 0.084808133542537703 -0.93452617526054371 1.4963011741638186 2.0197150707244877 4.4785153865814218 49.500000000000007 -9.6669402122497541 -1.9159782528877256
decision_type=2 2 2 2 2 2 2 2 2 2 2 2 2 2
left_child=-1 5 3 4 -3 11 -5 8 -7 -4 -11 12 -2 -9
right_child=1 2 9 6 -6 7 -8 13 -10 10 -12 -13 -14 -15
leaf_value=-0.10788222154599704 0.70350945193214842 1.6111773017813424 -0.21330782956696956 0.12381034784356036 -0.21184586242839254 0.10968093162619412 0.18280716766909053 0.18097657646435933 -0.62410761578343033 0.67530601045914307 -0.14013057067205989 -0.04517022927495553 -0.0085231323635952365 -0.018340091446100364
leaf_weight=16598.402611732483 808.01705503463745 561.62605363130569 1443.0809947252274 3923.8607882857323 311.21331936120987 2132.9451637864113 145.43569898605347 211.97376525402069 209.36341154575348 46.855989694595337 201.63541918992996 19006.396766245365 3914.8549481630325 2673.7010635733604
leaf_count=19768 481 470 952 3360 269 1695 61 132 65 25 175 18724 3359 2619
internal_value=-0.0011354 -7.48414e-06 0.00120791 0.00198251 0.00562473 -0.000287981 0.00118466 0.00100022 0.00236356 -0.00102061 0.00362388 -0.000574298 0.000464815 -8.71925e-05
internal_weight=52189.4 35591 6633.71 4942.14 872.839 28957.3 4069.3 5227.98 2342.31 1691.57 248.491 23729.3 4722.87 2885.67
internal_count=52155 32387 5312 4160 739 27075 3421 4511 1760 1152 200 22564 3840 2751
is_linear=0
shrinkage=0.0386495


end of trees

feature_importances:
return_60d=33
price_std_7d=26
distance_to_resistance=24
price_log=23
volume_lag_7d=21
price_zscore_30d=20
volume_lag_1d=20
events_next_30d_major=20
bb_width=18
volume_mean_30d=18
volume_std_30d=18
return_7d=16
macd_histogram=16
return_3d=15
rsi_missing=15
return_1d=14
return_14d=14
volume_std_60d=14
item_type_sticker=14
bb_pct_b=13
macd_signal=13
volume_log_change_1d=13
return_30d=12
price_std_60d=12
vol_regime_60_30=12
volume_zscore_30d=12
price_std_30d=11
rsi_14=11
price_lag_1d=10
item_volume_vs_market_30d=7
macd_line=6
price_std_20d=5
price_accel_7d=5
autocorr_7d=5
volume_log_change_7d=5
item_type_skin=5
price_std_14d=4
distance_to_support=3
events_next_30d_game_update=2
trend_divergence_30_60=1
log_return_7d=1
autocorr_1d=1
volume_price_conf_7d=1
volume_price_conf_1d=1
dow_sin=1
dow_cos=1

parameters:
[boosting: gbdt]
[objective: quantile]
[metric: quantile]
[tree_learner: serial]
[device_type: cpu]
[data_sample_strategy: bagging]
[data: ]
[valid: ]
[num_iterations: 1000]
[learning_rate: 0.0386495]
[num_leaves: 15]
[num_threads: -1]
[seed: 128]
[deterministic: 0]
[force_col_wise: 0]
[force_row_wise: 0]
[histogram_pool_size: -1]
[max_depth: 5]
[min_data_in_leaf: 30]
[min_sum_hessian_in_leaf: 0.001]
[bagging_fraction: 0.7]
[pos_bagging_fraction: 1]
[neg_bagging_fraction: 1]
[bagging_freq: 5]
[bagging_seed: 7259]
[bagging_by_query: 0]
[feature_fraction: 0.85]
[feature_fraction_bynode: 1]
[feature_fraction_seed: 2349]
[extra_trees: 0]
[extra_seed: 22898]
[early_stopping_round: 0]
[early_stopping_min_delta: 0]
[first_metric_only: 0]
[max_delta_step: 0]
[lambda_l1: 1.5]
[lambda_l2: 2]
[linear_lambda: 0]
[min_gain_to_split: 0.1]
[drop_rate: 0.1]
[max_drop: 50]
[skip_drop: 0.5]
[xgboost_dart_mode: 0]
[uniform_drop: 0]
[drop_seed: 14092]
[top_rate: 0.2]
[other_rate: 0.1]
[min_data_per_group: 100]
[max_cat_threshold: 32]
[cat_l2: 10]
[cat_smooth: 10]
[max_cat_to_onehot: 4]
[top_k: 20]
[monotone_constraints: ]
[monotone_constraints_method: basic]
[monotone_penalty: 0]
[feature_contri: ]
[forcedsplits_filename: ]
[refit_decay_rate: 0.9]
[cegb_tradeoff: 1]
[cegb_penalty_split: 0]
[cegb_penalty_feature_lazy: ]
[cegb_penalty_feature_coupled: ]
[path_smooth: 0]
[interaction_constraints: ]
[verbosity: -1]
[saved_feature_importance_type: 0]
[use_quantized_grad: 0]
[num_grad_quant_bins: 4]
[quant_train_renew_leaf: 0]
[stochastic_rounding: 1]
[linear_tree: 0]
[max_bin: 63]
[max_bin_by_feature: ]
[min_data_in_bin: 3]
[bin_construct_sample_cnt: 200000]
[data_random_seed: 456]
[is_enable_sparse: 1]
[enable_bundle: 1]
[use_missing: 1]
[zero_as_missing: 0]
[feature_pre_filter: 0]
[pre_partition: 0]
[two_round: 0]
[header: 0]
[label_column: ]
[weight_column: ]
[group_column: ]
[ignore_column: ]
[categorical_feature: ]
[forcedbins_filename: ]
[precise_float_parser: 0]
[parser_config_file: ]
[objective_seed: 18400]
[num_class: 1]
[is_unbalance: 0]
[scale_pos_weight: 1]
[sigmoid: 1]
[boost_from_average: 1]
[reg_sqrt: 0]
[alpha: 0.9]
[fair_c: 1]
[poisson_max_delta_step: 0.7]
[tweedie_variance_power: 1.5]
[lambdarank_truncation_level: 30]
[lambdarank_norm: 1]
[label_gain: ]
[lambdarank_position_bias_regularization: 0]
[eval_at: ]
[multi_error_top_k: 1]
[auc_mu_weights: ]
[num_machines: 1]
[local_listen_port: 12400]
[time_out: 120]
[machine_list_filename: ]
[machines: ]
[gpu_platform_id: -1]
[gpu_device_id: -1]
[gpu_use_dp: 0]
[num_gpu: 1]

end of parameters

pandas_categorical:[]
