tree
version=v4
num_class=1
num_tree_per_iteration=1
label_index=0
max_feature_idx=54
objective=quantile
feature_names=price_lag_1d return_1d return_3d return_7d return_14d return_30d return_60d price_std_7d price_std_14d price_std_20d price_std_30d price_std_60d price_zscore_30d vol_regime_60_30 trend_divergence_30_60 price_accel_7d price_log price_tier log_return_1d log_return_7d autocorr_1d autocorr_7d bb_pct_b bb_width rsi_14 macd_line macd_signal macd_histogram distance_to_support distance_to_resistance volume_missing volume_lag_1d volume_lag_7d volume_mean_30d volume_std_30d volume_std_60d volume_log_change_1d volume_log_change_7d volume_zscore_30d volume_price_conf_7d volume_price_conf_1d rsi_missing macd_missing dow_sin dow_cos events_next_30d_major events_next_30d_operation events_next_30d_case_drop events_next_30d_update events_next_30d_game_update item_type_graffiti item_type_skin item_type_sticker item_type_unknown item_volume_vs_market_30d
feature_infos=[0.029999999329447746:960.7130126953125] [-99.464340209960938:500] [-99.499412536621094:500] [-99.901214599609375:500] [-99.545616149902344:500] [-99.464340209960938:500] [-99.876518249511719:500] [0:168.62384033203125] [0:156.91107177734375] [0:135.56643676757812] [0:112.45006561279297] [0:100.54641723632812] [-4.8795590400695801:5.2946515083312988] [0.7020072340965271:791.464599609375] [-933.93896484375:979983291908096] [-599.9012451171875:592.04339599609375] [-3.5065579414367676:6.833979606628418] [0:4] [-5.2294297218322754:5.2971501350402832] [-6.9199800491333008:5.2971501350402832] [-49732.171875:70000] [-49950.609375:50974.09765625] [-0.51409953832626343:1.5621322393417358] [0.0086328238248825073:17.435346603393555] [0:99.873260498046875] [-54.1455078125:46.680622100830078] [-42.52099609375:42.708404541015625] [-22.157054901123047:29.474584579467773] [1.9274705665090278e-14:19876.666015625] [1.6521176042353682e-14:109337.8359375] none [1:353904] [1:238372] [1:125869.734375] [0:78931.25] [0:69402.671875] [-6.9768147468566895:9.0481739044189453] [-6.4248690605163574:7.3008103370666504] [-4.7356610298156738:5.2931628227233887] [-99.901214599609375:500] [-99.341239929199219:500] [0:1] [0:1] [-0.97492790222167969:0.97492790222167969] [-0.90096884965896606:1] [0:2] [0:1] [0:1] none [0:2] [0:1] [0:1] [0:1] none [0.0010344010079279542:422.99484252929688]
tree_sizes=1707 1772 1763 1769 1767 1775 1789 1777 1768 1788 1791 1792 1785 1782 1792 1793 1795 1782 1793 1799 1794 1804 1769 1784 1786 1789 1804 1790 1790 1798 1788 1784 1791 1805 1780 1796 1795 1775 1781 1782 1789 1792 1806 1798 1800 1797 1785 1792 1786 1791 1791

Tree=0
num_leaves=15
num_cat=0
split_feature=7 23 4 32 16 18 22 24 18 49 18 38 49 11
split_gain=984.203 279.253 132.913 98.1387 57.2277 46.2271 44.4535 35.2952 35.1005 20.4509 20.374 20.3227 17.8413 12.7853
threshold=1.0000000180025095e-35 0.31664341688156133 -0.63839155435562123 17.500000000000004 -1.0321227908134458 0.20360330492258075 0.44409963488578802 50.00030708312989 -0.047526538372039788 1.5000000000000002 -0.058561461046338074 0.75818419456481945 1.5000000000000002 1.0000000180025095e-35
decision_type=2 2 2 2 2 2 2 2 2 2 2 2 2 2
left_child=13 4 3 6 9 7 -3 -4 -5 10 -2 12 -6 -1
right_child=1 2 5 8 11 -7 -8 -9 -10 -11 -12 -13 -14 -15
leaf_value=14.068543607173595 14.974392273506064 16.090474953309304 14.712702634215077 15.334792067992458 14.529087227498531 14.174871470166325 15.034782184594896 15.068100725726049 14.988770851848416 15.208705128530729 14.720856599138827 14.702673869219536 14.87676459567202 14.068543607173595
leaf_weight=67895.817564725876 4205.6383115053177 5792.6065062880516 10099.651949882507 8147.9155910611153 43826.689716398716 5759.5217582583427 1420.4722366333008 34622.395721018314 22394.88857203722 969.79332387447357 43453.208956182003 10875.736419439316 1038.4920768737793 16314.540716767311
leaf_count=84758 4519 3793 3277 5283 53565 2167 935 25245 16971 1219 48345 13511 1344 11896
internal_value=14.6342 14.6357 14.6373 14.639 14.6343 14.636 14.6431 14.6364 14.6381 14.6353 14.6352 14.6335 14.6331 14.6307
internal_weight=276817 192607 88237.5 37755.9 104370 50481.6 7213.08 44722 30542.8 48628.6 47658.8 55740.9 44865.2 84210.4
internal_count=276828 180174 57671 26982 122503 30689 4728 28522 22254 54083 52864 68420 54909 96654
is_linear=0
shrinkage=1


Tree=1
num_leaves=15
num_cat=0
split_feature=7 1 29 33 16 33 49 12 22 3 45 4 7 45
split_gain=947.662 198.508 92.8288 80.486 66.9316 65.9361 61.2221 58.6399 52.6107 34.4423 34.2305 24.4562 19.9404 19.8676
threshold=1.0000000180025095e-35 -5.6879725456237784 25.005084037780765 24.85000038146973 -1.0951194763183592 32.183334350585945 1.5000000000000002 -0.47238695621490473 0.44409963488578802 -12.555227279663084 1.0000000180025095e-35 -4.5039844512939444 0.016072010621428493 1.0000000180025095e-35
decision_type=2 2 2 2 2 2 2 2 2 2 2 2 2 2
left_child=-1 5 4 8 13 7 -5 9 -4 -2 -6 -7 -13 -3
right_child=1 2 3 6 10 11 -8 -9 -10 -11 -12 12 -14 -15
leaf_value=-0.5437427824553982 1.982224497858003 0.24406189909393558 1.0391609427717545 0.17317976224100759 0.0097371666239116725 0.54923559175253833 1.2641323211740714 0.76729138764915361 0.45103702620646496 0.99220775493149393 -0.1706451461893409 0.49859851861187759 0.13974700650150854 0.03731296186745043
leaf_weight=84210.358281493187 1644.9685827493668 27572.345328450203 4878.9181935787201 53801.231685042381 37014.817206084728 7878.3306824564934 659.54633474349976 3860.588615000248 3771.0903732776642 2023.4912770390511 21315.971082448959 4906.3762490749359 6606.4276780486107 16672.907851457596
leaf_count=96654 1195 31228 3171 34657 43345 6785 366 2101 1835 1486 26605 3916 3463 20021
internal_value=-5.34481e-05 0.00144161 0.000941003 0.00210739 0.000222778 0.00452029 0.00155572 0.00759583 0.00557288 0.0111041 -0.000636385 0.0033225 0.00217749 0.00135675
internal_weight=276817 192607 165687 63110.8 102576 26920.2 54460.8 7529.05 8650.01 3668.46 58330.8 19391.1 11512.8 44245.3
internal_count=276828 180174 161228 40029 121199 18946 35023 4782 5006 2681 69950 14164 7379 51249
is_linear=0
shrinkage=0.0386495


Tree=2
num_leaves=15
num_cat=0
split_feature=8 2 33 16 16 1 22 3 4 33 38 33 11 2
split_gain=889.244 186.493 98.7121 75.6376 59.4104 42.1941 36.8316 36.3165 33.0738 25.7213 21.9636 18.4651 17.1635 15.8625
threshold=1.0000000180025095e-35 -8.9994244575500471 20.649999618530277 -1.0951194763183592 -3.498293280601501 -5.6879725456237784 0.39126619696617132 -9.4147195816040021 -0.63839155435562123 132.28333282470706 0.042002616450190551 24.85000038146973 0.017338093370199207 -24.155606269836422
decision_type=2 2 2 2 2 2 2 2 2 2 2 2 2 2
left_child=-1 2 6 4 -3 -6 13 11 9 -4 -9 -5 -10 -2
right_child=1 3 8 7 5 -7 -8 10 12 -11 -12 -13 -14 -15
leaf_value=-0.52272737235128608 2.2262321369444074 -0.26506375784878516 0.66749629509768849 0.99930083409884662 0.53593444106092158 0.19477511611747056 0.96608280849227124 -0.095641679223653783 0.76808321460852824 0.28323100248674604 0.049074655740428921 0.1370851893197414 0.12615435733163363 1.0559265940065909
leaf_weight=79095.695373952389 1046.7420148849487 11903.703391492367 6558.3550059199333 1446.093515753746 10493.935994565487 73203.825360059738 1442.4055691361427 42660.287053108215 1816.4253698587418 4161.2794662714005 28846.640980958939 5478.5750407576561 6960.9339662194252 1702.4713180065155
leaf_count=94020 492 6136 4892 943 7261 66937 786 47281 1669 4235 31563 5863 3339 1411
internal_value=-0.000112526 0.00127276 0.0044905 0.000834398 0.00156422 0.0019278 0.0098773 -5.44691e-05 0.00332853 0.00477147 -0.000314026 0.00261677 0.00155901 0.0125144
internal_weight=276817 197722 23688.6 174033 95601.5 83697.8 4191.62 78431.6 19497 10719.6 71506.9 6924.67 8777.36 2749.21
internal_count=276828 182808 16824 165984 80334 74198 2689 85650 14135 9127 78844 6806 5008 1903
is_linear=0
shrinkage=0.0386495


Tree=3
num_leaves=15
num_cat=0
split_feature=7 29 33 16 6 49 1 2 5 29 52 5 49 11
split_gain=869.424 162.974 140.678 61.6768 56.8195 48.9093 44.7808 30.2868 21.3003 21.1115 17.4243 17.2472 21.4232 16.4119
threshold=1.0000000180025095e-35 21.495369911193851 24.85000038146973 -1.0951194763183592 -2.0407043695449825 1.5000000000000002 -2.3075557947158809 -16.946798324584957 20.771939277648929 127.60262680053712 1.0000000180025095e-35 5.9831862449646005 1.5000000000000002 1.0000000180025095e-35
decision_type=2 2 2 2 2 2 2 2 2 2 2 2 2 2
left_child=13 3 4 10 7 6 -4 -3 -6 -7 -2 12 -5 -1
right_child=1 2 5 11 8 9 -8 -9 -10 -11 -12 -13 -14 -15
leaf_value=-0.50252419824569083 0.10425520182321391 1.9079379675789014 0.35159539752738034 -0.10442363768431552 0.82907202461263074 0.59610844297181287 0.12220184390486413 0.9514558450871794 -0.0082885088932597474 1.3461144633318258 0.55831464711218548 0.031857101730505835 0.23932823631245809 -0.50252419824569083
leaf_weight=67895.817564725876 34979.418513000011 1402.7735974788666 27698.201762616634 35316.475997924805 6011.0855497121811 503.27611839771271 46812.803824722767 5257.983047246933 1877.6255115270615 409.00171899795532 9608.3745970726013 21924.565062940121 805.42583781480789 16314.540716767311
leaf_count=84758 41281 788 18738 41914 3459 484 31556 3611 811 72 10076 26342 1042 11896
internal_value=-0.000144562 0.00128744 0.00248826 0.000234172 0.00596939 0.00181582 0.00170582 0.00860447 0.00373553 0.0107131 0.00131558 -0.000595519 -0.00111483 -0.0034205
internal_weight=276817 192607 89972.8 102634 14549.5 75423.3 74511 6660.76 7888.71 912.278 44587.8 58046.5 36121.9 84210.4
internal_count=276828 180174 59519 120655 8669 50850 50294 4399 4270 556 51357 69298 42956 96654
is_linear=0
shrinkage=0.0386495


Tree=4
num_leaves=15
num_cat=0
split_feature=7 2 16 33 29 45 1 22 6 38 29 1 28 25
split_gain=839.488 148.265 77.9767 73.6294 70.5064 36.4095 30.2385 29.8162 26.7778 25.963 23.736 20.8638 18.1603 16.1358
threshold=1.0000000180025095e-35 -8.9994244575500471 -1.0951194763183592 20.649999618530277 96.668579101562514 1.0000000180025095e-35 -5.6879725456237784 0.44409963488578802 -1.1783434748649595 0.18027917295694354 52.383722305297859 -12.836630344390867 40.477243423461921 -2.5239407932531317e-06
decision_type=2 2 2 2 2 2 2 2 2 2 2 2 2 2
left_child=13 3 6 7 5 -4 -3 10 11 -8 -2 -5 -6 -1
right_child=1 2 4 8 12 -7 9 -9 -10 -11 -12 -13 -14 -15
leaf_value=-0.48310186758838297 0.43910743811933056 0.45605961504572889 0.023950709575474693 1.199087867129367 0.63258382481918141 -0.14910081754779711 0.10447144151523045 0.47220056783885783 0.27550020002099102 0.27097524848568522 1.8479929672124769 0.40376305121849215 -0.54670360178693023 -0.48310186758838297
leaf_weight=17847.569496273994 982.1264825463295 11618.858337521553 44913.754278123379 991.156569480896 5981.7789661884308 26161.153071045876 52493.878202021122 844.15694040060043 12307.454320549965 26374.065299034119 2365.335479080677 6198.3829182386398 1374.910275220871 66362.788785219193
leaf_count=14764 1053 7835 51440 752 1998 31911 46277 540 7889 23588 1096 5494 301 81890
internal_value=-0.00020146 0.00120567 0.000803644 0.00406964 -8.75974e-05 -0.00046117 0.00157678 0.00872346 0.00306536 0.00130434 0.0103643 0.00494456 0.00351285 -0.0034205
internal_weight=276817 192607 168918 23688.6 78431.6 71074.9 90486.8 4191.62 19497 78867.9 3347.46 7189.54 7356.69 84210.4
internal_count=276828 180174 163350 16824 85650 83351 77700 2689 14135 69865 2149 6246 2299 96654
is_linear=0
shrinkage=0.0386495


Tree=5
num_leaves=15
num_cat=0
split_feature=41 19 33 18 45 49 16 18 4 4 16 54 6 45
split_gain=793.251 130.425 75.8093 55.1091 44.102 43.8722 26.699 24.4303 19.3256 18.1446 17.9534 16.2488 14.6971 14.4031
threshold=1.0000000180025095e-35 -0.12042476609349249 16.516666412353519 -0.052582949399948113 1.0000000180025095e-35 1.5000000000000002 -1.1639514565467832 -0.088109306991100297 -16.43730545043945 -7.7138922214508048 -3.498293280601501 0.31336995959281927 -9.9989271163940412 1.0000000180025095e-35
decision_type=2 2 2 2 2 2 2 2 2 2 2 2 2 2
left_child=1 2 8 11 5 -5 -6 9 -1 -4 -2 -3 -10 -9
right_child=10 3 7 4 6 -7 -8 13 12 -11 -12 -13 -14 -15
leaf_value=2.4925243415525298 -0.46443020113685607 0.42445127599723437 0.83289337068321145 0.09845783124572699 0.059003208095999626 0.39696455274972142 -0.13174525916347268 0.38376224192592329 1.6065638560912496 0.37926872631840808 -0.14869429844822613 0.1502401614238944 0.70821564508860524 0.10886424459117677
leaf_weight=1268.8766649365425 79104.719330191612 14383.042439222336 2586.3305836319923 88403.051290750504 29917.704170167446 2789.5442216396332 27023.34110045433 9786.2032092213631 724.33941298723221 1661.6408498287201 3811.3243319392204 6820.3272020816803 1287.474401473999 7086.9741571545601
leaf_count=789 93983 9930 2081 87276 25867 2995 31197 8486 454 1021 900 5226 739 5964
internal_value=-0.000243321 0.00111037 0.00375251 0.000729249 0.000464965 0.000992095 -0.000378234 0.00289892 0.00922514 0.00552756 -0.00340696 0.00257267 0.00679683 0.00223313
internal_weight=276655 193739 24401.8 169337 148134 91192.6 56941 21121.1 3280.69 4247.97 82916 21203.4 2011.81 16873.2
internal_count=276908 182025 19534 162491 147335 90271 57064 17552 1982 3102 94883 15156 1193 14450
is_linear=0
shrinkage=0.0386495


Tree=6
num_leaves=15
num_cat=0
split_feature=16 23 22 33 22 16 18 6 45 11 18 37 10 45
split_gain=768.252 196.549 60.7027 98.4549 57.8222 33.2031 31.8241 24.0723 20.8262 18.5893 15.3634 14.0957 13.3652 13.1392
threshold=-3.498293280601501 0.26513874530792242 0.44409963488578802 46.650001525878913 0.41462235152721411 -0.32089444994926447 0.20360330492258075 -12.045632839202879 1.0000000180025095e-35 1.0000000180025095e-35 -0.017698390409350392 0.63922539353370678 0.48503714799880987 1.0000000180025095e-35
decision_type=2 2 2 2 2 2 2 2 2 2 2 2 2 2
left_child=4 5 3 7 10 -2 11 -3 -5 -6 -1 -4 -12 -7
right_child=1 2 6 8 9 13 -8 -9 -10 -11 12 -13 -14 -15
leaf_value=1.0489732941801695 0.049742865841799717 1.0469411782951847 0.21374221996214149 0.36212136211917678 -0.44648018606253748 -0.03835188011377106 -0.42130313178755269 0.73969752493524832 0.10881977453147361 -0.44648018606253748 -0.091698701333494878 0.57555880472353338 0.6779064550012418 -0.16465915982877491
leaf_weight=1114.7234877943993 52181.975350141525 6003.5893067121506 36167.276356875896 18532.781368255615 67867.258134245872 22272.880707800388 5845.834147810936 9691.7415151596069 12914.673205077648 20235.768101513386 3710.8595366477966 5338.6229657530785 36.729415893554688 14740.179765999317
leaf_count=881 60049 3738 30103 13938 84991 26677 2379 5638 10113 12392 3089 4103 4 18813
internal_value=-0.00028779 0.0011609 0.00238922 0.00337185 -0.00315084 -0.000139768 0.00140959 0.00587394 0.00212093 -0.00337742 0.000942543 0.0017862 -0.000228274 -0.00102566
internal_weight=276655 183690 94494.5 47142.8 92965.3 89195 47351.7 15695.3 31447.5 88103 4862.31 41505.9 3747.59 37013.1
internal_count=276908 175551 70012 33427 101357 105539 36585 9376 24051 97383 3974 34206 3093 45490
is_linear=0
shrinkage=0.0386495


Tree=7
num_leaves=15
num_cat=0
split_feature=7 19 16 29 2 16 45 6 51 6 1 11 34 6
split_gain=783.224 112.094 63.4129 66.0108 41.1314 33.3339 32.6583 31.8733 30.8628 21.2767 14.7486 12.3661 11.2578 10.3873
threshold=1.0000000180025095e-35 -0.15124731510877606 -1.1639514565467832 184.33988189697268 -16.946798324584957 -3.498293280601501 1.0000000180025095e-35 -1.0000000180025095e-35 1.0000000180025095e-35 30.865311622619632 -18.493697166442868 1.0000000180025095e-35 4.5690739154815683 47.991506576538093
decision_type=2 2 2 2 2 2 2 2 2 2 2 2 2 2
left_child=11 4 5 6 7 -3 -4 10 -7 -5 -2 -1 -9 -6
right_child=1 2 3 9 13 8 -8 12 -10 -11 -12 -13 -14 -15
leaf_value=-0.4292239308694229 3.0788535057123623 -0.25878094584198319 0.029386654024050565 0.84941518290297013 0.38983110729279202 0.49088375494549374 -0.13560268832226677 2.5402801505178139 0.15174538318437411 -0.24070757956024749 0.97901250735429513 -0.4292239308694229 0.65863964976666989 -0.047635052383250352
leaf_weight=67975.32086789608 478.47486907243729 7601.7806825637817 48482.2434720397 4104.9806571602821 12651.433373093605 18776.312739253044 28544.539625167847 153.69171929359436 65910.490371763706 852.81760621070862 1204.464459836483 16291.466205537319 2156.7766181826591 1470.1000986099243
leaf_count=85005 340 3771 54173 965 9950 18809 33690 57 54762 119 956 11887 1438 986
internal_value=-0.000342978 0.00101779 0.000716576 -6.49645e-05 0.00391197 0.00141147 -0.000343938 0.00738418 0.00163181 0.00425601 0.0114498 -0.00345036 0.00439038 0.00292506
internal_weight=276655 192388 174273 81984.6 18114.9 92288.6 77026.8 3993.41 84686.8 4957.8 1682.94 84266.8 2310.47 14121.5
internal_count=276908 180016 166289 88947 13727 77342 87863 2791 73571 1084 1296 96892 1495 10936
is_linear=0
shrinkage=0.0386495


Tree=8
num_leaves=15
num_cat=0
split_feature=0 29 32 11 5 22 4 49 2 0 37 49 1 22
split_gain=732.764 111.409 59.2848 40.8589 35.2664 35.075 33.1063 27.453 25.9233 25.0777 17.3996 15.5301 14.4702 12.4817
threshold=0.03024999983608723 25.005084037780765 26.500000000000004 1.0000000180025095e-35 10.959899902343752 0.44409963488578802 -23.284634590148922 1.5000000000000002 -24.155606269836422 0.75049999356269848 0.57060521841049205 1.5000000000000002 22.58117771148682 0.41462235152721411
decision_type=2 2 2 2 2 2 2 2 2 2 2 2 2 2
left_child=3 4 5 -1 9 8 -4 -8 -3 11 12 -2 -6 -5
right_child=1 2 6 13 10 -7 7 -9 -10 -11 -12 -13 -14 -15
leaf_value=-0.41263462205508489 0.026331641633025864 1.7243221944556453 0.5182912026913723 0.042985887447899711 0.1717835339027021 0.28997602566859326 0.13527800479126134 1.1172852666140518 0.75672797205411946 -0.094288844480148806 0.64927799550232523 0.35570108400438527 -0.83879401739877046 -0.41263462205508489
leaf_weight=67867.258134245872 45003.45003247261 1564.3812997937202 8166.7309288978577 3984.3609065413475 24490.909771859646 5612.3916981220245 51251.285975039005 733.40895766019821 9585.0519250035286 31279.086331367493 3851.070908665657 1010.0632445216179 1844.5717072486877 20410.871544241905
leaf_count=84991 51482 725 6251 3284 30452 2821 32292 432 6422 38595 3998 1301 873 12989
internal_value=-0.000384904 0.00102187 0.00214497 -0.00319702 0.000217604 0.0041797 0.00157689 0.00121578 0.00543629 -0.000219279 0.0013381 0.000353762 0.000980122 -0.00183545
internal_weight=276655 184392 76913.3 92262.5 107479 16761.8 60151.4 51984.7 11149.4 77292.6 30186.6 46013.5 26335.5 24395.2
internal_count=276908 175644 48943 101264 126701 9968 38975 32724 7147 91378 35323 52783 31325 16273
is_linear=0
shrinkage=0.0386495


Tree=9
num_leaves=15
num_cat=0
split_feature=7 3 16 33 29 52 29 51 16 54 37 1 25 25
split_gain=740.795 94.1392 56.9464 44.9016 41.0278 33.6982 21.1769 20.1761 19.6248 17.8304 17.8204 16.7194 15.1872 13.926
threshold=1.0000000180025095e-35 -10.323077678680418 -1.1639514565467832 20.649999618530277 96.668579101562514 1.0000000180025095e-35 52.383722305297859 1.0000000180025095e-35 -3.498293280601501 0.1031513921916485 0.15245653688907626 -12.836630344390867 -1.0000000180025095e-35 -1.6188745632916832e-07
decision_type=2 2 2 2 2 2 2 2 2 2 2 2 2 2
left_child=13 3 5 6 10 8 -2 -8 -3 -6 -4 12 -5 -1
right_child=1 2 4 11 9 -7 7 -9 -10 -11 -12 -13 -14 -15
leaf_value=-0.39668648244671362 0.32772586325638414 -0.28775053094540476 -0.084291998730253864 1.2469219927830337 0.72581062836772792 0.57366720980576724 2.1771974990066085 1.3277881642373979 0.13331533143247384 0.077872220905617198 0.051938362739463298 0.22971775863636792 0.44844794478052447 -0.39668648244671362
leaf_weight=20517.938779175282 1419.1464059948921 5860.5332864522934 52399.898075163364 959.09202319383621 3974.9200952649117 15895.79029250145 1036.2460595369339 1697.9458168148994 65489.323394954205 3162.9999408721924 18932.40474241972 20190.112842082977 1369.6933169960976 63748.848294258118
leaf_count=18247 1452 2232 60367 768 1017 15543 596 677 54981 1077 22673 17847 786 78645
internal_value=-0.000427221 0.000896162 0.00055272 0.00302761 -0.000202111 0.00123228 0.00672685 0.00872479 0.000872535 0.00258995 -0.000482378 0.00234222 0.00545633 -0.00344925
internal_weight=276655 192388 165716 26672.2 78470.2 87245.6 4153.34 2734.19 71349.9 7137.92 71332.3 22518.9 2328.79 84266.8
internal_count=276908 180016 157890 22126 85134 72756 2725 1273 57213 2094 83040 19401 1554 96892
is_linear=0
shrinkage=0.0386495


Tree=10
num_leaves=15
num_cat=0
split_feature=7 2 4 29 38 1 54 12 38 25 26 4 9 32
split_gain=696.625 93.6325 41.9555 38.6742 28.692 28.0301 27.4054 20.9101 17.6318 17.4723 16.978 14.3083 14.7645 12.1715
threshold=1.0000000180025095e-35 -10.101210117340086 -1.0843840241432188 22.581619262695316 0.52813154458999645 -18.493697166442868 0.10970383509993555 -0.10141003876924513 0.28125147521495825 -1.6188745632916832e-07 -0.0024791400646790858 1.0000000180025095e-35 0.017667357809841636 78.500000000000014
decision_type=2 2 2 2 2 2 2 2 2 2 2 2 2 2
left_child=9 2 5 4 10 -2 7 -5 -8 -1 -3 12 -4 -7
right_child=1 3 11 6 -6 13 8 -9 -10 -11 -12 -13 -14 -15
leaf_value=-0.38135473114745067 1.7136629007899982 -0.11446445331852305 0.59344740151791631 0.55149584974838428 0.12277103141997377 0.60476876828312531 0.022438122276302729 0.075154236180123221 0.19349870071525802 -0.38135473114745067 0.0023800284759083095 0.38891819838963304 -0.45172204161138985 0.31767063005843627
leaf_weight=20561.925399959087 1391.9304727911949 20488.910360515118 731.11731576919556 16434.437354981899 25268.517427027225 5670.6803055405617 30647.729064941406 5719.5021106600761 16990.855663120747 63665.473917603493 56461.604937553406 5567.5632916688919 2868.7155904769897 4203.9096360206604
leaf_count=18233 802 26296 544 9902 29904 4020 22111 3149 10579 78623 64145 3597 889 4035
internal_value=-0.000469329 0.000813451 0.00328733 0.000519198 3.97401e-05 0.00486887 0.00122057 0.0023447 0.000696502 -0.0034009 -0.000330735 0.00133668 -0.000548855 0.00413349
internal_weight=276673 192445 20433.9 172012 102219 11266.5 69792.5 22153.9 47638.6 84227.4 76950.5 9167.4 3599.83 9874.59
internal_count=276829 179973 13887 166086 120345 8857 45741 13051 32690 96856 90441 5030 1433 8055
is_linear=0
shrinkage=0.0386495


Tree=11
num_leaves=15
num_cat=0
split_feature=7 23 4 2 2 32 16 24 1 38 25 49 26 49
split_gain=683.921 127.243 48.6575 49.9541 31.8913 26.8693 26.3579 20.1366 19.3484 17.5814 17.4723 15.7784 9.39496 8.25562
threshold=1.0000000180025095e-35 0.25674429535865789 -1.0000000180025095e-35 -11.626520633697508 33.673789978027351 44.500000000000007 -0.32089444994926447 32.702541351318366 -18.493697166442868 0.67697030305862438 -1.6188745632916832e-07 1.5000000000000002 0.00012891562073491516 1.5000000000000002
decision_type=2 2 2 2 2 2 2 2 2 2 2 2 2 2
left_child=10 6 3 8 7 -5 9 -4 -3 11 -1 -2 13 -8
right_child=1 2 4 5 -6 -7 12 -9 -10 -11 -12 -13 -14 -15
leaf_value=-0.36661554503077887 -0.024847705704818746 1.7067007144776201 -0.38587874607150935 0.52240946121745713 -0.62209104097522949 0.16071622884190456 -0.14961590558950363 0.23773016708875144 0.55618046606738636 0.15826821120233761 -0.36661554503077887 0.35959078706050979 -0.039859687200856753 0.16217096385730559
leaf_weight=20561.925399959087 40604.059422791004 1293.242594897747 3995.0945522785187 13057.462700068951 5908.069066286087 23748.036047279835 19487.515993058681 48193.943001449108 7176.7733792662621 11364.405937075615 63665.473917603493 943.49579566717148 16277.135112166405 396.23992878198624
leaf_count=18233 46160 750 1125 8954 2460 21078 22865 35795 5130 12892 78623 1199 21052 513
internal_value=-0.000496186 0.000774839 0.00169743 0.002648 0.000955582 0.00202939 -0.000295231 0.00126091 0.00532816 0.000253508 -0.0034009 -0.000113674 -0.00109974 -0.00166431
internal_weight=276673 192445 103373 45275.5 58097.1 36805.5 89072.9 52189 8470.02 52912 84227.4 41547.6 36160.9 19883.8
internal_count=276829 179973 75292 35912 39380 30032 104681 36920 5880 60251 96856 47359 44430 23378
is_linear=0
shrinkage=0.0386495


Tree=12
num_leaves=15
num_cat=0
split_feature=8 2 52 5 49 38 54 45 11 45 15 6 18 15
split_gain=653.802 80.7873 51.6929 35.07 31.4189 30.1784 19.997 19.1626 20.7467 18.4439 14.5161 11.7683 10.3201 10.078
threshold=1.0000000180025095e-35 -10.101210117340086 1.0000000180025095e-35 -1.0000000180025095e-35 1.5000000000000002 0.33788670599460607 0.096623886376619353 1.0000000180025095e-35 0.023649020120501522 1.0000000180025095e-35 -0.29351118206977839 47.991506576538093 -0.20448984205722806 1.0000000180025095e-35
decision_type=2 2 2 2 2 2 2 2 2 2 2 2 2 2
left_child=-1 3 4 6 5 -3 12 11 -9 -6 -5 -4 -2 -12
right_child=1 2 7 10 9 -7 -8 8 -10 -11 13 -13 -14 -15
leaf_value=-0.35244602172313588 1.5544707492319616 -0.038310760456017987 0.34507519383314234 0.47571211504358668 0.41340669780333872 0.093671696187053136 0.33783028597036702 0.45054880401088099 -0.18133350460539507 -0.47796851798258871 -0.31335483250857399 1.5182703960541029 0.68996726073635606 0.31600060477105069
leaf_weight=79129.274199485779 867.99088984727859 104023.5783149004 12973.389092504978 4656.41196423769 2582.8111230134964 45054.47729408741 5273.3206982016563 5704.1550630927086 4027.5922850966454 440.08808898925781 3018.9743221998215 2303.5907751917839 3281.5269594192505 3335.6917783617973
leaf_count=94188 460 97795 13792 3430 2705 41760 4787 5776 4238 509 1054 2179 2312 1844
internal_value=-0.00053017 0.000658696 0.000392817 0.00296008 0.000124657 4.51369e-05 0.00469356 0.00202129 0.000672857 0.0040245 0.00147079 0.00287627 0.00671267 0.000259338
internal_weight=276673 197544 177110 20433.9 152101 149078 9422.84 25008.7 9731.75 3022.9 11011.1 15277 4149.52 6354.67
internal_count=276829 182641 168754 13887 142769 139555 7559 25985 10014 3214 6328 15971 2772 2898
is_linear=0
shrinkage=0.0386495


Tree=13
num_leaves=15
num_cat=0
split_feature=7 4 16 52 26 1 38 6 11 51 35 20 16 5
split_gain=651.365 72.8479 52.8385 31.9808 24.4581 20.8543 18.5419 17.2756 16.4965 16.3533 16.3521 8.43505 7.8064 7.30242
threshold=1.0000000180025095e-35 -23.284634590148922 -1.1639514565467832 1.0000000180025095e-35 0.35270397365093237 -4.6414835453033438 -0.18322660773992536 30.865311622619632 1.0000000180025095e-35 1.0000000180025095e-35 52.825952529907234 159.16643524169925 -3.498293280601501 -2.5958710908889766
decision_type=2 2 2 2 2 2 2 2 2 2 2 2 2 2
left_child=8 7 3 5 6 -3 -4 9 -1 10 -2 -11 -5 -6
right_child=1 2 4 12 13 -7 -8 -9 -10 11 -12 -13 -14 -15
leaf_value=-0.33882414401723349 1.3273547017162144 0.29080515988063965 -0.10322247721459048 0.02961169006391768 1.0224718046695525 0.058650700869144701 0.024432226210915588 -0.016933116823620552 -0.33882414401723349 0.47438568734888747 0.53822602804282116 1.2682765482562139 0.52227563388768383 0.26022221130532341
leaf_weight=67813.998642206192 1187.5570893287659 14444.024345219135 40915.435764074326 1804.9126970171928 437.19989311695099 63442.087787806988 40021.32019340992 1583.0570048689842 16413.400675356388 6842.3507892489433 1517.8015079498291 314.81658846139908 16606.425939261913 3328.4839313030243
leaf_count=84913 949 9588 44654 1617 196 53095 43310 970 11943 4643 1442 152 16370 2987
internal_value=-0.000563275 0.000677119 0.000487634 0.00110705 -0.000215901 0.000763503 -0.000358228 0.00366796 -0.003398 0.00426951 0.00684916 0.00328468 0.00255699 0.00282634
internal_weight=276673 192445 181000 96297.5 84702.4 77886.1 80936.8 11445.6 84227.4 9862.53 2705.36 7157.17 18411.3 3765.68
internal_count=276829 179973 171817 80670 91147 62683 87964 8156 96856 7186 2391 4795 17987 3183
is_linear=0
shrinkage=0.0386495


Tree=14
num_leaves=15
num_cat=0
split_feature=8 1 52 32 16 28 1 35 16 45 12 26 45 25
split_gain=630.826 66.1143 41.7891 25.5788 22.2756 20.5 25.766 18.4091 18.3018 17.2286 12.1823 11.7496 11.7235 11.3512
threshold=1.0000000180025095e-35 -4.6414835453033438 1.0000000180025095e-35 50.500000000000007 -2.9141628742218013 11.989106655120851 22.58117771148682 7.6104788780212411 0.47592352330684667 1.0000000180025095e-35 -0.32702082395553583 0.0016312071820721032 1.0000000180025095e-35 -1.6188745632916832e-07
decision_type=2 2 2 2 2 2 2 2 2 2 2 2 2 2
left_child=13 3 5 4 7 8 -7 -2 -3 11 -6 -4 -5 -1
right_child=1 2 9 12 10 6 -8 -9 -10 -11 -12 -13 -14 -15
leaf_value=-0.32572874566078541 2.8395541779826807 -0.008473333639290025 0.28809243501507609 0.2701761998984224 0.63331567941580902 0.10096966236747389 -0.56369730333944401 0.69254023711128665 -0.12759664717518715 0.078198030496703513 0.22031251017643308 1.0061559473199564 0.0046183447703046889 -0.32572874566078541
leaf_weight=16366.54955047369 353.14838975667953 61310.303378582001 10126.818452775478 12225.56371819973 5360.8656522035599 56843.079587817192 5269.1714010834694 2709.0190913677216 18191.470179617405 8833.5969290137291 4923.7833232283592 3978.2813529372215 7418.4971925616264 62762.724649012089
leaf_count=15922 196 57154 10567 9374 4380 53914 1927 1681 21240 9207 3057 4195 5749 78266
internal_value=-0.000581976 0.000585805 0.000268796 0.00216512 0.00347318 2.04845e-05 0.000546963 0.00637938 -0.000390111 0.0017991 0.00260117 0.00263811 0.00127318 -0.00349798
internal_weight=276673 197544 164553 32990.9 13346.8 141614 62112.3 3062.17 79501.8 22938.7 10284.6 14105.1 19644.1 79129.3
internal_count=276829 182641 158204 24437 9314 134235 55841 1877 78394 23969 7437 14762 15123 94188
is_linear=0
shrinkage=0.0386495


Tree=15
num_leaves=15
num_cat=0
split_feature=7 23 3 1 38 1 11 26 31 5 24 45 7 26
split_gain=629.783 103.439 34.5342 28.8902 21.8073 21.3107 18.0427 15.1526 14.6183 14.145 14.0873 10.9362 8.84521 7.19955
threshold=1.0000000180025095e-35 0.26513874530792242 -0.49474899470806116 -10.096364974975584 0.84659108519554149 22.58117771148682 1.0000000180025095e-35 -0.010520125739276407 32.500000000000007 -14.165785789489744 24.919038772583011 1.0000000180025095e-35 0.011899379547685386 -0.019088354893028733
decision_type=2 2 2 2 2 2 2 2 2 2 2 2 2 2
left_child=6 4 3 9 7 8 -1 -2 -4 -3 -5 -9 -7 -6
right_child=1 2 5 10 13 12 -8 11 -10 -11 -12 -13 -14 -15
leaf_value=-0.3131394784674853 -0.14586583861169425 1.277491908517119 0.42920811755521565 0.017843255679573126 -0.093673546841157043 0.57966235110369768 -0.3131394784674853 0.011559393426507454 0.11311162296602009 0.60831792235371929 0.272473218765029 -0.094894739434690123 -0.71306878042181732 0.12668988904983372
leaf_weight=67695.129628419876 15881.729094684124 2485.9160676598549 12252.033528387547 6288.9288749694824 2300.1225416064262 1147.5473325848579 16613.116415679455 36320.851507663727 36983.569298863411 4457.475592315197 32417.881260573864 23654.78381973505 4753.0577343702316 13825.580223619938
leaf_count=84642 19191 1651 8353 6535 2850 752 11994 40788 26536 2526 24192 28794 1590 16385
internal_value=-0.000592576 0.000625756 0.00148115 0.00226812 -0.000310885 0.00082846 -0.00337891 -0.000585744 0.00109217 0.00456929 0.00185362 -0.00030344 -0.00136175 0.000978405
internal_weight=277078 192769 100786 45650.2 91983.1 55136.2 84308.2 75857.4 49235.6 6943.39 38706.8 59975.6 5900.61 16125.7
internal_count=276779 180143 72135 34904 108008 37231 96636 88773 34889 4177 30727 69582 2342 19235
is_linear=0
shrinkage=0.0386495


Tree=16
num_leaves=15
num_cat=0
split_feature=8 23 33 22 0 11 38 49 29 26 45 26 8 45
split_gain=610.251 85.9286 40.4851 56.7816 28.7877 27.1623 20.7874 22.8022 17.8797 13.2326 10.6327 10.5489 9.14105 7.83365
threshold=1.0000000180025095e-35 0.26513874530792242 28.816666603088382 0.44409963488578802 0.03024999983608723 0.017338093370199207 0.75818419456481945 1.5000000000000002 52.383722305297859 -0.010520125739276407 1.0000000180025095e-35 -8.3456794186531614e-07 0.00093907720292918395 1.0000000180025095e-35
decision_type=2 2 2 2 2 2 2 2 2 2 2 2 2 2
left_child=11 6 3 8 12 -6 7 9 -3 -2 -9 -1 -4 -8
right_child=1 2 4 -5 5 -7 13 10 -10 -11 -12 -13 -14 -15
leaf_value=-0.30103678069913042 -0.1488805892195578 0.3286270068032735 1.5115748304047636 0.16772916116099645 0.41967737837489 0.10905889355619458 0.13550751334327399 0.3329125910565342 1.0576298908691339 -0.042455837816242098 -0.41833513787014109 -0.30103678069913042 -0.35345082972863734 -0.028973701882590099
leaf_weight=15146.520085394382 15344.0411003232 3115.0837707519531 226.62990319728851 9915.9206885099411 15193.632711291313 59893.516882836819 11813.578732311726 1414.0009363293648 7258.4183309674263 58256.577565133572 286.87346106767654 63999.468804121017 8981.6711333394051 6231.7888155579567
leaf_count=14415 18435 3321 135 6818 16381 40818 13754 1811 2979 67397 359 79561 2924 7671
internal_value=-0.000618265 0.000528463 0.00128936 0.00284063 0.000915238 0.00116574 -0.000323432 -0.000606225 0.00484039 -0.000709171 0.00381005 -0.00348672 -0.00112095 0.000853357
internal_weight=277078 197932 104585 20289.4 84295.5 75087.1 93346.9 75301.5 10373.5 73600.6 1700.87 79146 9208.3 18045.4
internal_count=276779 182803 73376 13118 60258 57199 109427 88002 6300 85832 2170 93976 3059 21425
is_linear=0
shrinkage=0.0386495


Tree=17
num_leaves=15
num_cat=0
split_feature=7 3 33 1 37 11 2 5 45 17 54 25 5 1
split_gain=602.727 57.0482 30.8194 28.0445 23.4543 18.2123 13.2066 12.198 11.7606 10.8064 10.359 9.30675 7.20592 6.51805
threshold=1.0000000180025095e-35 -10.323077678680418 24.85000038146973 -4.6414835453033438 0.21267833560705188 1.0000000180025095e-35 -13.738360881805418 -8.8370337486267072 1.0000000180025095e-35 1.0000000180025095e-35 0.29559376835823065 0.38323046267032629 -14.165785789489744 -18.493697166442868
decision_type=2 2 2 2 2 2 2 2 2 2 2 2 2 2
left_child=5 2 7 10 9 -1 -4 11 -6 -5 12 -2 -3 -9
right_child=1 3 6 4 8 -7 -8 13 -10 -11 -12 -13 -14 -15
leaf_value=-0.28940184666976176 1.0967653526660419 0.57250889363422275 0.49675749803865549 0.0053919592949895996 0.19235577869375364 -0.28940184666976176 0.11407648711787156 2.8086134381636114 0.0050429140786960851 -0.081112239135807646 0.062054435201607729 2.528452032438226 0.22026851326098151 0.41056979768889335
leaf_weight=67695.129628419876 2374.3098559379578 2860.7832678556442 4353.6259834170341 76307.257844090462 21838.273402452469 16613.116415679455 17576.299567937851 385.22267371416092 13064.759355485439 32024.254378199577 7732.5385638475418 49.950565099716187 11943.511732697487 2258.6896862983704
leaf_count=84642 1672 2018 3457 72171 21137 11994 15509 174 12571 35508 6164 9 8306 1447
internal_value=-0.000647387 0.000544478 0.00219225 0.000275743 7.59032e-05 -0.0033732 0.00156034 0.00491343 0.000947488 -0.000204388 0.00154315 0.00691259 0.00214282 0.0030546
internal_weight=277078 192769 26998.1 165771 143235 84308.2 21929.9 5068.17 34903 108332 22536.8 2424.26 14804.3 2643.91
internal_count=276779 180143 22268 157875 141387 96636 18966 3302 33708 107679 16488 1681 10324 1621
is_linear=0
shrinkage=0.0386495


Tree=18
num_leaves=15
num_cat=0
split_feature=9 23 0 32 24 26 11 38 49 10 54 47 2 25
split_gain=573.342 68.7915 49.6942 25.5688 25.4524 18.7975 18.2387 15.5603 15.9382 11.4221 11.1201 11.8093 6.53958 6.35574
threshold=1.0000000180025095e-35 0.22643774002790454 0.03024999983608723 41.500000000000007 52.055356979370124 -0.010520125739276407 0.0081229517236351984 0.84659108519554149 1.5000000000000002 0.6210697889328004 0.37312978506088262 1.0000000180025095e-35 2.8988951444625859 -1.6188745632916832e-07
decision_type=2 2 2 2 2 2 2 2 2 2 2 2 2 2
left_child=9 5 10 4 -4 -2 -5 8 -7 13 11 -3 -9 -1
right_child=1 2 3 6 -6 7 -8 12 -10 -11 -12 -13 -14 -15
leaf_value=-0.27821659752459027 -0.13740536648812668 -0.2336641170247859 0.47452523114916789 0.47092013939086064 0.12153623378072126 -0.050513272618444106 0.089196245445637479 0.056332747848745993 0.30672800713400095 -1.3861712290711103 -0.27821659752459027 0.80485363306057789 0.26708693028944669 -0.27821659752459027
leaf_weight=13054.297581613064 16435.088926017284 4607.8032905459404 23027.497099041939 7773.7808929681778 11096.989230275154 52244.268986225128 65336.776366651058 8421.6517724990845 1309.0526906251907 165.28237152099609 7069.7124935388565 828.71789044141769 3080.1298496127129 62626.673479557037
leaf_count=14187 19975 1889 14898 9092 9078 60179 51519 9918 1669 18 2259 306 3760 78032
internal_value=-0.000667137 0.00041198 0.00100164 0.0012708 0.00214548 -0.000453754 0.000861704 -0.000157703 -0.000435505 -0.00353089 -0.0013015 2.19284e-06 0.00113058 -0.00355361
internal_weight=277078 201231 119741 107235 34124.5 81490.2 73110.6 65055.1 53553.3 75846.3 12506.2 5436.52 11501.8 75681
internal_count=276779 184542 89041 84587 23976 95501 60611 75526 61848 92237 4454 2195 13678 92219
is_linear=0
shrinkage=0.0386495


Tree=19
num_leaves=15
num_cat=0
split_feature=8 23 0 2 33 26 38 49 54 47 26 52 23 5
split_gain=580.899 68.6005 31.89 27.2922 32.9743 19.6124 17.6666 14.7632 11.0584 14.8527 10.5489 6.57169 6.47496 6.98072
threshold=1.0000000180025095e-35 0.28413726389408117 0.03024999983608723 33.673789978027351 46.650001525878913 -0.010520125739276407 1.1813057065010073 1.5000000000000002 0.37312978506088262 1.0000000180025095e-35 -8.3456794186531614e-07 1.0000000180025095e-35 0.12805978953838351 -46.400186538696282
decision_type=2 2 2 2 2 2 2 2 2 2 2 2 2 2
left_child=10 5 8 4 -4 12 7 -7 9 -3 -1 -5 -2 -14
right_child=1 2 3 11 -6 6 -8 -9 -10 -11 -12 -13 13 -15
leaf_value=-0.26746365314830406 -0.17460252852897876 -0.16901715632170861 0.47559746966223082 -0.64680292362035929 0.14553438109479136 -0.032290890980787641 0.14868633865588859 0.26683573997054566 -0.32002987822135887 0.59657468264696467 -0.26746365314830406 0.40531879349999372 1.1979846109926351 -0.083538517882662838
leaf_weight=15146.520085394382 6700.9513391256332 3747.5964432358742 27700.927564680576 4449.8736537694931 56356.380901753902 67653.949396729469 9071.3484950661659 1644.1501418352127 5178.9371442198753 688.8913186788559 63999.468804121017 1227.192607998848 126.97719740867615 13384.557827115059
leaf_count=14415 8324 1435 17635 1684 43951 77876 11077 2096 1614 260 79561 816 120 15915
internal_value=-0.000688111 0.000430687 0.00114754 0.00137448 0.00154995 -0.000291171 -1.3561e-05 -0.000224262 -0.000964117 0.000441123 -0.00348672 -0.00121311 -0.00136457 -0.000870364
internal_weight=277078 197932 99349.8 89734.4 84057.3 98581.9 78369.4 69298.1 9615.42 4436.49 79146 5677.07 20212.5 13511.5
internal_count=276779 182803 67395 64086 61586 115408 91049 79972 3309 1695 93976 2500 24359 16035
is_linear=0
shrinkage=0.0386495


Tree=20
num_leaves=15
num_cat=0
split_feature=7 23 1 35 45 38 12 9 13 9 32 38 3 12
split_gain=546.786 73.5707 29.3923 27.175 21.342 21.8224 20.0027 18.8372 13.7708 9.76459 12.9563 9.28173 8.09671 6.555
threshold=1.0000000180025095e-35 0.37243850529193884 22.58117771148682 10.577258110046388 1.0000000180025095e-35 -0.18322660773992536 -0.18257127702236173 0.033568272367119796 1.2040715813636782 0.0096708321943879145 107.50000000000001 1.1813057065010073 46.697820663452156 -0.2934765219688415
decision_type=2 2 2 2 2 2 2 2 2 2 2 2 2 2
left_child=8 4 3 6 5 -2 -3 -5 -1 10 -6 -7 -4 -10
right_child=1 2 12 7 9 11 -8 -9 13 -11 -12 -13 -14 -15
leaf_value=-0.25712630515910723 -0.044047848533803724 0.93366500001870523 0.034787264194593499 0.38729362072899071 0.17609790632720942 0.049871586086679617 0.20774874370137084 0.11564046622220715 -0.039584986927708517 -0.11549114255008662 -0.11486405304190532 0.19889616835256321 -1.1380163273918233 -0.25712630515910723
leaf_weight=9711.5387613177299 35126.510782241821 7030.8165709376335 2812.3538418412209 23029.324710905552 6552.6430169343948 26916.871263861656 3833.1176044344902 37517.059805095196 908.25593918561935 26755.077947020531 11156.984887123108 8347.7919818162918 3321.133086502552 73542.478552520275
leaf_count=4662 39617 2852 1288 19386 6214 31037 2343 18761 1088 33949 13416 10155 1032 91123
internal_value=-0.000701525 0.000434829 0.00135471 0.00157559 -0.000185729 0.000232354 0.00335857 0.00125461 -0.00329993 -0.000848873 -0.00014119 0.000912051 -0.00120716 -0.00347948
internal_weight=276562 192400 77543.8 71410.3 114856 70391.2 10863.9 60546.4 84162.3 44464.7 17709.6 35264.7 6133.49 74450.7
internal_count=276923 180050 45662 43342 134388 80809 5195 38147 96873 53579 19630 41192 2320 92211
is_linear=0
shrinkage=0.0386495


Tree=21
num_leaves=15
num_cat=0
split_feature=10 1 23 16 54 11 16 11 45 49 16 12 25 45
split_gain=515.547 65.727 29.7903 30.1422 23.7306 16.4605 16.4307 21.9429 13.6204 11.7272 10.6654 9.98896 8.61616 8.12767
threshold=1.0000000180025095e-35 -3.8458526134490962 0.22643774002790454 -3.498293280601501 0.15958099067211154 0.0097101279534399527 -2.8430203199386592 1.239879906177521 1.0000000180025095e-35 1.5000000000000002 0.47592352330684667 -0.18257532268762586 -1.6188745632916832e-07 1.0000000180025095e-35
decision_type=2 2 2 2 2 2 2 2 2 2 2 2 2 2
left_child=12 4 9 11 6 -5 7 -2 -6 10 -3 -4 -1 -11
right_child=1 2 3 5 8 -7 -8 -9 -10 13 -12 -13 -14 -15
leaf_value=-0.24718849094652598 0.81443293149770979 -0.043829635195580988 -0.11835668369527552 0.37547824170414634 0.19027866190300646 0.071577703323913916 0.29152448014946025 0.80536347678332809 -0.067430264999669184 0.26446361714903427 -0.12290698128972895 -0.24718849094652598 -0.24718849094652598 -0.35610894653827918
leaf_weight=9224.1336461901665 4394.8262095451355 56524.914647400379 6393.1969249248505 9960.7608936429024 12272.188840031624 68233.101431906223 13762.260524332523 220.37649536132812 7560.8009201288223 1510.0575187206268 19327.581536531448 4228.6916099190712 62646.284182429314 302.78337067365646
leaf_count=11934 2616 62638 2908 11134 10321 53420 10178 24 6499 1873 23914 937 78155 372
internal_value=-0.000721624 0.000266917 -6.45526e-05 0.000418523 0.00171256 0.000681464 0.00271437 0.00471938 0.000781165 -0.000617726 -0.000691766 -0.00151145 -0.00353779 0.00244567
internal_weight=276562 204692 166481 88815.8 38210.5 78193.9 18377.5 4615.2 19833 77665.3 75852.5 10621.9 71870.4 1812.84
internal_count=276923 186834 157196 68399 29638 64554 12818 2640 16820 88797 86552 3845 90089 2245
is_linear=0
shrinkage=0.0386495


Tree=22
num_leaves=15
num_cat=0
split_feature=7 2 52 25 37 49 31 10 31 5 25 4 24 32
split_gain=527.07 47.0107 33.4714 25.945 20.0065 15.8808 13.7906 9.70521 12.9445 8.46018 12.3676 7.71086 8.74042 7.67133
threshold=1.0000000180025095e-35 -8.9994244575500471 1.0000000180025095e-35 -1.6188745632916832e-07 0.17063432931900027 1.5000000000000002 53.500000000000007 0.39455677568912512 113.50000000000001 -4.9061732292175284 0.38323046267032629 -23.284634590148922 35.407052993774421 26.500000000000004
decision_type=2 2 2 2 2 2 2 2 2 2 2 2 2 2
left_child=3 6 4 7 5 -3 9 -1 -9 10 -2 -8 -13 -6
right_child=1 2 -4 -5 13 -7 11 8 -10 -11 -12 12 -14 -15
leaf_value=-0.23763476871264241 0.55430199335289199 -0.044817969225689161 0.28340635188683683 -0.23763476871264241 0.25219652442775764 0.26192938326872017 0.44808757834042529 0.86123592201810095 -0.202672555290801 0.37802072129286002 2.3840240420049104 -0.16980509386746709 0.16359525840475803 0.033400493396647656
leaf_weight=19546.600063681602 4811.982090651989 103428.28664916754 23265.168625414371 63669.890730082989 9203.2850905656815 2183.6800574064255 2289.9070755243301 275.47061920166016 670.31184005737305 5582.2768560051918 99.7745760679245 2714.9820498228073 7954.0579974651337 30866.284430623055
leaf_count=18189 3410 99654 24174 78581 7451 2467 2022 30 73 3413 27 1895 5926 29611
internal_value=-0.000739242 0.000376428 0.000150952 -0.00329036 -6.60727e-05 -0.000345418 0.00199805 -0.00208731 0.00169873 0.00304281 0.00422341 0.0011472 0.000703133 0.000668735
internal_weight=276562 192400 168947 84162.3 145682 105612 23453 20492.4 945.782 10494 4911.76 12958.9 10669 40069.6
internal_count=276923 180050 163357 96873 139183 102121 16693 18292 103 6850 3437 9843 7821 37062
is_linear=0
shrinkage=0.0386495


Tree=23
num_leaves=15
num_cat=0
split_feature=9 1 28 54 25 4 2 2 25 23 28 6 19 0
split_gain=506.818 52.701 26.2508 18.4529 17.2845 16.1528 15.5664 14.855 10.8474 10.8043 12.8352 9.7085 9.69858 9.4611
threshold=1.0000000180025095e-35 -3.8458526134490962 11.989106655120851 0.15958099067211154 -0.017055655829608437 -9.0882787704467756 -4.7605228424072257 33.673789978027351 -1.6188745632916832e-07 0.38933753967285162 32.258628845214851 28.205406188964847 -0.25723788142204279 1.5795000195503237
decision_type=2 2 2 2 2 2 2 2 2 2 2 2 2 2
left_child=4 3 6 9 -1 11 12 -7 -6 -2 -11 -4 -3 -8
right_child=1 2 5 -5 8 7 13 -9 -10 10 -12 -13 -14 -15
leaf_value=0.20600829644676505 0.11005928573153545 0.54279545839286891 0.57847729125101877 0.099755973302791179 -0.22845029347797266 0.068587854182421318 -0.057517814327816233 -0.61792756503960089 -0.22845029347797266 0.75751542956175622 0.18129589544659638 0.015270081434686365 0.036194917013244766 -0.12297125564649139
leaf_weight=432.77714550495148 5878.9864442944527 1248.9544871449471 5299.6528903841972 19832.989760160446 12819.425826489925 60027.251605331898 59190.066292047501 5170.0394476056099 62684.717905402184 9172.7004487514496 3325.7763361930847 2123.0333158969879 14029.08141040802 15326.505436122417
leaf_count=56 6578 926 4077 16820 14199 59377 55096 2178 78175 4289 1951 1452 12973 18776
internal_value=-0.00075584 0.000261806 -4.1689e-05 0.00155327 -0.00344516 0.000504299 -0.000483896 0.000308738 -0.00348975 0.00243692 0.00308204 0.00221366 0.000637883 -0.000714681
internal_weight=276562 200625 162415 38210.5 75936.9 72620 89794.6 65197.3 75504.1 18377.5 12498.5 7422.69 15278 74516.6
internal_count=276923 184493 154855 29638 92430 67084 87771 61555 92374 12818 6240 5529 13899 73872
is_linear=0
shrinkage=0.0386495


Tree=24
num_leaves=15
num_cat=0
split_feature=7 1 52 25 45 29 6 6 4 38 10 1 45 27
split_gain=510.925 42.6536 29.2452 26.1859 18.2629 25.2163 24.114 15.619 13.9094 10.9735 9.66803 8.94601 7.71979 7.58265
threshold=1.0000000180025095e-35 -6.313234567642211 1.0000000180025095e-35 -1.6188745632916832e-07 1.0000000180025095e-35 67.107448577880874 5.7168955802917489 -9.9989271163940412 -28.122946739196774 -0.24390773475170133 0.39455677568912512 -18.493697166442868 1.0000000180025095e-35 -0.019624753855168816
decision_type=2 2 2 2 2 2 2 2 2 2 2 2 2 2
left_child=3 7 4 10 6 -6 -3 8 11 -4 -1 -2 -9 -10
right_child=1 2 9 -5 5 -7 -8 12 13 -11 -12 -13 -14 -15
leaf_value=-0.21962079401470724 2.8290040897281936 -0.022893681981016632 0.12778258450715863 -0.21962079401470724 -0.11236092709028697 0.1145069141981072 0.14654936825005715 0.31123171745243616 1.1933923665661144 0.44766455320052595 0.1145581286814515 0.48853618768344031 0.021000848793027188 0.32978056260275851
leaf_weight=19546.600063681602 332.90560466051102 56722.011937260628 13292.696481704712 63669.890730082989 40509.699482798576 14874.736533284187 32952.732796788216 10255.903773248196 541.95345944166183 10085.132751107216 945.7824592590332 622.70510137081146 6868.2860503196716 5340.9215267300606
leaf_count=18189 212 53334 13428 78581 49973 4351 31751 6535 325 11005 103 496 4285 4355
internal_value=-0.000776852 0.00032159 0.000104162 -0.00328859 -9.99198e-05 -0.00065201 0.00024042 0.00184737 0.00341335 0.00137286 -0.00208004 0.00776698 0.00121829 0.0026939
internal_weight=276562 192400 168437 84162.3 145059 55384.4 89674.7 23962.7 6838.49 23377.8 20492.4 955.611 17124.2 5882.87
internal_count=276923 180050 163842 96873 139409 54324 85085 16208 5388 24433 18292 708 10820 4680
is_linear=0
shrinkage=0.0386495


Tree=25
num_leaves=15
num_cat=0
split_feature=7 23 1 26 26 34 12 37 24 28 16 36 23 10
split_gain=527.653 66.13 27.6533 19.1374 17.9316 14.402 20.5598 11.3171 10.0637 8.31486 7.46251 6.9533 4.98571 4.80766
threshold=1.0000000180025095e-35 0.35741123557090765 22.58117771148682 -8.3456794186531614e-07 -0.012894888408482073 13.656816005706789 -0.10141003876924513 0.23544210940599444 27.274252891540531 84.853267669677749 -0.32089444994926447 0.91654321551322948 0.12335981428623201 0.33222652971744543
decision_type=2 2 2 2 2 2 2 2 2 2 2 2 2 2
left_child=3 4 5 -1 12 6 -3 10 -7 11 -6 -4 -2 -14
right_child=1 2 9 -5 7 8 -8 -9 -10 -11 -12 -13 13 -15
leaf_value=-0.21113255067147094 -0.17097237973607368 0.6374451541108227 -0.13359187768288983 -0.21113255067147094 0.0024277363874568676 -0.015680198551738758 0.026297604968092737 0.08440766221625802 0.22530237124896169 -1.0319437456087173 -0.074790799726223572 1.2793919922832655 -0.042637946744199122 -0.16416429497316309
leaf_weight=17268.302900910378 5423.5271969437599 12733.606859266758 2234.1481968164444 67157.716007232666 50004.283666074276 9099.7293973565102 4808.701191008091 18725.941657245159 47264.516192674637 3733.9187207221985 22238.762000441551 374.32960242033005 11252.784700512886 4196.6675074100494
leaf_count=15777 6790 5390 1049 81173 56748 6456 3549 22806 30919 1088 26225 260 13937 4681
internal_value=-0.000766391 0.000352632 0.00119933 -0.00331309 -0.000254387 0.00140988 0.00237985 -1.93084e-05 0.00110689 -0.00124465 -0.000239411 0.00041061 -0.00127603 -0.000915637
internal_weight=276517 192091 80249 84426 111842 73906.6 17542.3 90969 56364.2 6342.4 72243 2608.48 20873 15449.5
internal_count=276848 179898 48711 96950 131187 46314 8939 105779 37375 2397 82973 1309 25408 18618
is_linear=0
shrinkage=0.0386495


Tree=26
num_leaves=15
num_cat=0
split_feature=8 23 0 1 26 33 25 45 54 47 15 16 52 0
split_gain=513.32 51.2109 30.448 20.037 15.8016 15.2621 15.2379 12.8641 11.62 15.835 11.3996 6.4829 6.40626 5.57214
threshold=1.0000000180025095e-35 0.32922871410846716 0.03024999983608723 22.58117771148682 -0.010520125739276407 28.816666603088382 -1.6188745632916832e-07 1.0000000180025095e-35 0.37312978506088262 1.0000000180025095e-35 6.4116067886352548 -0.81136795878410328 1.0000000180025095e-35 0.03024999983608723
decision_type=2 2 2 2 2 2 2 2 2 2 2 2 2 2
left_child=6 4 8 5 -2 -4 -1 10 9 -3 -6 -9 -5 -8
right_child=1 2 3 12 7 -7 13 11 -10 -11 -12 -13 -14 -15
leaf_value=-0.20297237405514562 -0.097807372218329261 -0.20721049379063627 0.52852488251607133 -0.43033965608502278 0.0020041082965591753 0.16884451511584642 -0.20297237405514562 -0.027636310804568028 -0.2601134007663663 0.92902231336858609 0.16100987816029563 -0.1103085946468263 0.47986627620040145 -0.0097281346275693258
leaf_weight=16221.346849560738 22260.960887253284 3553.8961325287819 15606.171284198761 4432.5748730301857 41623.104409039021 58644.439342677593 62910.715920686722 19883.120732724667 5150.3278315663338 583.39077395200729 11329.843200206757 13127.434318900108 1104.7028071284294 84.906433582305908
leaf_count=15805 26836 1239 9762 1588 45995 40740 78389 23326 1569 200 14036 16709 643 11
internal_value=-0.000784114 0.000270793 0.000957285 0.00120144 -0.000293706 0.00136903 -0.00341217 -5.53339e-05 -0.00113373 0.000379488 0.000317226 -0.000654705 -0.00103514 -0.00368586
internal_weight=276517 197300 89075.5 79787.9 108224 74250.6 79217 85963.5 9287.61 4137.29 52952.9 33010.6 5537.28 62995.6
internal_count=276848 182643 55741 52733 126902 50502 94205 100066 3008 1439 60031 40035 2231 78400
is_linear=0
shrinkage=0.0386495


Tree=27
num_leaves=15
num_cat=0
split_feature=8 52 2 25 2 28 45 10 29 26 38 35 32 24
split_gain=507.4 32.4046 22.045 15.2805 14.6787 16.1054 13.682 18.3953 11.5242 13.4774 10.1557 10.0156 9.19749 6.88063
threshold=1.0000000180025095e-35 1.0000000180025095e-35 -6.1222441196441642 -1.6188745632916832e-07 33.673789978027351 13.084577560424806 1.0000000180025095e-35 0.019917719066143039 67.107448577880874 0.0016312071820721032 -0.79611554741859425 5.0296716690063485 113.50000000000001 27.274252891540531
decision_type=2 2 2 2 2 2 2 2 2 2 2 2 2 2
left_child=3 2 11 -1 5 -4 8 12 9 -3 -10 -2 -8 -13
right_child=1 6 4 -5 -6 -7 7 -9 10 -11 -12 13 -14 -15
leaf_value=-0.19512758453663087 0.68480697029615889 0.15037518316643447 -0.042508578254771966 -0.19512758453663087 -0.74089699629479655 0.064827699195909957 0.68961576214742071 -0.18024118410102802 1.7072766214542683 0.8231204785550793 0.75294626673651577 -0.067483522129920162 -0.072568046642979556 0.1368014503929913
leaf_weight=16221.346849560738 1862.2735170125961 10327.740654528141 82114.312374949455 62995.622354269028 5028.8575674891472 53253.554417788982 4697.2251362204552 4922.0073035359383 508.73015320301056 4619.0289124846458 2547.3599378466606 4296.5977817177773 2239.1617153286934 20883.117121100426
leaf_count=15805 920 11229 79661 78400 1812 50262 4204 4631 392 5033 1754 3575 2818 16352
internal_value=-0.00079894 0.000249862 4.03245e-05 -0.00341179 -0.00015395 -7.73201e-05 0.00142277 0.000397275 0.00209491 0.00164601 0.00426896 0.00105104 0.00168318 0.000845616
internal_weight=276517 197300 167439 79217 140397 135368 29861.3 11858.4 18002.9 14946.8 3056.09 27042 6936.39 25179.7
internal_count=276848 182643 152582 94205 131735 129923 30061 11653 18408 16262 2146 20847 7022 19927
is_linear=0
shrinkage=0.0386495


Tree=28
num_leaves=15
num_cat=0
split_feature=8 1 45 42 38 42 11 26 33 16 11 32 11 5
split_gain=501.549 31.4202 21.7391 34.0246 21.9633 16.2295 25.4008 15.164 13.9402 9.91047 12.7309 7.25578 6.32185 5.78352
threshold=1.0000000180025095e-35 -5.6879725456237784 1.0000000180025095e-35 1.0000000180025095e-35 0.18027917295694354 1.0000000180025095e-35 0.0081229517236351984 -8.3456794186531614e-07 34.849998474121101 -2.8430203199386592 1.239879906177521 178.50000000000003 0.0053153387270867833 -5.5493571758270255
decision_type=2 2 2 2 2 2 2 2 2 2 2 2 2 2
left_child=7 9 3 4 -3 8 -7 -1 -4 10 11 -2 -5 -11
right_child=1 2 5 12 -6 6 -8 -9 -10 13 -12 -13 -14 -15
leaf_value=-0.18758599254869773 0.49990757760834736 0.020799540016851241 0.11988247372113833 0.05035777763374804 0.16020000239088217 2.0269481950590218 0.52662027097949637 -0.18758599254869773 -0.09204409584970917 0.34626039955719906 0.62203158629873179 0.04988711751824039 -0.23898609558287778 0.090075916852369001
leaf_weight=14907.513562202454 5763.5978602170944 61155.175563573837 10210.196099102497 1565.3975806832314 35051.330721139908 223.19440412521362 2277.2108373045921 64309.455641627312 52392.578013539314 6677.6588549613953 129.51068109273911 1881.4300891757011 7682.3359923958778 12290.349895894527
leaf_count=14289 3473 61524 8311 748 35049 59 844 79916 54360 5683 15 1622 2917 8038
internal_value=-0.00081217 0.000230565 3.70785e-05 0.000380239 0.000595946 -0.000517877 0.00252965 -0.00340991 -0.000640601 0.00146231 0.00262881 0.00241392 -0.00185719 0.000980907
internal_weight=276517 197300 170557 105454 96206.5 65103.2 2500.41 79217 62602.8 26742.5 7774.54 7645.03 9247.73 18968
internal_count=276848 182643 163812 100238 96573 63574 903 94205 62671 18831 5110 5095 3665 13721
is_linear=0
shrinkage=0.0386495


Tree=29
num_leaves=15
num_cat=0
split_feature=7 16 25 42 45 1 31 37 45 49 32 11 22 0
split_gain=502.311 33.6394 22.2232 18.724 22.4578 14.6709 11.8272 10.7834 9.19395 13.3318 9.00698 7.82634 8.41874 5.54691
threshold=1.0000000180025095e-35 -1.1639514565467832 -1.6188745632916832e-07 1.0000000180025095e-35 1.0000000180025095e-35 -6.313234567642211 35.500000000000007 0.38367688655853277 1.0000000180025095e-35 1.5000000000000002 119.50000000000001 2.2427234649658208 0.37876777350902563 0.03024999983608723
decision_type=2 2 2 2 2 2 2 2 2 2 2 2 2 2
left_child=2 5 -1 4 7 11 -6 -3 9 -7 -10 12 -2 -4
right_child=1 3 13 -5 6 8 -8 -9 10 -11 -12 -13 -14 -15
leaf_value=-0.18033587964532105 0.50632126754158324 0.017656794060843146 -0.18033587964532105 -0.22075107804298008 0.061256881763391308 0.10678321776406931 -0.11227323658601572 0.25503769371160323 0.10422823467959728 0.53573679947125263 -0.07595224017624394 18.288952873654832 0.13380734976539535 0.0054395582222807213
leaf_weight=20566.102084040642 7865.4850478172302 41657.100449085236 63775.010390520096 7352.1056866049767 7562.7886501550674 52294.636126577854 23728.992643177509 7709.3397864699364 18226.698154091835 1342.3426783084869 16012.575519919395 49.01239675283432 8289.8397499322891 84.906433582305908
leaf_count=18194 6351 47633 78745 2846 6646 44451 28790 7858 12633 1314 16981 8 4387 11
internal_value=-0.000822505 0.000269303 -0.00330728 -0.000286422 -0.000115438 0.000739776 -0.000925999 0.000397192 0.000541763 0.000857671 4.51672e-05 0.00180983 0.00175787 -0.00366454
internal_weight=276517 192091 84426 88010.3 80658.2 104081 31291.8 49366.4 87876.3 53637 34239.3 16204.3 16155.3 63859.9
internal_count=276848 179898 96950 93773 90927 86125 35436 55491 75379 45765 29614 10746 10738 78756
is_linear=0
shrinkage=0.0386495


Tree=30
num_leaves=15
num_cat=0
split_feature=41 23 11 0 11 4 33 33 11 23 49 40 19 45
split_gain=467.212 27.1526 22.7358 19.6322 21.6217 17.7469 12.4059 17.7423 12.0204 10.6619 8.4226 6.27706 10.9071 5.7988
threshold=1.0000000180025095e-35 0.18643609434366229 1.0000000180025095e-35 0.03024999983608723 0.0097101279534399527 -37.69956970214843 138.34057617187503 132.28333282470706 0.063751406967639937 0.4797047376632691 1.5000000000000002 7.3156578540802011 0.075518198311328902 1.0000000180025095e-35
decision_type=2 2 2 2 2 2 2 2 2 2 2 2 2 2
left_child=1 8 -2 6 9 -6 7 -3 10 -5 13 -4 -13 -1
right_child=2 3 11 4 5 -7 -8 -9 -10 -11 -12 12 -14 -15
leaf_value=0.020286859330109791 -0.1733659802930605 -0.03005751217692839 -0.1733659802930605 0.18410684482411122 0.57878391278790009 0.040819294924769829 -0.22153076077343259 0.81094694464651274 -0.098200136074587732 0.77831844841090647 0.25651261777657164 1.5757978103051187 -0.90206593471837782 -0.081363558946760076
leaf_weight=22306.872837007046 67678.14834189415 4521.2266131043434 14689.897069334984 13442.215530276299 4725.6742897629738 100301.09448444843 5716.0127946734428 157.87515848875046 23660.062776267529 3880.4174462556839 1012.6339898705482 93.880341410636902 240.63109982013702 14275.407688856125
leaf_count=26500 84647 1975 9836 16404 2379 81184 2172 45 28774 3320 1296 13 118 17967
internal_value=-0.000877374 0.00015929 -0.00330977 0.000470124 0.000607442 0.000398059 -0.00114032 0.000324542 -0.000513359 0.00187339 -8.21724e-05 -0.00194092 0.00321375 -0.000180009
internal_weight=276702 193999 82702.6 132745 122349 105027 10395.1 4679.1 61255 17322.6 37594.9 15024.4 334.511 36582.3
internal_count=276630 182016 94614 107479 103287 83563 4192 2020 74537 19724 45763 9967 131 44467
is_linear=0
shrinkage=0.0386495


Tree=31
num_leaves=15
num_cat=0
split_feature=8 52 2 33 25 2 28 1 6 33 54 8 24 22
split_gain=474.498 31.1646 17.0523 16.5598 15.2665 11.8754 14.8402 7.24021 6.49038 9.27816 5.32114 5.31352 5.20027 4.64299
threshold=1.0000000180025095e-35 1.0000000180025095e-35 -5.1740825176239005 171.91666412353518 -1.6188745632916832e-07 33.673789978027351 13.084577560424806 -10.096364974975584 67.395286560058608 37.31666564941407 0.031237409450113777 0.033557109534740455 1.0000000180025095e-35 0.39126619696617132
decision_type=2 2 2 2 2 2 2 2 2 2 2 2 2 2
left_child=4 2 3 10 -1 6 -4 12 11 -10 -2 -9 -3 -14
right_child=1 7 5 -5 -6 -7 -8 8 9 -11 -12 -13 13 -15
leaf_value=-0.16666546436619584 0.47350233402427244 -0.74664115252097862 -0.053081334974960086 -0.066569007293412974 -0.16666546436619584 -0.6509062407105024 0.044680896585893706 0.212315487951377 -0.6786506048365496 1.2888810558342596 0.10407744796468275 -0.040242899205149299 0.95501361697174847 0.44095928213413632
leaf_weight=16312.743505001068 3379.4541395306587 236.06157958507538 78988.31465613842 9307.094134747982 62692.130532264709 5008.0931922197342 51628.705291748047 19123.317213475704 471.36645370721817 2123.099481344223 19453.508247315884 5019.9684192538261 1776.6574380993843 1181.5361770391464
leaf_count=15933 2224 33 76413 9053 78049 1795 48885 20122 340 2018 14176 5192 1492 905
internal_value=-0.000884594 0.000126902 -7.77479e-05 0.000722182 -0.00341637 -0.000267748 -0.000196426 0.0012758 0.00106453 0.00291029 0.00128312 0.000863554 0.00302441 0.00347302
internal_weight=276702 197697 167765 32140.1 79004.9 135625 130617 29932 26737.8 2594.47 22833 24143.3 3194.26 2958.19
internal_count=276630 182648 152546 25453 93982 127093 125298 30102 27672 2358 16400 25314 2430 2397
is_linear=0
shrinkage=0.0386495


Tree=32
num_leaves=15
num_cat=0
split_feature=9 1 38 28 1 0 25 23 25 3 10 32 12 20
split_gain=464.675 24.3724 20.181 13.1593 12.9656 12.7594 11.4214 11.1503 10.3088 8.52629 8.0916 7.59662 20.8679 6.77207
threshold=1.0000000180025095e-35 -1.923061668872833 1.1813057065010073 13.084577560424806 22.58117771148682 0.055250000208616264 -1.6188745632916832e-07 0.38933753967285162 -0.0033232414862141009 -6.795935630798339 0.39455677568912512 107.50000000000001 -0.67242878675460804 2.6016807556152348
decision_type=2 2 2 2 2 2 2 2 2 2 2 2 2 2
left_child=6 5 3 9 -5 11 10 -7 -9 -3 -1 12 -2 -4
right_child=1 2 13 4 -6 7 -8 8 -10 -11 -12 -13 -14 -15
leaf_value=-0.16022392031841767 0.79443548352294291 0.033001806403194951 0.076399970997321126 0.044010863116102722 -0.53651390415611966 -0.0059774058882831362 -0.16022392031841767 0.33785487012354753 0.092569262374651642 -0.093194134853752109 0.13472561336734443 0.10862276160879625 0.21497802841825778 0.35508275002710538
leaf_weight=12906.833987474442 1664.1803096532822 11803.81387591362 12595.846933305264 48310.129613637924 5323.8055505156517 26131.195588648319 62573.846453070641 7419.3889507055283 16091.590291321278 59321.277789890766 330.56474304199219 4401.9525658488274 3642.1725277900696 4185.4512806534767
leaf_count=14197 1344 11468 11809 46648 2052 30744 77994 4409 9087 56737 36 4275 1799 4031
internal_value=-0.00089447 7.82266e-05 -0.000197119 -0.000366727 8.94182e-05 0.000735838 -0.0034727 0.000483649 0.00109442 -0.000711505 -0.0024277 0.00201903 0.00300763 0.00106026
internal_weight=276702 200891 141540 124759 53633.9 59350.5 75811.2 49642.2 23511 71125.1 13237.4 9708.31 5306.35 16781.3
internal_count=276630 184403 132745 116905 48700 51658 92227 44240 13496 68205 14233 7418 3143 15840
is_linear=0
shrinkage=0.0386495


Tree=33
num_leaves=15
num_cat=0
split_feature=8 52 49 23 2 26 45 10 23 26 0 26 49 35
split_gain=467.141 27.9852 16.5862 17.3206 15.7641 15.1065 13.9381 14.8302 13.3139 13.1253 19.8555 8.00161 7.6481 7.1612
threshold=1.0000000180025095e-35 1.0000000180025095e-35 1.5000000000000002 0.13729565590620044 33.673789978027351 -8.3456794186531614e-07 1.0000000180025095e-35 0.024982100352644924 0.42831526696681982 -0.00077716592932119955 0.088250000029802336 -0.0086866412311792356 1.0000000180025095e-35 7.6104788780212411
decision_type=2 2 2 2 2 2 2 2 2 2 2 2 2 2
left_child=5 2 3 11 -5 -1 8 13 -3 10 -4 -2 -10 -8
right_child=1 6 9 4 -6 -7 7 -9 12 -11 -12 -13 -14 -15
leaf_value=-0.15403133900492441 -0.14001299483909757 0.13805757046261335 1.3890471419574661 0.018007207447757103 -0.62997041357085037 -0.15403133900492441 1.0737633784662119 -0.21508161626919722 0.87469634972403232 0.085775429281233453 0.25013996565285923 -0.049718305829752292 0.0041647748804980109 0.18263474317988451
leaf_weight=15083.686878144741 7955.1747007369995 9840.8718610405922 240.36578810214996 125894.36729204655 4964.9244074225426 63921.187159121037 557.90795564651489 4167.4975147247314 7099.7997947335243 2017.5520685315132 864.64807641506195 25828.137328445911 1168.9649640321732 7096.9646723270416
leaf_count=14480 9748 11526 123 107076 1771 79502 408 3937 5966 2173 1003 30652 972 7293
internal_value=-0.000903171 0.000100448 -9.34697e-05 -0.000146742 5.42636e-05 -0.00341524 0.00118921 0.000151569 0.00186331 0.00269516 0.00608521 -0.00092701 0.00300938 0.00116601
internal_weight=276702 197697 167765 164643 130859 79004.9 29932 11822.4 18109.6 3122.57 1105.01 33783.3 8268.76 7654.87
internal_count=276630 182648 152546 149247 108847 93982 30102 11638 18464 3299 1126 40400 6938 7701
is_linear=0
shrinkage=0.0386495


Tree=34
num_leaves=15
num_cat=0
split_feature=7 16 25 29 45 26 36 10 32 51 23 54 7 28
split_gain=464.256 27.2389 23.1528 17.7678 16.1191 16.6789 13.9929 16.3049 19.6097 13.5759 12.0357 11.3835 9.569 10.3817
threshold=1.0000000180025095e-35 -1.1639514565467832 -1.6188745632916832e-07 184.33988189697268 1.0000000180025095e-35 1.0000000180025095e-35 1.386858403682709 0.043812006711959846 74.500000000000014 1.0000000180025095e-35 0.42831526696681982 0.076421536505222334 0.18454332649707797 11.874671459198
decision_type=2 2 2 2 2 2 2 2 2 2 2 2 2 2
left_child=2 6 -1 4 5 -3 9 -8 -9 10 -2 -11 -5 -14
right_child=1 3 -4 12 -6 -7 7 8 -10 11 -12 -13 13 -15
leaf_value=-0.14807809812978776 0.073336936992774493 -0.06518361018487244 -0.14807809812978776 -0.054946278418881743 -0.1069750112730142 0.077568611950709132 0.40063544018151209 -0.18751920926592572 1.2861495873023947 0.33089198418300386 0.54212972003201398 0.0090291305325719169 0.59347423389482945 0.29619556826632881
leaf_weight=20634.917752623558 12868.4147387743 27853.258264541626 63507.862734615803 2564.6093018651009 30001.920379042625 23573.774839758873 2099.1648170351982 200.69087809324265 308.1503466963768 7998.3513852357864 11321.984106957912 69573.84359639883 1158.535335123539 3036.5719847083092
leaf_count=18258 14722 29947 78396 718 35262 26964 1848 67 72 4990 8698 55775 266 647
internal_value=-0.000912297 0.00013393 -0.0033072 -0.000365749 -0.000524353 -0.000107763 0.000556692 0.00335481 0.00957496 0.000484346 0.00128425 0.000234128 0.00153584 0.00267384
internal_weight=276702 192559 84142.8 88188.7 81429 51427 104371 2608.01 508.841 101763 24190.4 77572.2 6759.72 4195.11
internal_count=276630 179976 96654 93804 92173 56911 86172 1987 139 84185 23420 60765 1631 913
is_linear=0
shrinkage=0.0386495


Tree=35
num_leaves=15
num_cat=0
split_feature=8 23 13 25 1 10 33 19 4 33 34 36 27 34
split_gain=469.407 22.7605 24.3556 16.0763 15.9756 14.5193 13.0995 9.23931 13.0277 8.85496 7.98538 7.89237 6.51979 6.20488
threshold=1.0000000180025095e-35 0.32922871410846716 0.70711243152618419 -1.6188745632916832e-07 22.58117771148682 0.040447952225804336 145.2416687011719 0.014495772309601309 7.0424592494964608 433.25000000000006 92.021778106689467 1.0990518331527712 -0.00020370183483464641 133.78365325927737
decision_type=2 2 2 2 2 2 2 2 2 2 2 2 2 2
left_child=3 5 7 -1 6 9 -4 -3 -9 10 -2 -6 -7 -11
right_child=1 2 4 -5 11 12 -8 8 -10 13 -12 -13 -14 -15
leaf_value=-0.14235494729442064 0.021462660580492066 -0.21864711468851011 0.237222987519222 -0.14235494729442064 -0.51997664048168257 -0.025435145401184019 0.040726158230661891 0.21569700084789642 -0.24383764228935684 -0.11856151038603883 0.24983993146944192 0.99769896177775308 -0.10877202535424814 -0.0036836826348058869
leaf_weight=16140.856756746769 44716.950219929218 4620.9485483169556 52166.28342294693 62501.031465470791 5255.0308248996735 18661.087465465069 25536.768335461617 615.64914047718048 842.46408128738403 7279.8227373957634 4372.0831695199013 664.59602373838425 23249.268026411533 10245.804215908051
leaf_count=15812 52390 704 32079 78170 2039 22459 20391 75 120 8350 5358 373 25599 12806
internal_value=-0.000876852 0.000125243 0.000580963 -0.00340344 0.000753173 -0.000250904 0.000901049 -0.00177787 0.000873881 0.000102917 0.00036992 -0.00117776 -0.000814647 -0.000641604
internal_weight=276869 198227 89701.7 78641.9 83622.7 108525 77703.1 6079.06 1458.11 66614.7 49089 5919.63 41910.4 17525.6
internal_count=276725 182743 55781 93982 54882 126962 52470 899 195 78904 57748 2412 48058 21156
is_linear=0
shrinkage=0.0386495


Tree=36
num_leaves=15
num_cat=0
split_feature=7 23 11 1 11 23 0 24 10 54 45 41 10 10
split_gain=463.254 25.5583 23.724 18.4681 15.2701 10.7746 14.4754 12.2966 7.79562 14.9939 7.78752 10.3047 9.46054 7.64599
threshold=1.0000000180025095e-35 0.38933753967285162 1.0000000180025095e-35 22.58117771148682 0.032339369878172881 2.9638946056365971 0.059250000864267356 17.953870773315433 0.39455677568912512 0.45283553004264837 1.0000000180025095e-35 1.0000000180025095e-35 0.03727605193853379 0.047597480937838561
decision_type=2 2 2 2 2 2 2 2 2 2 2 2 2 2
left_child=2 4 -1 5 10 7 -7 -3 -4 -10 11 -2 -12 -5
right_child=1 3 8 13 -6 6 -8 -9 9 -11 12 -13 -14 -15
leaf_value=-0.13685299362391481 0.083901542720418526 -0.11724411604155481 -0.13685299362391481 0.13385130774947571 -0.055231568931026521 -0.20823772476586269 0.1323197796523452 0.27374613198667114 0.74065745626678037 -0.14434920715996499 -0.047677943195612429 -0.14327298565519514 1.8254635237253274 -0.72182000295865512
leaf_weight=67502.932341694832 31860.092180490494 4684.6647879481316 15224.946770071983 2151.984225332737 61479.303578615189 7106.5647021532059 10657.040021181107 47168.46564412117 422.38828277587891 707.04125595092773 21056.056670129299 2720.4561213254929 158.67011523246765 3968.0377369523048
leaf_count=84762 38208 2997 11775 1279 72339 833 1430 35467 46 77 25817 579 94 1022
internal_value=-0.000883728 0.000158061 -0.00328221 0.000711655 -0.000198966 0.000891104 6.61221e-05 0.00117259 -0.00195334 0.00110933 0.000263246 0.000621442 -0.000317895 -0.00131978
internal_weight=276869 193011 83857.3 75736.8 117275 69616.7 17763.6 51853.1 16354.4 1129.43 55795.3 34580.5 21214.7 6120.02
internal_count=276725 180065 96660 43028 137037 40727 2263 38464 11898 123 64698 38787 25911 2301
is_linear=0
shrinkage=0.0386495


Tree=37
num_leaves=15
num_cat=0
split_feature=7 16 10 45 36 10 41 13 5 15 29 4 33 29
split_gain=458.606 26.9354 19.9828 15.3975 13.9566 17.0479 12.9104 12.5822 12.3156 11.2012 11.0582 10.6913 10.5546 9.11645
threshold=1.0000000180025095e-35 -1.1639514565467832 1.0000000180025095e-35 1.0000000180025095e-35 1.386858403682709 0.2824052125215531 1.0000000180025095e-35 0.70711243152618419 5.9831862449646005 58.846921920776374 293.40206909179693 -23.284634590148922 24.85000038146973 17.801785469055179
decision_type=2 2 2 2 2 2 2 2 2 2 2 2 2 2
left_child=2 4 -1 8 7 6 -6 -2 10 -10 -3 -9 13 -5
right_child=1 3 -4 12 5 -7 -8 11 9 -11 -12 -13 -14 -15
leaf_value=-0.1315636879489141 -0.11007342856430181 -0.044961325801451686 -0.13942341480838677 -0.14533506577582433 0.29259380252082778 1.6930875461671839 3.2979783864916477 0.38040265102818238 0.1577690290263952 -0.50725282120134374 0.30623591856673393 0.069631747128757832 -0.1102532743472005 0.43152103819122783
leaf_weight=71515.729369163513 5365.0031558871269 34716.986649513245 12341.579281330109 1797.953838288784 2398.2146325111389 104.51195812225342 90.49700391292572 7587.097481071949 17012.21650236845 1684.3770615458488 1353.2549105286598 89473.964103460312 28737.463646292686 2689.7948399782181
leaf_count=89943 1199 38108 6717 2082 1919 14 38 5174 18707 613 254 77879 32443 1635
internal_value=-0.000895083 0.000141463 -0.0032815 -0.000356931 0.000559601 0.0033625 0.00268485 0.000488007 4.02767e-05 0.000846199 -0.00037588 0.000589141 -0.00101338 0.000721286
internal_weight=276869 193011 83857.3 87992 105019 2593.22 2488.71 102426 54766.8 18696.6 36070.2 97061.1 33225.2 4487.75
internal_count=276725 180065 96660 93842 86223 1971 1957 84252 57682 19320 38362 83053 36160 3717
is_linear=0
shrinkage=0.0386495


Tree=38
num_leaves=15
num_cat=0
split_feature=8 16 13 26 36 41 33 37 15 1 2 33 33 16
split_gain=447.571 20.2126 23.3533 17.1309 13.2472 20.0043 12.5133 11.107 9.12252 7.98737 7.93986 8.41288 7.93084 6.04381
threshold=1.0000000180025095e-35 -1.1639514565467832 0.70711243152618419 -8.3456794186531614e-07 1.386858403682709 1.0000000180025095e-35 152.94999694824222 0.38367688655853277 3.2286208868026738 -12.836630344390867 33.673789978027351 34.849998474121101 161.98332977294925 -3.498293280601501
decision_type=2 2 2 2 2 2 2 2 2 2 2 2 2 2
left_child=3 2 8 -1 6 -6 -4 10 -2 -9 11 -3 -10 -5
right_child=1 7 4 13 5 -7 -8 9 12 -11 -12 -13 -14 -15
leaf_value=-0.12647881152155174 -0.19951854665200647 0.083282848573155932 0.1403596034792908 -0.12647881152155174 0.39257495228184269 16.530617608365858 0.00032504765040463322 1.039412960571978 -0.063332912122415486 0.070356407363754231 -1.1537715272660083 -0.056981091855734613 -0.030083661975451509 0.062586770808752065
leaf_weight=14889.681932628155 5338.1329982280731 11958.888732492924 58449.347470998764 63675.0186226964 2500.41068816185 65.497885465621948 41997.967045307159 611.31074291467667 1510.3721128702164 11543.306499361992 2332.5936970114708 61545.947776734829 372.98056221008301 77.187666893005371
leaf_count=14332 1629 9789 42474 79640 1949 20 42482 369 251 11949 696 71039 96 10
internal_value=-0.000887464 9.10372e-05 0.000439953 -0.00335458 0.000589325 0.00333469 0.000518553 -0.000345419 -0.00168235 0.000737184 -0.000519709 -0.000448275 0.000605193 -0.00363165
internal_weight=276869 198227 110235 78641.9 103013 2565.91 100447 87992 7221.49 12154.6 75837.4 73504.8 1883.35 63752.2
internal_count=276725 182743 88901 93982 86925 1969 84956 93842 1976 12318 81524 80828 347 79650
is_linear=0
shrinkage=0.0386495


Tree=39
num_leaves=15
num_cat=0
split_feature=8 15 16 26 16 36 33 45 6 45 4 1 16 5
split_gain=445.308 19.1856 17.28 17.1309 15.4057 17.6942 12.1087 10.9267 19.7011 9.50722 9.01304 8.49381 6.04381 5.89013
threshold=1.0000000180025095e-35 -21.30638217926025 -1.0951194763183592 -8.3456794186531614e-07 -3.498293280601501 1.9221820235252383 171.91666412353518 1.0000000180025095e-35 1.0000000180025095e-35 1.0000000180025095e-35 -6.0337448120117179 -18.493697166442868 -3.498293280601501 -6.777920961380004
decision_type=2 2 2 2 2 2 2 2 2 2 2 2 2 2
left_child=3 9 4 -1 6 -6 -3 8 -4 11 -9 -2 -5 -11
right_child=1 2 7 12 5 -7 -8 10 -10 13 -12 -13 -14 -15
leaf_value=-0.1215904632448109 1.0087144497069247 0.0412403204383558 -0.072513262282039526 -0.1215904632448109 0.057170380324233702 1.1575671125366167 -0.19180724598455845 0.0065255400671861662 0.087268525232430005 0.22832723631563231 -0.12649474582006623 0.28284901272091029 0.060167820713086385 -0.085854819960459419
leaf_weight=14889.681932628155 858.61806511878967 6618.8355296254158 26214.61442476511 63675.0186226964 86128.89009475708 1058.1413659453392 5923.1667164564133 8204.1065747141838 22931.561610996723 2090.45210313797 22133.03363353014 11222.048412084579 77.187666893005371 4843.2876806259155
leaf_count=14332 473 3569 27099 79640 75012 781 2867 9165 25519 1436 24367 8848 10 3607
internal_value=-0.00089371 8.23133e-05 -4.12326e-05 -0.00335458 0.000297223 0.000479864 -0.000967678 -0.000466624 -0.000109259 0.00124967 -0.0010436 0.0019046 -0.00363165 0.000100011
internal_weight=276869 198227 179212 78641.9 99729 87187 12542 79483.3 49146.2 19014.4 30337.1 12080.7 63752.2 6933.74
internal_count=276725 182743 168379 93982 82229 75793 6436 86150 52618 14364 33532 9321 79650 5043
is_linear=0
shrinkage=0.0386495


Tree=40
num_leaves=15
num_cat=0
split_feature=8 23 25 13 11 2 38 3 5 10 23 23 36 10
split_gain=447.556 23.8762 18.1818 15.4605 12.7474 13.0616 11.5155 9.8651 14.4295 8.05314 5.75781 4.83309 4.21557 3.25889
threshold=1.0000000180025095e-35 0.26513874530792242 -1.6188745632916832e-07 0.70711243152618419 0.0097101279534399527 33.673789978027351 1.1813057065010073 0.82162460684776317 10.001269340515138 0.16124977171421054 0.4797047376632691 0.083067473024129881 -0.41192965209484095 0.39455677568912512
decision_type=2 2 2 2 2 2 2 2 2 2 2 2 2 2
left_child=2 6 13 7 10 -6 9 12 -9 11 -5 -2 -3 -1
right_child=1 3 -4 4 5 -7 -8 8 -10 -11 -12 -13 -14 -15
leaf_value=-0.11689104739546438 -0.090929387700752803 0.031422677264034644 -0.11689104739546438 0.16498448803285087 0.092806485997296878 -0.49814472885855826 0.072315669170022953 0.3048901317902773 -0.81554300318896034 -0.099605623730954856 0.63443634944416183 -0.021496986144444109 -0.18439398356458975 -0.050667292689458437
leaf_weight=15607.390518248081 7742.5861932635307 615.72721010446548 62480.038476765156 8160.5261551737785 79340.033774256706 5196.2684455513954 10700.05218821764 969.8066474199295 594.53086471557617 14601.329720795155 4813.4891690611839 60311.099216043949 3933.3570004701614 651.9471321105957
leaf_count=15865 8654 133 77811 9636 56466 2096 13126 114 99 17188 4011 70340 654 71
internal_value=-0.000899425 8.48094e-05 -0.00336232 0.000488927 0.000607556 0.000433499 -0.00036314 -0.00139333 0.00122902 -0.00051802 0.00173697 -0.000340146 -0.00230798 -0.00220157
internal_weight=275718 196979 78739.4 103624 97510.3 84536.3 93355.1 6113.42 1564.34 82655 12974 68053.7 4549.08 16259.3
internal_count=276264 182517 93747 73209 72209 58562 109308 1000 213 96182 13647 78994 787 15936
is_linear=0
shrinkage=0.0386495


Tree=41
num_leaves=15
num_cat=0
split_feature=7 23 25 1 33 38 28 9 45 6 16 33 47 34
split_gain=442.514 26.5316 26.4358 19.3839 15.5077 15.4163 13.0753 10.173 9.60963 7.59604 7.16841 7.07893 5.72526 5.0482
threshold=1.0000000180025095e-35 0.35741123557090765 -1.6188745632916832e-07 22.58117771148682 28.816666603088382 0.52813154458999645 37.35058784484864 0.036674153059721 1.0000000180025095e-35 1.0000000180025095e-35 1.2605893611907961 433.25000000000006 1.0000000180025095e-35 484.77120971679693
decision_type=2 2 2 2 2 2 2 2 2 2 2 2 2 2
left_child=2 5 -1 4 6 10 -3 -6 9 -7 11 -2 -10 -5
right_child=1 3 -4 13 7 8 -8 -9 12 -11 -12 -13 -14 -15
leaf_value=-0.1123732618215172 -0.015194449597824983 0.58602180556388095 -0.1123732618215172 -0.46306106390732277 0.23844643126571066 0.026253881467943527 0.086811845231754739 0.026521852674690285 -0.10114016370015222 0.2191288100461421 -0.09540086415805428 -0.1139723172093469 0.077255798651388041 2.92399070363067
leaf_weight=20586.02119988203 54661.568975567818 10360.347814261913 63312.281010448933 5948.8193671107292 22142.274059414864 10466.991756260395 4752.2104054689407 36264.209574997425 6384.6117179989815 7458.2817462086678 14364.238603293896 15594.32555860281 3152.3424455523491 269.65847712755203
leaf_count=18259 62390 5972 78163 2287 18889 11578 3020 18317 7787 9185 17676 18723 3903 115
internal_value=-0.000903218 0.00012051 -0.00324444 0.000659619 0.000835379 -0.000262511 0.00194034 0.000548424 0.000532091 0.00106038 -0.000521079 -0.00035907 -0.000454791 -0.00140861
internal_weight=275718 191820 83898.3 79737.5 73519 112082 15112.6 58406.5 27462.2 17925.3 84620.1 70255.9 9536.95 6218.48
internal_count=276264 179842 96422 48600 46198 131242 8992 37206 32453 20763 98789 81113 11690 2402
is_linear=0
shrinkage=0.0386495


Tree=42
num_leaves=15
num_cat=0
split_feature=9 45 5 49 33 12 25 35 49 25 27 27 25 24
split_gain=436.297 17.7196 21.792 24.8301 18.5661 16.6075 15.4278 14.6505 13.1544 12.0014 10.9607 8.0426 7.72797 6.80989
threshold=1.0000000180025095e-35 1.0000000180025095e-35 5.2636826038360605 1.5000000000000002 28.816666603088382 -0.2934765219688415 -1.6188745632916832e-07 42.880321502685554 1.0000000180025095e-35 0.00068578709033317875 -0.0098706898279488069 0.00040174162131734198 -0.017055655829608437 21.782358169555668
decision_type=2 2 2 2 2 2 2 2 2 2 2 2 2 2
left_child=6 2 3 5 9 -2 12 10 -9 13 -4 -6 -1 -3
right_child=1 4 7 -5 11 -7 -8 8 -10 -11 -12 -13 -14 -15
leaf_value=0.15573860032244011 0.044473621890138967 3.1016928403679902 0.38216158677436224 0.38637378017650309 -0.0434858101718422 -0.079964208912926882 -0.10803008659581265 0.3946689848429879 -0.042869473898705497 -0.1149429397864201 -0.0069205580672062911 -0.12723036366136714 -0.10803008659581265 0.41535388815946261
leaf_weight=405.23008358478546 42301.727023899555 189.85950094461441 3003.024593770504 1793.4310762882233 43521.969922959805 39595.322500526905 62353.904613614082 16293.165480315685 3275.032179415226 4353.7577435970306 17423.511755108833 22327.594311356544 12808.594912290573 6072.0570145249367
leaf_count=53 43961 85 1933 1790 39705 29664 77758 16273 3779 3615 15558 23179 14205 4706
internal_value=-0.000907094 3.73251e-05 0.000323524 -3.04557e-05 -0.00042485 -0.00012971 -0.00340921 0.00106565 0.00182205 0.00107287 0.000338095 -0.000667204 -0.00219798 0.00215788
internal_weight=275718 200150 123685 83690.5 76465.2 81897 75567.7 39994.7 19568.2 10615.7 20426.5 65849.6 13213.8 6261.92
internal_count=276264 184248 112958 75415 71290 73625 92016 37543 20052 8406 17491 62884 14258 4791
is_linear=0
shrinkage=0.0386495


Tree=43
num_leaves=15
num_cat=0
split_feature=8 23 25 0 1 45 38 13 10 49 10 49 38 6
split_gain=443.023 20.2592 18.4143 18.1221 13.9176 10.7633 9.83311 7.75938 7.43708 8.59489 5.74182 5.03522 4.9349 3.91118
threshold=1.0000000180025095e-35 0.2484577298164368 -1.6188745632916832e-07 0.03024999983608723 22.58117771148682 1.0000000180025095e-35 1.1813057065010073 0.70711243152618419 0.12423583865165712 1.5000000000000002 0.040447952225804336 1.0000000180025095e-35 0.59914588928222667 -9.9989271163940412
decision_type=2 2 2 2 2 2 2 2 2 2 2 2 2 2
left_child=2 6 -1 7 5 -5 8 13 9 -2 -9 -8 -6 -3
right_child=1 3 -4 4 12 -7 11 10 -10 -11 -12 -13 -14 -15
leaf_value=-0.10385477310817112 -0.036398959661664142 -0.15284309855470674 -0.10385477310817112 0.16546721642860923 -0.56749920060325465 0.027270480743833689 0.11820118542460184 0.20273262251363677 -0.091279441626463453 0.22698367409914003 -0.2041819367064267 -0.042568922215097831 0.28079081361803054 -0.17578163086733958
leaf_weight=16259.337650358677 60438.806439876556 248.99186658859253 62480.038476765156 57648.481705367565 4126.606135725975 35870.170759022236 7142.3925954699516 3402.9315930604935 16278.392645955086 1418.4590619206429 3232.2981526851654 3023.5007230639458 1533.8982148766518 2613.8766914606094
leaf_count=15936 69918 28 77811 45828 1589 27496 8628 2474 19085 1829 427 3854 800 561
internal_value=-0.000910037 6.91982e-05 -0.00336042 0.000422756 0.000577604 0.000690654 -0.000365287 -0.00118785 -0.000512847 -0.000318134 -0.00045151 0.000763047 -0.00127947 -0.00287272
internal_weight=275718 196979 78739.4 108677 99179.2 93518.7 88301.6 9498.1 78135.7 61857.3 6635.23 10165.9 5660.5 2862.87
internal_count=276264 182517 93747 79203 75713 73324 103314 3490 90832 71747 2901 12482 2389 589
is_linear=0
shrinkage=0.0386495


Tree=44
num_leaves=15
num_cat=0
split_feature=8 23 0 25 28 12 26 23 24 15 26 14 8 29
split_gain=439.618 19.3364 19.5517 18.5871 12.0126 10.4089 9.92903 8.69019 7.893 7.54212 6.7387 4.98686 4.64395 3.87824
threshold=1.0000000180025095e-35 0.34342338144779211 0.03024999983608723 -1.6188745632916832e-07 128.78103637695315 -0.18257532268762586 -0.010520125739276407 1.6583659052848818 27.274252891540531 4.2077250480651864 0.033720277249813087 0.64477145671844494 0.0071418131701648244 703.45236206054699
decision_type=2 2 2 2 2 2 2 2 2 2 2 2 2 2
left_child=3 6 5 -1 8 10 13 -6 -4 11 -3 -8 -7 -2
right_child=1 2 4 -5 7 12 9 -9 -10 -11 -12 -13 -14 -15
leaf_value=-0.099840833579113081 -0.067088990738221138 -0.082380950260903252 -0.020444762370051009 -0.099840833579113081 0.22343958980597817 0.23604527274684331 -0.050264913227302824 -0.72360617194067778 0.18442566049766243 0.051538512893692122 2.3976807947166288 0.018920812152434057 -0.16892586339330279 -0.23858189706430405
leaf_weight=16259.337650358677 21783.618902623653 4840.6247054338455 10102.548868119717 62480.038476765156 2618.8095273971558 414.93328094482422 44703.698857188225 3188.5832376480103 61109.275836467743 25003.170492708683 293.8353271484375 18469.164035618305 3295.174840927124 1155.3686728477478
leaf_count=15936 27558 2016 7090 77811 1563 305 48688 813 40247 30755 32 22836 488 126
internal_value=-0.000918074 5.7389e-05 0.000493243 -0.00335902 0.000691368 -0.00122526 -0.000278897 -0.000994092 0.000829657 -9.18164e-05 -8.62897e-05 -0.000317244 -0.00278497 -0.000995425
internal_weight=275718 196979 85863.8 78739.4 77019.2 8844.57 111115 5807.39 71211.8 88176 5134.46 63172.9 3710.11 22939
internal_count=276264 182517 52554 93747 49713 2841 129963 2376 47337 102279 2048 71524 793 27684
is_linear=0
shrinkage=0.0386495


Tree=45
num_leaves=15
num_cat=0
split_feature=8 2 25 33 37 16 16 0 1 12 16 26 0 26
split_gain=430.006 21.4726 20.9251 13.1058 10.8561 10.2873 13.0194 8.61634 7.72302 8.74065 7.02556 5.12368 4.92588 4.51677
threshold=1.0000000180025095e-35 -5.1740825176239005 -1.6188745632916832e-07 152.94999694824222 0.57060521841049205 -1.0321227908134458 -3.498293280601501 0.30124999582767492 -18.493697166442868 -1.853188097476959 -3.263633012771606 -0.0050902755465358487 0.03024999983608723 -0.019088354893028733
decision_type=2 2 2 2 2 2 2 2 2 2 2 2 2 2
left_child=2 3 13 8 5 6 -3 -7 9 -2 -10 -6 -13 -1
right_child=1 4 -4 -5 11 7 -8 -9 10 -11 -12 12 -14 -15
leaf_value=0.11649088373834267 1.3928722856651465 -0.16239695595591042 -0.095982030978871508 -0.014030115604997699 -0.05657574257194619 -0.35425942336486926 0.028548583702169249 -0.052168244375017894 0.66974201360543817 0.81213249084417016 0.10946014422556706 -0.17455747812780709 0.25135314532233582 -0.095982030978871508
leaf_weight=564.66879832744598 239.3541619181633 10307.356722891331 62904.489804267883 13683.761368632317 3396.9779749512672 1992.6364493370056 67566.966437578201 62179.114004909992 2383.6471341252327 2175.0056979656219 22279.45320212841 1492.6506161093712 10234.637104690075 15933.764523565769
leaf_count=82 236 4896 78451 12964 2966 290 60535 70201 1449 973 17697 1110 9207 15959
internal_value=-0.000934129 2.95077e-05 -0.0033369 0.000820216 -0.000175197 -0.000280317 1.75375e-05 -0.000642665 0.00131307 0.00341012 0.00110518 0.000808157 0.00119245 -0.00210306
internal_weight=277334 197932 79402.9 40761.2 157170 142046 77874.3 64171.8 27077.5 2414.36 24663.1 15124.3 11727.3 16498.4
internal_count=277016 182524 94492 33319 149205 135922 65431 70491 20355 1209 19146 13283 10317 16041
is_linear=0
shrinkage=0.0386495


Tree=46
num_leaves=15
num_cat=0
split_feature=7 25 4 15 18 36 18 27 47 10 32 14 13 7
split_gain=422.792 29.6033 18.286 15.3667 12.7053 11.0618 10.6819 9.19723 9.77867 8.01559 12.0155 7.84058 8.21221 6.09763
threshold=1.0000000180025095e-35 -1.6188745632916832e-07 -23.284634590148922 -24.969259262084957 -0.019417930394411084 0.91654321551322948 -0.20448984205722806 -0.00011605758845689705 1.0000000180025095e-35 0.39455677568912512 104.50000000000001 0.32896107435226446 0.84592005610466015 2.1392054557800297
decision_type=2 2 2 2 2 2 2 2 2 2 2 2 2 2
left_child=1 9 6 -4 -5 -6 11 13 -9 -1 -11 -2 -13 -8
right_child=2 -3 3 4 5 -7 7 8 -10 10 -12 12 -14 -15
leaf_value=-0.092272369336030224 -0.0051620786223726409 -0.092272369336030224 0.19957388429847708 0.042725597159427892 -0.047481792655450022 0.25296996097184593 0.059281599656613476 0.87591167586080265 -0.59025378260284511 1.0070249067263923 -0.1187873895173903 2.54129317777985 1.009099895613689 0.95311641721565132
leaf_weight=19691.684718489647 277.50568878650665 63740.289134263992 14172.420502841473 47220.406488656998 115425.64902919531 4634.8375087380409 7621.2352350950241 2173.9574240446091 379.55523800849915 293.8353271484375 707.04125595092773 178.44165444374084 533.87025856971741 283.75453716516495
leaf_count=18271 149 78799 10306 42459 114623 4242 5836 1443 216 32 77 70 359 134
internal_value=-0.000939607 -0.00322055 5.84804e-05 -3.57349e-05 -0.000139577 -0.000351072 0.00155658 0.00118568 0.00320583 -0.00194405 0.00139308 0.00540679 0.00754896 0.000525142
internal_weight=277334 84432.9 192902 181453 167281 120060 11448.3 10458.5 2553.51 20692.6 1000.88 989.818 712.312 7904.99
internal_count=277016 97179 179837 171630 161324 118865 8207 7629 1659 18380 109 578 429 5970
is_linear=0
shrinkage=0.0386495


Tree=47
num_leaves=15
num_cat=0
split_feature=8 25 2 38 45 6 1 1 4 6 31 15 16 36
split_gain=426.284 20.9745 17.714 13.5971 10.9072 12.6966 9.56051 7.80049 7.53114 7.6237 7.20833 6.93611 6.82373 6.42858
threshold=1.0000000180025095e-35 -1.6188745632916832e-07 -5.1740825176239005 -0.24390773475170133 1.0000000180025095e-35 1.0000000180025095e-35 -12.836630344390867 -1.923061668872833 -37.69956970214843 -20.832743644714352 113.50000000000001 -24.969259262084957 -3.263633012771606 -0.65020164847373951
decision_type=2 2 2 2 2 2 2 2 2 2 2 2 2 2
left_child=1 -1 6 7 5 -5 8 -4 9 -2 12 -9 -8 -6
right_child=2 -3 3 4 13 -7 10 11 -10 -11 -12 -13 -14 -15
leaf_value=-0.088706084420728679 3.0143054258965196 -0.088706084420728679 0.01839735373865091 -0.0028276651742391787 1.4623746850901305 0.16230682092229159 0.74714055716713024 0.14651526963972944 0.36518999050309553 0.89333140582072945 -0.012730765923315752 -0.09885019454029445 0.091077235331507606 -0.059429915419015239
leaf_weight=16498.433321893215 175.6916207075119 62904.489804267883 18483.954703330994 28097.834321796894 523.38293570280075 23292.809853136539 1989.3762484788895 2977.4988965988159 4556.1029172539711 395.20225137472153 14625.087251245975 55431.544705450535 19019.761275708675 28363.313894450665
leaf_count=16041 123 78451 16875 25661 423 23190 1183 2026 2779 230 14216 53747 14788 27283
internal_value=-0.000944176 -0.00333653 1.52793e-05 -0.000170625 0.00018066 0.00051892 0.000733499 -0.000538121 0.0022969 0.0065123 0.000506817 -0.000757269 0.000965796 -0.000419105
internal_weight=277334 79402.9 197932 157170 80277.3 51390.6 40761.2 76893 5127 570.894 35634.2 58409 21009.1 28886.7
internal_count=277016 94492 182524 149205 76557 48851 33319 72648 3132 353 30187 55773 15971 27706
is_linear=0
shrinkage=0.0386495


Tree=48
num_leaves=15
num_cat=0
split_feature=8 26 2 33 49 6 16 16 12 54 35 46 33 26
split_gain=424.09 19.999 16.9863 10.8696 9.3065 10.539 9.10618 14.0395 9.2615 8.18126 6.75632 10.1813 7.20427 4.44284
threshold=1.0000000180025095e-35 -8.3456794186531614e-07 -5.1740825176239005 152.94999694824222 1.5000000000000002 2.0551723241806035 -3.498293280601501 -1.1639514565467832 -0.36142565310001368 0.19411328434944156 104.15902328491212 1.0000000180025095e-35 20.649999618530277 -0.019088354893028733
decision_type=2 2 2 2 2 2 2 2 2 2 2 2 2 2
left_child=1 13 3 10 6 9 8 -8 -4 -6 12 -12 -2 -1
right_child=2 -3 4 -5 5 -7 7 -9 -10 -11 11 -13 -14 -15
leaf_value=0.12000809227019407 0.46399481627115369 -0.085277634787956719 0.11526452794414331 -0.017218725276801433 0.56727102610373514 -0.043178698460117577 0.036199392986191167 -0.050128541978035193 -0.15244481492557813 0.085177354863573085 0.32578389603863495 2.172704490150692 0.083189340433665229 -0.085277634787956719
leaf_weight=564.66879832744598 5794.2760179638863 64124.097232222557 2633.4067726135254 13683.761368632317 939.74499142169952 1535.307794034481 70495.649978339672 71912.972658157349 8908.0458756089211 745.21124029159546 860.5560474395752 171.19573163986206 20251.432399094105 14714.157095611095
leaf_count=82 4015 79903 2467 12964 869 1723 61819 78082 3382 863 712 73 15555 14507
internal_value=-0.000950344 -0.00333653 6.63725e-06 0.000709968 -0.000175405 0.00187842 -0.000218767 -0.00013368 -0.00126341 0.00399041 0.00115889 0.00424175 0.00103423 -0.00207064
internal_weight=277334 79402.9 197932 40761.2 157170 3220.26 153950 142409 11541.5 1684.96 27077.5 1031.75 26045.7 15278.8
internal_count=277016 94492 182524 33319 149205 3455 145750 139901 5849 1732 20355 785 19570 14589
is_linear=0
shrinkage=0.0386495


Tree=49
num_leaves=15
num_cat=0
split_feature=8 25 2 33 37 49 2 0 5 34 13 33 26 26
split_gain=420.279 20.8456 15.6373 9.91649 9.48245 8.1633 7.62482 7.53154 6.83124 6.65926 20.5855 7.31399 4.51191 9.70779
threshold=1.0000000180025095e-35 -1.6188745632916832e-07 -5.1740825176239005 152.94999694824222 0.57060521841049205 1.5000000000000002 33.673789978027351 0.042249999940395362 14.309907436370851 59.675395965576179 0.71784701943397533 57.416667938232429 -0.019088354893028733 -0.031278142705559724
decision_type=2 2 2 2 2 2 2 2 2 2 2 2 2 2
left_child=1 12 3 9 5 6 -4 -3 -7 11 -11 -2 13 -1
right_child=2 7 4 -5 -6 8 -8 -9 -10 10 -12 -13 -14 -15
leaf_value=-0.12361810056254804 0.23757623676040229 -0.081981693167021974 -0.029460973839596671 -0.016553229412142823 0.12573786229288883 0.23953154591516873 -0.63988526422939029 0.19745451871085987 -0.15606965889778446 0.49605641003171919 0.34678518680901621 0.0046493520075924517 -0.081981693167021974 0.24641654974530319
leaf_weight=286.04847645759583 14945.010682404041 62842.739670753479 134473.81996184587 13683.761368632317 15124.265695750713 2241.7125419378281 4593.0391793847084 61.750133514404297 737.50193154811859 249.09988588094711 2437.6377930641174 9445.7118347883224 15933.764523565769 278.62032186985016
leaf_count=32 10566 78443 130897 12964 13283 2441 1779 8 805 56 2114 7619 15959 50
internal_value=-0.000957334 -0.00333277 -4.07817e-06 0.000670176 -0.000179317 -0.000277575 -0.000320821 -0.00365477 0.00172052 0.00109899 0.00293412 0.000894246 -0.00210125 0.00122489
internal_weight=277334 79402.9 197932 40761.2 157170 142046 139067 62904.5 2979.21 27077.5 2686.74 24390.7 16498.4 564.669
internal_count=277016 94492 182524 33319 149205 135922 132676 78451 3246 20355 2170 18185 16041 82
is_linear=0
shrinkage=0.0386495


Tree=50
num_leaves=15
num_cat=0
split_feature=9 16 16 38 25 23 33 49 9 4 33 34 29 29
split_gain=418.274 18.5522 22.6952 15.3533 14.5338 12.4464 12.1017 10.4119 11.1283 9.67262 7.6911 7.48304 54.3847 9.61012
threshold=1.0000000180025095e-35 -3.498293280601501 -3.0737084150314327 0.46062648296356207 -1.6188745632916832e-07 0.38933753967285162 195.65000152587893 1.0000000180025095e-35 0.047536550089716918 -28.122946739196774 12.340579509735109 66.381237030029311 703.45236206054699 703.45236206054699
decision_type=2 2 2 2 2 2 2 2 2 2 2 2 2 2
left_child=4 6 7 5 -1 -4 11 8 -3 -5 -9 13 -13 -2
right_child=1 2 3 9 -6 -7 -8 10 -10 -11 -12 12 -14 -15
leaf_value=-0.078813138183810263 0.11912782159603871 0.54792711746885203 -0.053116041574024435 0.55276952062101448 -0.078813138183810263 0.039353167397730822 -0.090201102926784071 1.0040481073291851 -0.076333322009589519 0.052245003921569104 -0.051328736774856235 -0.08884907295385816 1.0481390364122485 -0.09549245298428774
leaf_weight=13234.118499577045 4540.556950211525 8909.0407425165176 78614.669657468796 1703.1611956357956 62719.812564730644 46325.57572799921 7673.5045553445816 217.4418318271637 1486.1193971633911 42031.68277066946 4744.760766685009 1264.0595027804375 170.46356499195099 3383.6629543304443
leaf_count=14277 3484 8011 93190 1087 78118 28287 3766 136 191 41192 3350 1201 28 380
internal_value=-0.000971187 -4.78301e-05 6.48196e-05 -6.43661e-05 -0.00341466 -0.000282838 -0.00126827 0.00148731 0.00218256 0.000558416 1.88722e-05 -0.000328076 0.00222802 -0.000798566
internal_weight=277019 201065 184032 168675 75953.9 124940 17032.2 15357.4 10395.2 43734.8 4962.2 9358.74 1434.52 7924.22
internal_count=276698 184303 175444 163756 92395 121477 8859 11688 8202 42279 3486 5093 1229 3864
is_linear=0
shrinkage=0.0386495


end of trees

feature_importances:
price_log=42
return_1d=38
events_next_30d_major=37
volume_mean_30d=36
macd_line=34
bb_width=31
macd_signal=30
return_3d=28
events_next_30d_game_update=27
price_std_7d=25
price_std_60d=24
volume_zscore_30d=24
price_std_14d=23
price_std_30d=21
return_14d=20
return_60d=19
distance_to_resistance=19
price_lag_1d=18
return_30d=16
volume_lag_7d=14
item_volume_vs_market_30d=14
price_zscore_30d=12
item_type_sticker=12
bb_pct_b=11
rsi_14=11
distance_to_support=11
price_std_20d=10
log_return_1d=10
volume_log_change_7d=10
price_accel_7d=9
volume_log_change_1d=9
return_7d=8
vol_regime_60_30=8
volume_std_30d=7
volume_std_60d=7
log_return_7d=5
macd_histogram=5
volume_lag_1d=5
rsi_missing=5
events_next_30d_case_drop=5
item_type_skin=4
macd_missing=3
trend_divergence_30_60=2
autocorr_1d=2
price_tier=1
volume_price_conf_1d=1
events_next_30d_operation=1

parameters:
[boosting: gbdt]
[objective: quantile]
[metric: quantile]
[tree_learner: serial]
[device_type: cpu]
[data_sample_strategy: bagging]
[data: ]
[valid: ]
[num_iterations: 1000]
[learning_rate: 0.0386495]
[num_leaves: 15]
[num_threads: -1]
[seed: 42]
[deterministic: 0]
[force_col_wise: 0]
[force_row_wise: 0]
[histogram_pool_size: -1]
[max_depth: 5]
[min_data_in_leaf: 30]
[min_sum_hessian_in_leaf: 0.001]
[bagging_fraction: 0.7]
[pos_bagging_fraction: 1]
[neg_bagging_fraction: 1]
[bagging_freq: 5]
[bagging_seed: 400]
[bagging_by_query: 0]
[feature_fraction: 0.6]
[feature_fraction_bynode: 1]
[feature_fraction_seed: 30056]
[extra_trees: 0]
[extra_seed: 12879]
[early_stopping_round: 0]
[early_stopping_min_delta: 0]
[first_metric_only: 0]
[max_delta_step: 0]
[lambda_l1: 1.5]
[lambda_l2: 2]
[linear_lambda: 0]
[min_gain_to_split: 0.1]
[drop_rate: 0.1]
[max_drop: 50]
[skip_drop: 0.5]
[xgboost_dart_mode: 0]
[uniform_drop: 0]
[drop_seed: 17869]
[top_rate: 0.2]
[other_rate: 0.1]
[min_data_per_group: 100]
[max_cat_threshold: 32]
[cat_l2: 10]
[cat_smooth: 10]
[max_cat_to_onehot: 4]
[top_k: 20]
[monotone_constraints: ]
[monotone_constraints_method: basic]
[monotone_penalty: 0]
[feature_contri: ]
[forcedsplits_filename: ]
[refit_decay_rate: 0.9]
[cegb_tradeoff: 1]
[cegb_penalty_split: 0]
[cegb_penalty_feature_lazy: ]
[cegb_penalty_feature_coupled: ]
[path_smooth: 0]
[interaction_constraints: ]
[verbosity: -1]
[saved_feature_importance_type: 0]
[use_quantized_grad: 0]
[num_grad_quant_bins: 4]
[quant_train_renew_leaf: 0]
[stochastic_rounding: 1]
[linear_tree: 0]
[max_bin: 63]
[max_bin_by_feature: ]
[min_data_in_bin: 3]
[bin_construct_sample_cnt: 200000]
[data_random_seed: 175]
[is_enable_sparse: 1]
[enable_bundle: 1]
[use_missing: 1]
[zero_as_missing: 0]
[feature_pre_filter: 0]
[pre_partition: 0]
[two_round: 0]
[header: 0]
[label_column: ]
[weight_column: ]
[group_column: ]
[ignore_column: ]
[categorical_feature: ]
[forcedbins_filename: ]
[precise_float_parser: 0]
[parser_config_file: ]
[objective_seed: 16083]
[num_class: 1]
[is_unbalance: 0]
[scale_pos_weight: 1]
[sigmoid: 1]
[boost_from_average: 1]
[reg_sqrt: 0]
[alpha: 0.9]
[fair_c: 1]
[poisson_max_delta_step: 0.7]
[tweedie_variance_power: 1.5]
[lambdarank_truncation_level: 30]
[lambdarank_norm: 1]
[label_gain: ]
[lambdarank_position_bias_regularization: 0]
[eval_at: ]
[multi_error_top_k: 1]
[auc_mu_weights: ]
[num_machines: 1]
[local_listen_port: 12400]
[time_out: 120]
[machine_list_filename: ]
[machines: ]
[gpu_platform_id: -1]
[gpu_device_id: -1]
[gpu_use_dp: 0]
[num_gpu: 1]

end of parameters

pandas_categorical:[]
