tree
version=v4
num_class=1
num_tree_per_iteration=1
label_index=0
max_feature_idx=19
objective=quantile
feature_names=event_decay_major event_density_30d_major event_density_90d_major event_decay_operation event_density_30d_operation event_density_90d_operation event_decay_case_drop event_density_30d_case_drop event_density_90d_case_drop event_decay_update event_density_30d_update event_density_90d_update event_decay_game_update event_density_30d_game_update event_density_90d_game_update event_decay_major_weighted event_decay_operation_weighted event_decay_case_drop_weighted event_decay_update_weighted event_decay_game_update_weighted
feature_infos=[0.031220927834510803:0.98347145318984985] [0:2] [0:3] [1.5229979055675358e-08:0.95349693298339844] [0:1] [0:1] [0:0.93106275796890259] [0:1] [0:3] none none none [0:0.86687791347503662] [0:2] [0:3] [0:0.98347145318984985] [0:0.95349693298339844] [0:0.93106275796890259] none [0:0.26006338000297546]
tree_sizes=5501

Tree=0
num_leaves=55
num_cat=0
split_feature=16 15 16 15 17 17 15 3 3 12 3 17 12 1 3 3 3 3 3 3 15 15 14 15 12 3 12 12 3 12 15 3 3 17 12 12 3 1 3 3 2 3 1 12 3 3 12 3 15 15 12 3 3 3
split_gain=3705.08 559.928 154.4 78.4578 75.2298 77.0959 54.2667 53.7039 99.2186 71.7064 67.3682 53.8038 49.9692 40.6543 34.0964 30.5067 32.0771 29.9719 44.9247 29.9693 22.7407 21.4524 29.7514 21.3964 14.6888 13.9917 13.4745 13.1937 12.6723 11.9651 11.5725 14.7609 12.0316 10.9917 10.9406 10.2964 9.36679 9.31992 9.14748 16.633 9.11062 8.53883 8.17358 8.0426 7.16438 6.80857 6.44291 6.06373 19.6404 5.87016 5.70055 5.60304 4.68994 4.50918
threshold=2.3222270328915332e-08 0.05249301344156266 1.0000000180025095e-35 1.0000000180025095e-35 0.20265353471040728 0.099207349121570601 0.49803984165191656 2.1708387976104863e-05 5.1154045650037012e-05 0.030274450778961185 5.8196272334498655e-07 1.6851223705316445e-07 0.10951028019189836 1.0000000180025095e-35 3.3323743991786621e-05 0.0044963988475501546 0.094717219471931471 0.0044963988475501546 0.0065812794491648683 9.2124505499668902e-06 0.3229013085365296 0.11112770810723306 2.5000000000000004 1.0000000180025095e-35 0.1681051775813103 0.014099423773586752 0.012847654521465303 0.00098189854179509006 8.1219440062341174e-07 1.3978428370364784e-07 0.060988180339336402 0.0010775665869005027 0.0065812794491648683 0.41396586596965795 9.9860451882705106e-05 0.009654720779508354 0.024967188946902755 1.0000000180025095e-35 5.1154045650037012e-05 0.00028404347540345048 1.5000000000000002 1.3946797139396952e-07 1.0000000180025095e-35 0.040286580100655563 0.036543922498822219 0.0044963988475501546 0.026244251988828186 1.5819387044757607e-06 0.19383913278579715 0.24731925874948504 0.009654720779508354 4.4477250327190638e-08 0.0001850370172178373 0.078289981931447997
decision_type=2 2 2 2 2 2 2 2 2 2 2 2 2 2 2 2 2 2 2 2 2 2 2 2 2 2 2 2 2 2 2 2 2 2 2 2 2 2 2 2 2 2 2 2 2 2 2 2 2 2 2 2 2 2
left_child=1 2 23 4 5 7 19 10 14 -10 11 -2 -12 35 -9 40 50 26 24 21 30 22 28 -1 -19 38 -6 -18 -3 -20 31 -21 -32 -28 37 -4 -36 -22 -8 -40 46 49 -31 53 -45 -41 -7 -23 -49 -5 -17 -15 -25 -27
right_child=3 6 13 41 17 15 25 8 9 -11 12 -13 -14 51 -16 16 27 18 29 20 34 47 -24 52 -26 43 33 -29 -30 42 32 -33 -34 -35 36 -37 -38 -39 39 45 -42 -43 -44 44 -46 -47 -48 48 -50 -51 -52 -53 -54 -55
leaf_value=0 0 0 -0.23645090595902782 -0.14579242779164808 0 0.051718678997770558 0 0 0 0 0 -0.28462468570375904 0.11591459031219895 0 -0.17281153021643089 0 0.12438443842965714 0 -0.17614397709508869 -0.54461814777036888 0 0 0 0 0.23251005198290572 0 -0.21349465823382538 0 0 0 0 0.024676565093985883 0 0 0 -0.087739640793387016 0 0 0 0 0.12127214232148591 0.05480362523725308 -0.034092383736495549 0 0 0 0 0 0 0.28733902197241484 -0.026272321960424488 0 0 0
leaf_weight=41303.774271070957 11413.106069624424 4916.1625806093216 1935.0620583891869 118.95869982242584 353.41935539245605 770.64482110738754 1917.9047694206238 2290.364560008049 58634.377928853035 25982.387545287609 25879.561030089855 1322.8704240322113 1770.9372483491898 2779.8080015182495 2351.0523664355278 2180.0106965899467 1060.9928002953529 1836.4042129516602 303.64317935705185 312.60287302732468 4817.3675050735474 3424.6405586600304 2029.083941757679 240.50782763957977 250.97242903709412 3595.8861766457558 1566.9481176733971 1151.603679060936 750.14717924594879 3031.740837931633 3453.4978224635124 97.837973594665527 2566.2791538238525 227.74407345056534 3098.8120621442795 565.92425608634949 1327.7030476331711 162.91486811637878 3550.9970720410347 9688.4776837229729 2847.2911326289177 2598.5523760318756 4555.0099430084229 2321.9598274230957 4139.9179621934891 6117.3268591165543 318.22938281297684 2508.2846191525459 4765.8415190577507 26.263609051704407 1850.7832115888596 474.17217224836349 3243.7712864875793 8174.6801270246506
leaf_count=50210 10844 4973 1626 154 318 757 2147 2288 52357 21616 22156 1116 1792 2051 2326 1828 1044 1536 348 313 5672 4104 2562 287 220 4339 1376 1170 827 2864 3817 102 3199 205 3533 594 1630 206 3968 9857 2454 3220 4178 2562 4982 7098 322 2666 4327 34 1627 344 3251 9628
internal_value=-0.00863493 -0.0146141 -0.0183877 -0.00383064 -0.00397167 -0.00366564 -0.0120261 -0.00397165 -0.00460959 -0.00424466 -0.00255938 -0.00536002 -0.00126595 -0.0111775 -0.0112414 0.00022252 -0.00178896 -0.00749261 -0.00640016 -0.0106563 -0.00914741 -0.01195 -0.0100265 -0.019312 -0.000287087 -0.0132105 -0.0125209 0.00268377 -0.00825792 -0.00800545 -0.0069726 -0.0147043 -0.00642881 -0.0141757 -0.0106237 -0.015672 -0.00886046 -0.0121712 -0.0123645 -0.0120386 0.0034365 0.00394529 -0.00762013 -0.0141923 -0.0156049 -0.0127 -9.82704e-05 -0.0133244 -0.0124844 -0.00675684 -0.00426725 -0.00769266 -0.0156704 -0.0134082
internal_weight=278975 124281 50543 154694 151950 139824 73738.3 129645 89258.2 84616.8 40386.5 12736 27650.5 5754.97 4641.42 10179.6 6243.39 12125.9 9977.77 34231.2 15837 18394.2 7695.39 44788.1 2087.38 39507.2 2148.11 2212.6 5666.31 7890.39 6430.22 410.441 6019.78 1794.69 9406.8 2500.99 4426.52 4980.28 21274.7 19356.8 3936.17 2743.77 7586.75 18232.4 6461.88 15805.8 1088.87 10698.8 7274.13 145.222 4030.79 3253.98 3484.28 11770.6
internal_count=279025 140875 58363 138150 134742 123697 82512 114495 78587 73973 35908 11960 23948 4615 4614 9202 5669 11045 9146 37931 18472 19459 8362 53748 1756 44581 1899 2214 5800 7390 7431 415 7016 1581 11041 2220 5163 5878 23070 20923 3533 3408 7042 21511 7544 16955 1079 11097 6993 188 3455 2395 3538 13967
is_linear=0
shrinkage=0.046502


end of trees

feature_importances:
event_decay_operation=23
event_decay_game_update=11
event_decay_major_weighted=9
event_decay_case_drop_weighted=4
event_density_30d_major=3
event_decay_operation_weighted=2
event_density_90d_major=1
event_density_90d_game_update=1

parameters:
[boosting: gbdt]
[objective: quantile]
[metric: quantile]
[tree_learner: serial]
[device_type: cpu]
[data_sample_strategy: bagging]
[data: ]
[valid: ]
[num_iterations: 1000]
[learning_rate: 0.046502]
[num_leaves: 55]
[num_threads: -1]
[seed: 42]
[deterministic: 0]
[force_col_wise: 0]
[force_row_wise: 0]
[histogram_pool_size: -1]
[max_depth: 7]
[min_data_in_leaf: 15]
[min_sum_hessian_in_leaf: 0.001]
[bagging_fraction: 0.7]
[pos_bagging_fraction: 1]
[neg_bagging_fraction: 1]
[bagging_freq: 5]
[bagging_seed: 400]
[bagging_by_query: 0]
[feature_fraction: 0.6]
[feature_fraction_bynode: 1]
[feature_fraction_seed: 30056]
[extra_trees: 0]
[extra_seed: 12879]
[early_stopping_round: 0]
[early_stopping_min_delta: 0]
[first_metric_only: 0]
[max_delta_step: 0]
[lambda_l1: 2]
[lambda_l2: 0.5]
[linear_lambda: 0]
[min_gain_to_split: 0.1]
[drop_rate: 0.1]
[max_drop: 50]
[skip_drop: 0.5]
[xgboost_dart_mode: 0]
[uniform_drop: 0]
[drop_seed: 17869]
[top_rate: 0.2]
[other_rate: 0.1]
[min_data_per_group: 100]
[max_cat_threshold: 32]
[cat_l2: 10]
[cat_smooth: 10]
[max_cat_to_onehot: 4]
[top_k: 20]
[monotone_constraints: ]
[monotone_constraints_method: basic]
[monotone_penalty: 0]
[feature_contri: ]
[forcedsplits_filename: ]
[refit_decay_rate: 0.9]
[cegb_tradeoff: 1]
[cegb_penalty_split: 0]
[cegb_penalty_feature_lazy: ]
[cegb_penalty_feature_coupled: ]
[path_smooth: 0]
[interaction_constraints: ]
[verbosity: -1]
[saved_feature_importance_type: 0]
[use_quantized_grad: 0]
[num_grad_quant_bins: 4]
[quant_train_renew_leaf: 0]
[stochastic_rounding: 1]
[linear_tree: 0]
[max_bin: 63]
[max_bin_by_feature: ]
[min_data_in_bin: 3]
[bin_construct_sample_cnt: 200000]
[data_random_seed: 175]
[is_enable_sparse: 1]
[enable_bundle: 1]
[use_missing: 1]
[zero_as_missing: 0]
[feature_pre_filter: 0]
[pre_partition: 0]
[two_round: 0]
[header: 0]
[label_column: ]
[weight_column: ]
[group_column: ]
[ignore_column: ]
[categorical_feature: ]
[forcedbins_filename: ]
[precise_float_parser: 0]
[parser_config_file: ]
[objective_seed: 16083]
[num_class: 1]
[is_unbalance: 0]
[scale_pos_weight: 1]
[sigmoid: 1]
[boost_from_average: 1]
[reg_sqrt: 0]
[alpha: 0.5]
[fair_c: 1]
[poisson_max_delta_step: 0.7]
[tweedie_variance_power: 1.5]
[lambdarank_truncation_level: 30]
[lambdarank_norm: 1]
[label_gain: ]
[lambdarank_position_bias_regularization: 0]
[eval_at: ]
[multi_error_top_k: 1]
[auc_mu_weights: ]
[num_machines: 1]
[local_listen_port: 12400]
[time_out: 120]
[machine_list_filename: ]
[machines: ]
[gpu_platform_id: -1]
[gpu_device_id: -1]
[gpu_use_dp: 0]
[num_gpu: 1]

end of parameters

pandas_categorical:[]
