tree
version=v4
num_class=1
num_tree_per_iteration=1
label_index=0
max_feature_idx=19
objective=quantile
feature_names=event_decay_major event_density_30d_major event_density_90d_major event_decay_operation event_density_30d_operation event_density_90d_operation event_decay_case_drop event_density_30d_case_drop event_density_90d_case_drop event_decay_update event_density_30d_update event_density_90d_update event_decay_game_update event_density_30d_game_update event_density_90d_game_update event_decay_major_weighted event_decay_operation_weighted event_decay_case_drop_weighted event_decay_update_weighted event_decay_game_update_weighted
feature_infos=[0.031220927834510803:0.98347145318984985] [0:2] [0:3] [1.5229979055675358e-08:0.95349693298339844] [0:1] [0:1] [0:0.93106275796890259] [0:1] [0:3] none none none [0:0.86687791347503662] [0:2] [0:3] [0:0.98347145318984985] [0:0.95349693298339844] [0:0.93106275796890259] none [0:0.26006338000297546]
tree_sizes=6588

Tree=0
num_leaves=63
num_cat=0
split_feature=16 15 0 0 16 16 15 3 0 16 19 0 3 16 0 17 19 16 3 19 14 19 14 13 14 17 16 0 3 15 3 0 0 0 0 19 3 3 14 15 14 2 3 15 3 3 3 15 0 3 3 3 0 3 3 0 15 0 13 3 16 16
split_gain=4141.92 573.633 173.143 192.691 162.033 131.073 128.463 115.708 287.987 108.05 104.489 102.305 96.7195 91.489 173.651 126.311 82.6593 82.0888 76.838 151.418 67.1768 66.8365 69.8218 63.9557 48.9947 47.7741 40.6231 39.9229 39.697 56.4451 38.1872 34.5372 29.6323 26.8708 23.8835 23.4778 23.2474 24.7567 22.6233 21.3455 30.2692 21.1458 16.174 28.9315 16.0946 17.8738 34.2539 15.3144 15.2641 13.6563 12.841 12.2087 10.6311 11.2774 10.3662 9.39079 9.1476 25.0943 8.66954 8.28743 8.01051 7.70257
threshold=4.1121879235106469e-08 0.06305538117885591 0.58179801702499401 0.059310715645551688 1.0000000180025095e-35 2.6708329642133325e-05 0.55041912198066723 0.012818581890314819 0.73469588160514843 0.0020351175917312507 5.6753237664963771e-09 0.82561069726943981 0.39522977173328405 1.9794097028125182e-07 0.091480273753404631 1.4767914535696039e-07 0.00033980513399001216 0.00042279197077732539 7.2605866989761134e-06 0.050431555137038238 2.5000000000000004 0.0078732755500823277 1.5000000000000002 1.0000000180025095e-35 2.5000000000000004 0.069412656128406539 7.2818412633068887e-08 0.099430277943611159 1.1145458302053159e-05 0.3283281028270722 0.00034364305611234164 0.66478031873703014 0.85359486937522899 0.56272441148757946 0.75959849357604992 0.00045218283776193863 0.02269908040761948 0.10418143495917322 2.5000000000000004 0.11489439383149148 2.5000000000000004 2.5000000000000004 2.5468100375292128e-06 0.1958495378494263 0.0059834124986082324 0.00034364305611234164 6.1887472838861881e-05 1.0000000180025095e-35 0.08277477324008943 0.033224143087863929 9.3691906499771004e-07 0.0011852378374896946 0.059310715645551688 0.32668325304985052 0.0059834124986082324 0.88252755999565136 0.15252777934074405 0.08277477324008943 1.0000000180025095e-35 0.32668325304985052 0.00014830355212325233 0.00014830355212325233
decision_type=2 2 2 2 2 2 2 2 2 2 2 2 2 2 2 2 2 2 2 2 2 2 2 2 2 2 2 2 2 2 2 2 2 2 2 2 2 2 2 2 2 2 2 2 2 2 2 2 2 2 2 2 2 2 2 2 2 2 2 2 2 2
left_child=1 4 3 12 47 34 28 8 35 25 -9 24 30 15 17 20 -14 51 23 -20 26 22 -12 -16 31 -10 -5 -22 39 56 60 -6 -23 49 -4 54 44 -38 -37 40 50 -11 -41 -44 45 46 -8 -1 -17 -31 -3 -15 53 -49 -7 -13 57 -30 -35 61 -2 -32
right_child=2 6 5 13 11 7 36 10 9 41 21 55 16 14 18 48 -18 -19 19 -21 27 32 -24 -25 -26 -27 -28 -29 29 33 59 -33 -34 58 -36 38 37 -39 -40 42 -42 -43 43 -45 -46 -47 -48 52 -50 -51 -52 -53 -54 -55 -56 -57 -58 -59 -60 -61 -62 -63
leaf_value=0 -0.041987404742182585 0 -0.47941401875435424 0.15595320850419606 -0.031642680877517586 -0.0082911832398147346 0 0.11866005272133939 0 0.37479762806506112 0 0 0.13938736460685494 -0.32844013125846594 0.019081097892846691 -0.1862635543495863 -0.28531097622554835 0.61626671220008122 0 -0.23883284138607588 -0.29965120209847546 -0.079798638561489998 -0.086444656554210478 0.21833449919357448 -0.39454467142686284 0.13368793685433622 0 0.0520552256140571 0 0 -0.2563256071127164 -0.25683089979052248 -0.18929534685492277 0.059453115613257057 0 -0.08210098695702181 0 0 0 0 0 0.12736178512316845 0 0 0 0 0 -0.23880335279945647 -0.39659146679263491 0 0 0.034422104887512586 0 0 0.12736178512316845 0.067032519444786026 0 0.14492893166827789 -0.11182986544061131 -0.084907862821862287 0.20332289396039807 -0.53648971810751866
leaf_weight=40949.792463243008 1415.1438069343567 4373.4271601438522 1496.1221704483032 1373.5754382014275 2845.0401672124863 844.83747142553329 1829.4851059913635 1309.0926142334938 11407.403874576092 1644.5022152066231 13634.583730638027 466.36387783288956 1487.3429687023163 217.91417902708054 19935.477867603302 941.92413222789764 647.26392430067062 1919.8145200610161 43774.173744857311 1527.2446449995041 1098.5520474910736 9499.9626433849335 4864.8042333126068 1603.4424284696579 2656.868748664856 2108.2512410879135 5508.5508508086205 387.9865455031395 718.65677589178085 7271.7364587783813 674.27996206283569 1609.3756556510925 2345.5753138661385 458.85286021232605 281.95288199186325 10631.034575819969 7067.8563701510429 7460.1475567817688 1447.2179211974144 4818.3974277377129 1475.8849070668221 3546.8915647864342 1614.3362780213356 4530.2150859236717 6579.2959069013596 9232.3277326226234 3213.6667562127113 2848.0950560569763 1319.7664262056351 4879.8839110732079 658.81455558538437 343.50091356039047 723.62967818975449 1128.7978956699371 170.20604825019836 830.20053344964981 3570.1553099751472 1434.7213399410248 436.84761935472488 469.87091881036758 33.962574481964111 1657.8825002908707
leaf_count=49707 1482 4563 1585 1105 2082 834 2041 1228 9794 1457 12751 365 1347 256 16037 801 574 2052 39643 1448 1145 7975 3958 1648 2693 1843 5197 400 731 8042 777 1164 2022 573 300 9188 8312 8785 1093 5667 1858 3007 1770 3904 7732 9780 3542 2671 1117 5874 729 400 802 1434 166 642 4257 1742 565 425 44 1834
internal_value=-0.00683839 -0.011967 -0.00258545 -0.00146225 -0.0149396 -0.00407146 -0.00972278 -0.00378386 -0.00215398 0.000886187 -0.00542001 -0.0100518 -0.00784985 -0.000951546 -0.000444778 -0.00425246 -0.00119338 0.00947844 -0.000813784 -0.00170738 -0.00208145 -0.00587656 -0.00443689 0.00106387 -0.0118514 -0.000911086 -0.000484347 -0.00944711 -0.00811997 -0.00689199 -0.0111827 -0.00937925 -0.00812142 -0.00828212 -0.0143094 -0.00650041 -0.0113633 -0.0125515 -0.00696989 -0.00943689 -0.00767999 0.00557233 -0.010476 -0.00914915 -0.0105335 -0.0112651 -0.00940071 -0.0158389 -0.0122665 -0.00875373 -0.0062525 -0.00331653 -0.0137116 -0.0145053 -0.000875569 -0.000151177 -0.00371594 -0.0017211 -0.00184003 -0.0137979 -0.00609658 -0.014758
internal_weight=277253 125683 151570 86337.7 54058.2 65232.4 71624.7 63454.4 31800.3 18707 31654 8407.85 6385.75 79951.9 69321.6 10630.4 2134.61 2481.23 66840.3 45301.4 8368.66 30344.9 18499.4 21538.9 7111.28 13515.7 6882.13 1486.54 36241.9 18770.9 4251.14 4454.42 11845.5 13047.3 1778.08 13093.3 35382.8 14528 12078.3 17471.1 6508.13 5191.39 10962.9 6144.55 20854.8 14275.5 5043.15 45650.3 2261.69 12151.6 5032.24 561.415 4700.52 3976.89 1015.04 1296.56 5723.53 2153.38 895.7 2802.03 1449.11 2332.16
internal_count=276960 142027 134933 77732 61560 57201 80467 55316 27382 16101 27934 6946 6483 71249 61484 9765 1921 2708 58776 41091 7847 26706 16709 17685 5939 11637 6302 1545 40275 21784 4562 3246 9997 15054 1885 11281 40192 17097 10281 18491 7150 4464 11341 5674 23095 15363 5583 54614 1918 13916 5292 656 4907 4105 1000 1007 6730 2473 1138 3036 1526 2611
is_linear=0
shrinkage=0.0382085


end of trees

feature_importances:
event_decay_operation=17
event_decay_major=14
event_decay_operation_weighted=9
event_decay_major_weighted=7
event_density_90d_game_update=5
event_decay_game_update_weighted=5
event_density_30d_game_update=2
event_decay_case_drop_weighted=2
event_density_90d_major=1

parameters:
[boosting: gbdt]
[objective: quantile]
[metric: quantile]
[tree_learner: serial]
[device_type: cpu]
[data_sample_strategy: bagging]
[data: ]
[valid: ]
[num_iterations: 1000]
[learning_rate: 0.0382085]
[num_leaves: 63]
[num_threads: -1]
[seed: 57]
[deterministic: 0]
[force_col_wise: 0]
[force_row_wise: 0]
[histogram_pool_size: -1]
[max_depth: 7]
[min_data_in_leaf: 10]
[min_sum_hessian_in_leaf: 0.001]
[bagging_fraction: 0.7]
[pos_bagging_fraction: 1]
[neg_bagging_fraction: 1]
[bagging_freq: 5]
[bagging_seed: 30554]
[bagging_by_query: 0]
[feature_fraction: 0.8]
[feature_fraction_bynode: 1]
[feature_fraction_seed: 30558]
[extra_trees: 0]
[extra_seed: 6244]
[early_stopping_round: 0]
[early_stopping_min_delta: 0]
[first_metric_only: 0]
[max_delta_step: 0]
[lambda_l1: 1]
[lambda_l2: 0.5]
[linear_lambda: 0]
[min_gain_to_split: 0.1]
[drop_rate: 0.1]
[max_drop: 50]
[skip_drop: 0.5]
[xgboost_dart_mode: 0]
[uniform_drop: 0]
[drop_seed: 23688]
[top_rate: 0.2]
[other_rate: 0.1]
[min_data_per_group: 100]
[max_cat_threshold: 32]
[cat_l2: 10]
[cat_smooth: 10]
[max_cat_to_onehot: 4]
[top_k: 20]
[monotone_constraints: ]
[monotone_constraints_method: basic]
[monotone_penalty: 0]
[feature_contri: ]
[forcedsplits_filename: ]
[refit_decay_rate: 0.9]
[cegb_tradeoff: 1]
[cegb_penalty_split: 0]
[cegb_penalty_feature_lazy: ]
[cegb_penalty_feature_coupled: ]
[path_smooth: 0]
[interaction_constraints: ]
[verbosity: -1]
[saved_feature_importance_type: 0]
[use_quantized_grad: 0]
[num_grad_quant_bins: 4]
[quant_train_renew_leaf: 0]
[stochastic_rounding: 1]
[linear_tree: 0]
[max_bin: 63]
[max_bin_by_feature: ]
[min_data_in_bin: 3]
[bin_construct_sample_cnt: 200000]
[data_random_seed: 224]
[is_enable_sparse: 1]
[enable_bundle: 1]
[use_missing: 1]
[zero_as_missing: 0]
[feature_pre_filter: 0]
[pre_partition: 0]
[two_round: 0]
[header: 0]
[label_column: ]
[weight_column: ]
[group_column: ]
[ignore_column: ]
[categorical_feature: ]
[forcedbins_filename: ]
[precise_float_parser: 0]
[parser_config_file: ]
[objective_seed: 6962]
[num_class: 1]
[is_unbalance: 0]
[scale_pos_weight: 1]
[sigmoid: 1]
[boost_from_average: 1]
[reg_sqrt: 0]
[alpha: 0.5]
[fair_c: 1]
[poisson_max_delta_step: 0.7]
[tweedie_variance_power: 1.5]
[lambdarank_truncation_level: 30]
[lambdarank_norm: 1]
[label_gain: ]
[lambdarank_position_bias_regularization: 0]
[eval_at: ]
[multi_error_top_k: 1]
[auc_mu_weights: ]
[num_machines: 1]
[local_listen_port: 12400]
[time_out: 120]
[machine_list_filename: ]
[machines: ]
[gpu_platform_id: -1]
[gpu_device_id: -1]
[gpu_use_dp: 0]
[num_gpu: 1]

end of parameters

pandas_categorical:[]
