tree
version=v4
num_class=1
num_tree_per_iteration=1
label_index=0
max_feature_idx=54
objective=quantile
feature_names=price_lag_1d return_1d return_3d return_7d return_14d return_30d return_60d price_std_7d price_std_14d price_std_20d price_std_30d price_std_60d price_zscore_30d vol_regime_60_30 trend_divergence_30_60 price_accel_7d price_log price_tier log_return_1d log_return_7d autocorr_1d autocorr_7d bb_pct_b bb_width rsi_14 macd_line macd_signal macd_histogram distance_to_support distance_to_resistance volume_missing volume_lag_1d volume_lag_7d volume_mean_30d volume_std_30d volume_std_60d volume_log_change_1d volume_log_change_7d volume_zscore_30d volume_price_conf_7d volume_price_conf_1d rsi_missing macd_missing dow_sin dow_cos events_next_30d_major events_next_30d_operation events_next_30d_case_drop events_next_30d_update events_next_30d_game_update item_type_graffiti item_type_skin item_type_sticker item_type_unknown item_volume_vs_market_30d
feature_infos=[0.029999999329447746:960.7130126953125] [-99.536705017089844:500] [-99.492156982421875:500] [-99.509979248046875:500] [-99.901214599609375:500] [-99.499412536621094:500] [-99.499412536621094:500] [0:167.40560913085938] [0:119.09705352783203] [0:135.57257080078125] [0:112.72939300537109] [0:97.889312744140625] [-4.8795590400695801:5.2946515083312988] [0.70205938816070557:761.94976806640625] [-112984214994944:140802198077440] [-599.50994873046875:534.69384765625] [-3.5065579414367676:6.86767578125] [0:4] [-5.3745660781860352:6.8952875137329102] [-5.3184762001037598:6.9452981948852539] [-49768.35546875:222115.390625] [-49754.98828125:50974.09765625] [-0.51409953832626343:1.5621322393417358] [0.0062784175388514996:17.437114715576172] [0:99.844482421875] [-24.604433059692383:40.936752319335938] [-25.746257781982422:26.537761688232422] [-17.223386764526367:29.474584579467773] [0.0070656398311257362:106457.8984375] [0.010915839113295078:106457.8984375] none [1:197735] [1:197735] [1:125869.734375] [0:64217.12890625] [0:67507.5625] [-6.4329400062561035:6.5171170234680176] [-6.0185933113098145:7.2102642059326172] [-4.1069283485412598:5.2931628227233887] [-99.499412536621094:500] [-99.341239929199219:500] [0:1] [0:1] [-0.97492790222167969:0.97492790222167969] [-0.90096884965896606:1] [0:1] [0:1] [0:1] none [0:2] [0:1] [0:1] [0:1] none [0.00099037075415253639:352.26205444335938]
tree_sizes=1683 1763 1756 1762 1749 1774 1760 1765 1778 1767 1772 1777 1790 1766 1777 1759 1760 1756 1769 1766 1776 1764 1772 1759 1781 1766 1762 1742 1770 1768 1764 1781 1792 1774 1763 1774 1788 1778 1777 1767 1782 1778 1777 1780 1774 1792 1777 1772 1774

Tree=0
num_leaves=15
num_cat=0
split_feature=0 32 12 29 49 22 16 52 27 22 45 23 5 54
split_gain=358.494 94.9066 67.4984 50.9741 50.9108 36.6997 35.0009 16.6097 13.9121 13.8725 10.766 8.37466 7.3376 7.12825
threshold=0.03024999983608723 49.500000000000007 -0.20435594022274015 38.781694412231452 1.5000000000000002 0.36530296504497534 -0.53358298540115345 1.0000000180025095e-35 0.00455154455266893 0.40069426596164709 1.0000000180025095e-35 0.23350359499454501 -32.528430938720696 0.53660017251968395
decision_type=2 2 2 2 2 2 2 2 2 2 2 2 2 2
left_child=9 2 3 11 6 -5 7 -3 13 -1 -6 -2 -8 -4
right_child=1 4 8 5 10 -7 12 -9 -10 -11 -12 -13 -14 -15
leaf_value=14.756270651807938 14.608938214316558 14.618520658131803 14.860303847408501 15.94459990932851 15.12003103574356 15.352751799813896 15.271597843953863 15.02513704818406 14.426242155382132 13.983279789870897 14.16088163824141 14.995529700038679 14.441203024722734 16.109004660197762
leaf_weight=1182.7321538329124 2101.517596244812 27237.755817830563 6286.1864921450615 3169.5155240893364 1204.0814591646194 2980.5137918591499 274.41718864440918 5394.6613990664482 2907.6573944687843 31644.048878073692 104.41666686534882 1767.4171015024185 15723.55079472065 85.414372384548187
leaf_count=942 2790 25128 5022 2000 1501 1081 182 4630 2524 36967 116 1925 17249 82
internal_value=14.5455 14.547 14.5493 14.5515 14.5461 14.5537 14.5459 14.5467 14.5469 14.5421 14.5537 14.548 14.5445 14.548
internal_weight=102064 69237.1 19298.2 10019 49938.9 6150.03 48630.4 32632.4 9279.26 32826.8 1308.5 3868.93 15998 6371.6
internal_count=102139 64230 15424 7796 48806 3081 47189 29758 7628 37909 1617 4715 17431 5104
is_linear=0
shrinkage=1


Tree=1
num_leaves=15
num_cat=0
split_feature=0 32 4 49 16 1 29 12 16 22 0 42 23 45
split_gain=340.266 81.3436 61.4039 47.6371 32.4432 22.855 19.3956 17.402 15.3675 13.8725 11.9999 10.6864 10.3279 10.2118
threshold=0.03024999983608723 49.500000000000007 -9.3748078346252424 1.5000000000000002 -1.012664198875427 -7.9082906246185294 14.95292377471924 -0.43000601232051844 -2.9141628742218013 0.40069426596164709 0.042249999940395362 1.0000000180025095e-35 0.35699190199375158 1.0000000180025095e-35
decision_type=2 2 2 2 2 2 2 2 2 2 2 2 2 2
left_child=9 2 5 4 10 7 -4 -2 -8 -1 -3 -6 -7 -5
right_child=1 3 6 13 11 12 8 -9 -10 -11 -12 -13 -14 -15
leaf_value=0.20266774343117699 2.0467077187740998 0.39924896240455104 0.065411739230090249 0.55236895473095105 -0.028400504678798014 0.24262720136432195 0.85154661099550799 0.92178081526820888 0.42590493571920834 -0.54044737487395544 0.10716680989253927 -0.2027488927987772 0.8561120311475362 -0.36970975679612011
leaf_weight=1182.7321538329124 1053.9744746088982 3095.4707396626472 5652.4498705267906 1204.0814591646194 17147.533763706684 1030.0755802989006 1346.5094531178474 324.26230353116989 7226.8320074081421 31644.048878073692 24850.106395244598 3537.27430164814 2664.1185832023621 104.41666686534882
leaf_count=942 710 2609 6334 1501 21043 1260 641 116 4842 36967 22027 1510 1521 116
internal_value=-8.9688e-05 0.00144633 0.0035779 0.000621342 0.000424111 0.00723344 0.00226954 0.0115212 0.00342929 -0.00333106 0.00128369 -0.000734401 0.00561272 0.00789538
internal_weight=102064 69237.1 19298.2 49938.9 48630.4 5072.43 14225.8 1378.24 8573.34 32826.8 27945.6 20684.8 3694.19 1308.5
internal_count=102139 64230 15424 48806 47189 3607 11817 826 5483 37909 24636 22553 2781 1617
is_linear=0
shrinkage=0.0386495


Tree=2
num_leaves=15
num_cat=0
split_feature=0 33 12 49 16 29 12 52 12 32 6 7 1 11
split_gain=323.654 70.4162 67.5317 41.9365 37.3389 34.0836 15.5942 14.3172 13.8347 13.3675 12.3919 10.7026 8.09696 6.99515
threshold=0.03024999983608723 32.069047927856452 -0.43000601232051844 1.5000000000000002 -1.012664198875427 36.00378608703614 -1.2293733954429624 1.0000000180025095e-35 -0.35529348254203791 88.500000000000014 -7.6906502246856681 0.44437283277511602 21.059002876281742 0.0061138204764574775
decision_type=2 2 2 2 2 2 2 2 2 2 2 2 2 2
left_child=8 2 5 4 9 13 -7 -6 -1 -3 11 -4 -12 -2
right_child=1 3 10 -5 7 6 -8 -9 -10 -11 12 -13 -14 -15
leaf_value=0.066002892851534045 0.92725181338452356 0.31297140325144107 0.32885818237245912 0.48872517856267045 -0.069516911966106487 1.7202406240121781 1.4022305209991279 0.28546300585383044 -0.51955933076718397 0.0951479295509636 0.31297140325144107 1.0868835016775666 -0.57170181508909235 0.20377528906781672
leaf_weight=1582.0846847891808 105.68099707365036 11262.10814589262 1189.2660208940506 1459.9899268746376 21683.203635334969 548.89520066976547 2041.2322632670403 2385.8277231454849 31244.696347117424 21461.325569748878 4695.1961985826492 324.37296575307846 838.15110558271408 1241.8558461666107
leaf_count=1256 71 7851 839 1751 24396 468 1034 2036 36653 20086 3731 127 338 1502
internal_value=-0.000169819 0.00132821 0.00416757 0.000791668 0.000624148 0.00822477 0.0108267 -0.000529585 -0.00333106 0.0014745 0.00189061 0.00499712 0.00102886 0.003172
internal_weight=102064 69237.1 10984.7 58252.5 56792.5 3937.66 2590.13 24069 32826.8 32723.4 7046.99 1513.64 5533.35 1347.54
internal_count=102139 64230 8110 56120 54369 3075 1502 26432 37909 27937 5035 966 4069 1573
is_linear=0
shrinkage=0.0386495


Tree=3
num_leaves=15
num_cat=0
split_feature=7 32 4 49 16 2 23 22 52 24 35 28 24 34
split_gain=311.487 65.483 55.1014 35.2936 25.3481 18.0484 14.9087 20.2246 14.1627 10.3214 10.1869 6.97293 5.61116 6.93779
threshold=1.0000000180025095e-35 49.500000000000007 -9.3748078346252424 1.5000000000000002 -0.31129217147827143 -9.5231084823608381 0.24095628410577777 0.38875257968902593 1.0000000180025095e-35 42.944213867187507 11.281390666961672 27.908357620239261 46.30476379394532 271.89605712890631
decision_type=2 2 2 2 2 2 2 2 2 2 2 2 2 2
left_child=12 2 5 4 8 10 -4 -8 -3 -7 -2 -6 13 -1
right_child=1 3 6 -5 11 9 7 -9 -10 -11 -12 -13 -14 -15
leaf_value=-0.32304350133923043 2.3942999325235608 0.047500452616073364 0.0049957138055742702 0.44217725902979649 -0.12009689904125113 0.42984518358574247 0.95569481369749731 0.38509350631922534 0.41727037068768041 1.234082530116694 0.67337957727930298 0.11413537517140818 -0.4994786000213261 1.0941063692097552
leaf_weight=318.67478919029236 697.84270745515823 30091.100824534893 4681.9331161379814 1317.4092970490456 12905.394566774368 2342.5848981738091 1947.1329464912415 8131.8279046416283 5925.0659738779068 1252.4495619535446 958.61051189899445 1374.7138178944588 30040.995105624199 78.150609195232391
leaf_count=306 409 27600 5907 1629 14643 2083 1271 5022 5056 576 627 862 36080 68
internal_value=-0.000191405 0.00119987 0.00307703 0.000470818 0.000305908 0.00648091 0.00186139 0.00269853 0.000853138 0.00490587 0.00985427 -0.00107014 -0.00346711 0.000981559
internal_weight=102064 71626.1 20012.4 51613.7 50296.3 5251.49 14760.9 10079 36016.2 3595.03 1656.45 14280.1 30437.8 396.825
internal_count=102139 65685 15895 49790 48161 3695 12200 6293 32656 2659 1036 15505 36454 374
is_linear=0
shrinkage=0.0386495


Tree=4
num_leaves=15
num_cat=0
split_feature=7 33 22 49 1 29 9 12 32 1 23 11 29 26
split_gain=300.375 57.5964 55.0301 32.3935 24.9848 22.878 20.4767 16.9631 11.4354 8.05457 6.86631 6.61441 6.31371 7.1474
threshold=1.0000000180025095e-35 32.069047927856452 0.40069426596164709 1.5000000000000002 -4.0450160503387442 36.00378608703614 0.038039643317461021 -1.2293733954429624 113.50000000000001 21.059002876281742 0.257510855793953 0.014828115701675417 72.318859100341811 0.0019237610977143051
decision_type=2 2 2 2 2 2 2 2 2 2 2 2 2 2
left_child=-1 2 5 4 8 11 -6 -7 -3 10 -4 -2 -5 -14
right_child=1 3 9 12 6 7 -8 -9 -10 -11 -12 -13 13 -15
leaf_value=-0.48017398034384651 0.54657274738310013 0.38316541246656649 -0.0084557617338164928 0.35205466192233154 0.07383809633716186 1.5397575591616659 -0.080062583110898533 1.1608443550581917 0.096107518561820982 -0.46482494327990004 0.47478974791877065 0.12688859001169631 1.9537545633668971 0.2050272458308664
leaf_weight=30437.820504009724 355.59282726049423 5991.1295219063759 1582.9926362633705 1306.6157140135765 30631.347622334957 562.75132113695145 18155.9118450284 2424.7780019044876 4067.1313533782959 942.10025650262833 4337.8214037418365 1100.966458261013 102.48321902751923 64.443946123123169
leaf_count=36454 352 3896 1843 1689 31639 481 16361 1164 3643 398 2835 1305 52 27
internal_value=-0.000247747 0.00111847 0.00365071 0.000642721 0.000499807 0.00700392 0.000136901 0.00894941 0.00225393 0.00146948 0.00200231 0.00296699 0.00630227 0.013581
internal_weight=102064 71626.1 11307 60319.1 58845.5 4444.09 48787.3 2987.53 10058.3 6862.91 5920.81 1456.56 1473.54 166.927
internal_count=102139 65685 8378 57307 55539 3302 48000 1645 7539 5076 4678 1657 1768 79
is_linear=0
shrinkage=0.0386495


Tree=5
num_leaves=15
num_cat=0
split_feature=7 1 49 23 54 16 22 16 33 9 4 24 11 45
split_gain=287.22 52.4182 25.5182 24.5722 24.4694 20.3544 20.0324 16.8357 14.4617 9.82636 9.75945 9.08292 5.43182 4.72827
threshold=1.0000000180025095e-35 -4.0450160503387442 1.5000000000000002 0.23350359499454501 0.12249751016497613 -0.076341379433870302 0.4413855522871018 -2.9141628742218013 46.416667938232429 0.021446506492793563 -5.6843996047973624 71.922302246093764 1.0000000180025095e-35 1.0000000180025095e-35
decision_type=2 2 2 2 2 2 2 2 2 2 2 2 2 2
left_child=12 4 3 5 6 -3 7 -2 -5 11 -11 -6 -1 -4
right_child=1 2 13 8 9 -7 -8 -9 -10 10 -12 -13 -14 -15
leaf_value=-0.46161547539656006 1.2760080014710575 0.032747741907637053 0.45312291085190243 0.37410968456754573 0.34585932481973414 -0.13637197163316944 0.27787420526251122 0.66791058715223972 0.094812595494019061 0.25676032988139297 -0.11476304436643374 4.6509215482217865 -0.46161547539656006 -0.29141301503030337
leaf_weight=25006.957535266876 983.39319449663162 19512.327023744583 1265.7902268767357 8615.5793562531471 4034.4615408778191 10082.300771653652 1563.2796987891197 2807.1242483854294 18548.737333655357 1595.1446640491486 2631.2237195372581 56.811465084552765 5543.5091626644135 91.23148387670517
leaf_count=32367 542 21540 1547 5621 3868 12781 1053 1905 14231 1238 1356 26 4082 111
internal_value=-0.000313952 0.00102116 0.000513371 0.000386944 0.00317508 -0.000382001 0.0052188 0.00674092 0.00122679 0.00185171 0.000527761 0.00320428 -0.00345295 0.00575029
internal_weight=102338 71787.4 58116 56758.9 13671.4 29594.6 5353.8 3790.52 27164.3 8317.64 4226.37 4091.27 30550.5 1357.02
internal_count=102268 65819 55831 54173 9988 34321 3500 2447 19852 6488 2594 3894 36449 1658
is_linear=0
shrinkage=0.0386495


Tree=6
num_leaves=15
num_cat=0
split_feature=7 1 54 16 22 29 37 16 49 9 13 42 32 28
split_gain=278.46 46.9149 24.1405 22.5499 19.2214 18.256 17.6169 14.7752 13.84 9.11063 7.94158 7.83775 7.53849 7.07733
threshold=1.0000000180025095e-35 -4.0450160503387442 0.12249751016497613 -0.37906689941883082 0.4413855522871018 90.205516815185561 0.48321945965290075 -2.9141628742218013 1.5000000000000002 0.021446506492793563 8.9345102310180682 1.0000000180025095e-35 107.50000000000001 42.753673553466804
decision_type=2 2 2 2 2 2 2 2 2 2 2 2 2 2
left_child=-1 2 4 6 7 11 8 -2 -3 12 -11 -5 -4 -7
right_child=1 3 9 5 -6 13 -8 -9 -10 10 -12 -13 -14 -15
leaf_value=-0.44377424818604688 1.2266908752262742 0.069623055062561306 0.5850457506328538 -0.051906287581024738 0.26713449419071433 0.54173477424097449 0.40800408482272077 0.64209614812925542 0.47987589913244172 0.019640540278791675 0.75287222155770317 -0.27250339973210191 0.18125465815594377 -0.49527526585868076
leaf_weight=30550.46669793129 983.39319449663162 32745.753628492355 1793.409320294857 16026.746490955353 1563.2796987891197 1553.8142498135567 4447.5130970478058 2807.1242483854294 793.60796719789505 4158.894088447094 67.474295139312744 2288.0022423863411 2297.8636856675148 260.52852016687393
leaf_count=36449 542 29390 1386 20104 1053 516 3795 1905 942 2573 21 1025 2508 59
internal_value=-0.00036042 0.000954155 0.0029919 0.000473703 0.00502132 -0.000570269 0.00102843 0.00651212 0.000723014 0.00167777 0.000402962 -0.000939144 0.00297967 0.00311833
internal_weight=102338 71787.4 13671.4 58116 5353.8 20129.1 37986.9 3790.52 33539.4 8317.64 4226.37 18314.7 4091.27 1814.34
internal_count=102268 65819 9988 55831 3500 21704 34127 2447 30332 6488 2594 21129 3894 575
is_linear=0
shrinkage=0.0386495


Tree=7
num_leaves=15
num_cat=0
split_feature=7 1 52 54 12 32 16 49 29 20 13 32 34 25
split_gain=270.914 42.7526 23.766 21.3013 18.6702 17.9089 17.2041 15.9947 15.6315 8.41085 7.83548 6.18273 13.1245 5.61651
threshold=1.0000000180025095e-35 -4.0450160503387442 1.0000000180025095e-35 0.12249751016497613 -0.65789130330085743 49.500000000000007 -2.6557012796401973 1.5000000000000002 21.331123352050785 2.5391430854797368 1.7249594330787661 107.50000000000001 234.11067962646487 -1.3844031343523963e-07
decision_type=2 2 2 2 2 2 2 2 2 2 2 2 2 2
left_child=13 3 5 4 6 8 -2 -7 -3 -6 -4 12 -5 -1
right_child=1 2 10 11 9 7 -8 -9 -10 -11 -12 -13 -14 -15
leaf_value=-0.42662257625550715 1.2451812372034825 -0.015901743926492042 0.46976154776877638 0.25308433042094602 0.30363445748833168 -0.033293976645956895 0.5237044457018778 0.31142216576904214 0.3876350231703044 1.3506007422553972 0.11701854525790854 0.070192757897072189 2.0107688222372482 -0.42662257625550715
leaf_weight=7098.8535594940186 707.88937443494797 5038.5211230516434 6296.0783634781837 3743.4758974909782 2604.9001905322075 36920.410576105118 1253.8688107132912 952.34578186273575 6284.5894675850868 787.1387659907341 2624.0208839774132 4309.1546712517738 265.01082080602646 23451.613138437271
leaf_count=6034 528 5809 5749 2582 1432 37417 1109 1258 3565 431 2033 3838 68 30415
internal_value=-0.000393805 0.000902822 0.000444128 0.0028481 0.00475491 0.000110044 0.00777362 -0.000291907 0.00145939 0.00298843 0.00227972 0.00161293 0.00270912 -0.00344237
internal_weight=102338 71787.4 58116 13671.4 5353.8 49195.9 1961.76 37872.8 11323.1 3392.04 8920.1 8317.64 4008.49 30550.5
internal_count=102268 65819 55831 9988 3500 48049 1637 38675 9374 1863 7782 6488 2650 36449
is_linear=0
shrinkage=0.0386495


Tree=8
num_leaves=15
num_cat=0
split_feature=7 23 32 22 52 1 11 42 0 0 11 23 11 36
split_gain=265.632 38.8686 34.1407 30.963 17.8447 17.0031 16.2575 13.713 13.7034 11.7438 10.3682 9.83691 5.92875 4.57604
threshold=1.0000000180025095e-35 0.22633107751607898 49.500000000000007 0.36530296504497534 1.0000000180025095e-35 21.059002876281742 0.010680563282221557 1.0000000180025095e-35 0.72749999165534984 0.3432499915361405 0.20722714066505435 0.42094911634922033 1.0000000180025095e-35 0.6443997621536256
decision_type=2 2 2 2 2 2 2 2 2 2 2 2 2 2
left_child=12 4 3 9 8 -5 11 -8 10 -3 -2 -4 -1 -6
right_child=1 2 6 5 13 -7 7 -9 -10 -11 -12 -13 -14 -15
leaf_value=-0.41013380860842985 0.0084026881001214287 0.91052507440858221 0.20954380521297952 0.41851363727256841 0.28404855890499048 -0.63523741152265034 0.1036503934253496 -0.3732439528669142 -0.10487993306460083 0.34640517572892282 0.39726942934476761 1.8898314924431849 -0.41013380860842985 0.60445044474499943
leaf_weight=25006.957535266876 17240.545372724533 2831.8913533091545 2953.4920305609703 9440.0630354881287 3195.4327995181084 1223.8697525858879 16307.052733957767 3329.7919041514397 11952.316215157509 1574.3206379413605 414.79263716936111 1033.9144848585129 5543.5091626644135 289.92176985740662
leaf_count=32367 19146 2146 3359 5758 3180 509 12210 1131 15572 1388 123 981 4082 316
internal_value=-0.000423683 0.000860229 0.00169198 0.00313053 -0.000110602 0.00199551 0.00077168 0.000311379 -0.000420262 0.0058622 0.00026111 0.00302271 -0.00344237 0.00250203
internal_weight=102338 71787.4 38694.4 15070.1 33093 10663.9 23624.3 19636.8 29607.7 4406.21 17655.3 3987.41 30550.5 3485.35
internal_count=102268 65819 27482 9801 38337 6267 17681 13341 34841 3534 19269 4340 36449 3496
is_linear=0
shrinkage=0.0386495


Tree=9
num_leaves=15
num_cat=0
split_feature=7 1 37 49 54 12 16 16 23 2 28 27 11 38
split_gain=256.827 34.4081 20.1435 17.1741 15.9658 17.8676 15.0087 12.5357 7.93346 11.3506 6.04607 6.03796 5.92875 5.28744
threshold=1.0000000180025095e-35 -4.0450160503387442 0.39774259924888616 1.5000000000000002 0.12249751016497613 -0.81708550453186024 -1.1417810916900633 -2.6557012796401973 0.90654444694519054 -23.380195617675778 3.5091615915298466 0.0036912910873070364 1.0000000180025095e-35 -1.0176488161087034
decision_type=2 2 2 2 2 2 2 2 2 2 2 2 2 2
left_child=12 4 3 6 5 7 -3 -2 9 -6 -10 -4 -1 -5
right_child=1 2 11 13 8 -7 -8 -9 10 -11 -12 -13 -14 -15
leaf_value=-0.39428232429714227 1.192774738495348 0.077361815138274115 0.31615782175674551 0.58475866587331637 0.97983142870913853 0.45631266283498517 -0.05965160844696115 0.4731440130460573 0.46405366673362525 0.2159642232636288 -0.080781135799411596 -0.021924926964633971 -0.39428232429714227 0.25970001058459158
leaf_weight=25006.957535266876 570.73308002948761 24913.450157940388 6431.5404602885246 249.47920501232147 161.65347772836685 3767.9104229211807 24142.589627027512 1015.1536387205124 117.37989789247513 5747.8404810428619 2290.7675328850746 1396.2004760503769 5543.5091626644135 982.70626974105835
leaf_count=32367 440 21020 5960 279 117 2124 26093 936 40 5647 684 1247 4082 1232
internal_value=-0.000474155 0.000788279 0.000376666 9.15377e-05 0.00253346 0.0041853 -2.0573e-05 0.00764529 0.0014625 0.00222575 -0.000386731 0.00220053 -0.00344237 0.00459469
internal_weight=102338 71787.4 58116 50288.2 13671.4 5353.8 49056 1585.89 8317.64 5909.49 2408.15 7827.74 30550.5 1232.19
internal_count=102268 65819 55831 48624 9988 3500 47113 1376 6488 5764 724 7207 36449 1511
is_linear=0
shrinkage=0.0386495


Tree=10
num_leaves=15
num_cat=0
split_feature=7 23 32 6 11 42 2 16 36 52 54 49 25 29
split_gain=253.023 37.7094 28.0482 20.9753 18.8636 17.2256 15.6384 15.3868 14.8931 7.42471 7.33619 7.08443 6.08775 4.7832
threshold=1.0000000180025095e-35 0.21952228993177417 22.500000000000004 -10.868714332580565 0.011710876598954202 1.0000000180025095e-35 -23.380195617675778 0.52502429485321056 1.5739262104034426 1.0000000180025095e-35 0.059510027989745147 1.5000000000000002 -1.3844031343523963e-07 7.2611877918243417
decision_type=2 2 2 2 2 2 2 2 2 2 2 2 2 2
left_child=12 7 3 6 8 -6 -3 9 -4 11 -5 -2 -1 -11
right_child=1 2 4 10 5 -7 -8 -9 -10 13 -12 -13 -14 -15
leaf_value=-0.37904349261189285 -0.0096314406927110602 1.4033101030907158 0.42170383471482931 0.29986486805646312 0.12377696180340207 -0.34063898104823903 0.62215219208151562 -0.12182954900206348 6.6943733729239288 0.50484034933651512 0.71066401058004391 0.25839409820652731 -0.37904349261189285 0.16515486645611063
leaf_weight=6996.0798261761665 20471.360868036747 291.52525186538696 5493.8824531435966 4200.7114067077637 22746.069843709469 3662.4786599874496 1772.0308973193169 7799.9131406545639 118.58480072021484 806.47136640548706 1440.0867835283279 643.74438381195068 23605.847100436687 2174.2384188771248
leaf_count=5980 23282 133 6006 2864 15910 1289 1276 9987 86 868 1047 868 30365 2215
internal_value=-0.000491864 0.000764392 0.00155921 0.00365568 0.00105278 0.000617461 0.00700337 -0.000223747 0.00308983 0.000257166 0.00241868 0 -0.00343377 0.00206221
internal_weight=102223 71621.1 39725.4 7704.35 32021 26408.5 2063.56 31895.7 5612.47 24095.8 5640.8 21115.1 30601.9 2980.71
internal_count=102176 65831 28611 5320 23291 17199 1409 37220 6092 27233 3911 24150 36345 3083
is_linear=0
shrinkage=0.0386495


Tree=11
num_leaves=15
num_cat=0
split_feature=7 31 52 29 12 16 11 35 23 13 42 25 29 34
split_gain=245.745 34.7227 23.8898 21.1154 17.5817 16.8033 11.3831 9.06569 8.99913 8.47352 8.46944 6.08775 5.9612 5.30687
threshold=1.0000000180025095e-35 28.500000000000004 1.0000000180025095e-35 28.002732276916507 -1.1781969666481016 -0.31129217147827143 0.0098722274415195006 8.6052389144897479 1.6339424252510073 1.7249594330787661 1.0000000180025095e-35 -1.3844031343523963e-07 7.6927847862243661 66.972930908203139
decision_type=2 2 2 2 2 2 2 2 2 2 2 2 2 2
left_child=11 3 5 13 7 8 -6 -5 -3 12 -7 -1 -4 -2
right_child=1 2 9 4 6 10 -8 -9 -10 -11 -12 -13 -14 -15
leaf_value=-0.3643936348086082 0.069427195170610453 0.067689543413493897 1.3315557726451486 1.2016591830987149 0.86891880241540465 -0.044301679839116988 0.52067106268286367 0.81630193943451645 -0.097479919144168314 0.09214432599384724 -0.24518093997330509 -0.3643936348086082 0.4376353642196032 1.9240732013870221
leaf_weight=6996.0798261761665 4999.210530102253 29404.350458741188 862.5676474571228 252.94788825511932 651.69969207048416 13857.027927935123 5045.9708780050278 467.13971966505051 5554.1415822505951 2737.4590532779694 2484.2768670916557 23605.847100436687 5162.7765741348267 141.52945578098297
leaf_count=5980 5093 30172 850 224 535 17098 2356 460 1182 2073 1099 30365 4535 154
internal_value=-0.000534501 0.000703538 0.000329078 0.00264397 0.00412426 9.33591e-06 0.00338717 0.00985071 0.000488698 0.00219389 -0.00101254 -0.00343377 0.00300524 0.000783806
internal_weight=102223 71621.1 60062.6 11558.5 6417.76 51299.8 5697.67 720.088 34958.5 8762.8 16341.3 30601.9 6025.34 5140.74
internal_count=102176 65831 57009 8822 3575 49551 2891 684 31354 7458 18197 36345 5385 5247
is_linear=0
shrinkage=0.0386495


Tree=12
num_leaves=15
num_cat=0
split_feature=7 23 11 32 16 1 42 12 42 41 38 36 49 26
split_gain=238.76 31.3851 28.7649 19.0007 16.1473 15.4351 14.6939 14.6415 11.2593 9.59687 7.99998 7.74027 6.36321 5.39373
threshold=1.0000000180025095e-35 0.27744746208190924 0.011710876598954202 31.500000000000004 -0.14329333603382108 -6.0567846298217765 1.0000000180025095e-35 -0.46633283793926233 1.0000000180025095e-35 1.0000000180025095e-35 -0.21507174521684644 0.97554689645767223 1.5000000000000002 -3.2586838116799293e-08
decision_type=2 2 2 2 2 2 2 2 2 2 2 2 2 2
left_child=13 4 5 7 10 8 -5 -4 -3 -7 11 -2 -6 -1
right_child=1 2 3 6 12 9 -8 -9 -10 -11 -12 -13 -14 -15
leaf_value=-0.35030998731585433 -0.026335375913584147 0.76351989659396213 0.72559116652705469 0.11637686885841801 -0.10135443444489403 0.41110087545254881 -0.33876299532092113 0.27961346025036532 4.1172659010791701 9.1460713294613996 0.084012451763868082 0.3990829809315446 0.24162297396054983 -0.35030998731585433
leaf_weight=6928.2198380231857 13380.245257675648 1065.2466753721237 2516.9191703796387 16572.904053092003 12483.745935618877 3918.6648226976395 3241.8318001031876 5221.6454381346703 141.52600961923599 146.2900123000145 12466.391990244389 59.647160232067108 406.03994929790497 23673.707088589668
leaf_count=6238 14328 1068 1582 10507 15686 4061 1128 2615 57 53 14135 48 563 30107
internal_value=-0.000575143 0.000645157 0.00152481 0.0010214 -9.76545e-05 0.00414358 0.000383595 0.00264649 0.00800812 0.00297867 0.000456905 -0.000193525 -0.00121662 -0.0034329
internal_weight=102223 71621.1 32825 27553.3 38796.1 5271.73 19814.7 7738.56 1206.77 4064.95 25906.3 13439.9 12889.8 30601.9
internal_count=102176 65831 21071 15832 44760 5239 11635 4197 1125 4114 28511 14376 16249 36345
is_linear=0
shrinkage=0.0386495


Tree=13
num_leaves=15
num_cat=0
split_feature=8 52 31 6 49 16 1 16 32 35 38 5 27 13
split_gain=230.756 28.9656 20.471 17.4621 13.4587 13.2127 12.6943 13.7848 13.7019 9.35311 8.34232 6.25248 6.10824 5.09951
threshold=1.0000000180025095e-35 1.0000000180025095e-35 28.500000000000004 -9.9976644515991193 1.5000000000000002 -0.31129217147827143 -2.040133953094482 -2.9907571077346797 113.50000000000001 4.7085537910461435 0.040920976549386985 62.073150634765632 0.00025402406754437839 1.1511833667755129
decision_type=2 2 2 2 2 2 2 2 2 2 2 2 2 2
left_child=-1 2 3 -2 5 -4 7 8 -3 -9 11 -8 -5 -12
right_child=1 6 4 12 -6 -7 10 9 -10 -11 13 -13 -14 -15
leaf_value=-0.33677066636383246 0.54431237485141482 2.1272986694950315 0.024005575132233122 0.32677810026836451 0.29173297952427324 -0.079794018824780266 0.054181022805835186 1.1080008796343035 0.38530932461671413 0.34692720170193964 1.1797514779552238 1.1499004652183789 -0.1208014590505648 0.29109169462233137
leaf_weight=29203.610095739365 2172.6332892775536 702.3137538433075 35097.097976207733 3851.742947280407 1199.9269357323647 15917.814440369606 5514.3223147392273 66.334185838699341 415.47461539506912 2905.9670431017876 1190.1259725093842 244.56755709648132 2436.5989653468132 1304.4951089024544
leaf_count=35463 1497 481 30874 2663 1487 17637 4637 34 434 2506 1090 163 1938 1272
internal_value=-0.000610486 0.000550146 0.000201866 0.00196548 -8.28668e-05 -0.00017919 0.00225713 0.00402481 0.00770764 0.00261607 0.00137336 0.000552039 0.000921388 0.00324423
internal_weight=102223 73019.4 60675.8 8460.98 52214.8 51014.9 12343.6 4090.09 1117.79 2972.3 8253.51 5758.89 6288.34 2494.62
internal_count=102176 66713 56096 6098 49998 48511 10617 3455 915 2540 7162 4800 4601 2362
is_linear=0
shrinkage=0.0386495


Tree=14
num_leaves=15
num_cat=0
split_feature=7 23 11 32 4 23 35 16 42 37 25 49 13 20
split_gain=226.424 26.4288 19.862 15.8172 14.6721 13.2457 27.3993 12.48 11.9817 7.56518 6.12457 5.91486 5.76107 3.49596
threshold=1.0000000180025095e-35 0.21952228993177417 0.0098722274415195006 49.500000000000007 3.0376486778259282 0.44955436885356909 164.09745025634768 0.52502429485321056 1.0000000180025095e-35 0.32857231795787817 -1.3844031343523963e-07 1.5000000000000002 0.7072756588459016 39.140926361083991
decision_type=2 2 2 2 2 2 2 2 2 2 2 2 2 2
left_child=10 7 5 4 -4 13 -7 9 -5 11 -1 -2 -11 -3
right_child=1 2 3 8 -6 6 -8 -9 -10 12 -12 -13 -14 -15
leaf_value=-0.32375463398044796 -0.017671745217909672 0.2563068475222382 0.50706968906054706 0.07250261079324373 0.028260077468267572 0.72377874077302107 4.1054027833064808 -0.11495198184356607 -0.32310164457042773 0.47661078543849267 -0.32375463398044796 0.22990744998535681 0.16130648040137743 0.70483889504072761
leaf_weight=6996.0798261761665 20428.419397711754 3901.3242924809456 8100.1805950403214 17174.718801736832 5181.6336323022842 1499.549664914608 306.49721264839172 7799.9131406545639 3268.7825688719749 62.98445850610733 23605.847100436687 655.44907432794571 2948.9621065855026 292.68332898616791
leaf_count=5980 22732 4487 4958 13104 3071 1255 258 9987 1139 43 30365 880 3578 339
internal_value=-0.000649989 0.000538333 0.00120386 0.000836912 0.00187565 0.00325577 0.0060382 -0.000288767 0.000159107 0.000144024 -0.0034329 -0.000112282 0.00195631 0.00204146
internal_weight=102223 71621.1 39725.4 33725.3 13281.8 6000.05 1806.05 31895.7 20443.5 24095.8 30601.9 21083.9 3011.95 4194.01
internal_count=102176 65831 28611 22272 8029 6339 1513 37220 14243 27233 36345 23612 3621 4826
is_linear=0
shrinkage=0.0386495


Tree=15
num_leaves=15
num_cat=0
split_feature=8 1 5 52 27 32 49 23 29 11 36 23 54 43
split_gain=229.433 30.1227 18.8457 17.9786 13.9333 11.5656 10.7825 11.9132 7.99632 7.38731 7.0052 6.3324 5.81871 5.60479
threshold=1.0000000180025095e-35 -6.8473970890045157 -13.945504665374754 1.0000000180025095e-35 -0.020626285113394257 7.5000000000000009 1.5000000000000002 0.1386688053607941 60.612764358520515 0.011710876598954202 0.72401413321495067 0.29950104653835302 0.12249751016497613 -0.87837970256805409
decision_type=2 2 2 2 2 2 2 2 2 2 2 2 2 2
left_child=-1 2 4 6 5 -2 7 -3 -6 11 -5 -4 -11 -12
right_child=1 3 9 10 8 -7 -8 -9 -10 12 13 -13 -14 -15
leaf_value=-0.31124166530161507 0.6413707893503906 -0.0820625379817254 0.14874968152576043 0.24103858293180394 0.25541514891265665 3.0593414941828057 0.29268994435249979 0.028930829292572346 0.88819659048331312 0.42927817220821379 2.9857101380645821 0.92165181096213022 -0.023871427576019615 0.50889132360719669
leaf_weight=28872.508060634136 89.924185812473297 14158.725744307041 592.68657237291336 9418.6811485290527 766.00515276193619 111.19628715515137 1255.984483063221 39273.089602410793 917.15105038881302 2090.6253126263618 176.33206987380981 731.02175945043564 2817.7292269468307 897.70052719116211
leaf_count=35310 34 17199 617 8212 719 53 1540 33784 476 1081 138 662 1320 781
internal_value=-0.000634775 0.000514056 0.00273481 0.000236561 0.00613178 0.0158356 -4.35927e-05 -0.000127905 0.00492044 0.0016968 0.00170197 0.00427041 0.000989466 0.00467892
internal_weight=102169 73296.9 8116.34 65180.5 1884.28 201.12 54687.8 53431.8 1683.16 6232.06 10492.7 1323.71 4908.35 1074.03
internal_count=101926 66616 4962 61654 1282 87 52523 50983 1195 3680 9131 1279 2401 919
is_linear=0
shrinkage=0.0386495


Tree=16
num_leaves=15
num_cat=0
split_feature=8 1 5 52 29 32 5 1 13 5 51 44 36 16
split_gain=226.381 27.3016 17.0867 16.3578 11.0572 9.85749 9.47235 9.0768 7.2611 7.61635 7.04069 6.01931 5.82082 5.04115
threshold=1.0000000180025095e-35 -6.8473970890045157 -11.938658714294432 1.0000000180025095e-35 60.612764358520515 49.500000000000007 -42.347188949584954 21.059002876281742 1.7249594330787661 40.288143157958991 1.0000000180025095e-35 -0.56174489110708226 1.5739262104034426 -2.6557012796401973
decision_type=2 2 2 2 2 2 2 2 2 2 2 2 2 2
left_child=-1 2 4 5 -2 7 -7 -3 12 -10 13 -6 -5 -4
right_child=1 3 10 8 11 6 -8 -9 9 -11 -12 -13 -14 -15
leaf_value=-0.29921231714500429 0.29681559981716998 0.15750713395540239 0.93087034281427306 0.37834580692519193 0.5260425823869983 0.96960917107587585 -0.034308676037252024 -0.67430327008677293 -0.060246585387369114 1.9379891722773013 0.14955751147767729 1.4029538818134533 3.0482907382131574 0.31032307813132542
leaf_weight=28872.508060634136 930.07770621776581 11996.724472522736 758.89246565103531 7199.0291190743446 353.35990500450134 578.81573265790939 40960.66505664587 1151.5945679545403 3050.0414302945137 68.217790961265564 4416.590684235096 839.18665397167206 175.42540526390076 818.23213243484497
leaf_count=35310 893 10148 585 6609 171 325 41656 394 2334 45 2392 397 143 524
internal_value=-0.000654259 0.000486897 0.00260113 0.00022267 0.00558993 -4.45113e-05 -0.000337458 0.000876497 0.00162048 3.78605e-05 0.00153149 0.00807142 0.00228163 0.00375546
internal_weight=102169 73296.9 8116.34 65180.5 2122.62 54687.8 41539.5 13148.3 10492.7 3118.26 5993.72 1192.55 7374.45 1577.12
internal_count=101926 66616 4962 61654 1461 52523 41981 10542 9131 2379 3501 568 6752 1109
is_linear=0
shrinkage=0.0386495


Tree=17
num_leaves=15
num_cat=0
split_feature=16 12 52 31 35 16 5 23 23 16 31 26 24 35
split_gain=223.45 25.576 24.2992 15.8378 13.7759 13.5721 12.5545 10.7739 10.6621 15.2596 14.5401 10.1264 9.04247 7.85255
threshold=-3.498293280601501 -0.62096670269966114 1.0000000180025095e-35 28.500000000000004 42.66217231750489 -0.67432591319084156 1.0000000180025095e-35 0.48329836130142217 0.44955436885356909 -3.0737084150314327 203.50000000000003 0.019222303293645385 42.944213867187507 4.7085537910461435
decision_type=2 2 2 2 2 2 2 2 2 2 2 2 2 2
left_child=1 4 3 6 12 11 7 -2 -4 10 -10 -5 -1 -11
right_child=2 -3 8 5 -6 -7 -8 -9 9 13 -12 -13 -14 -15
leaf_value=2.6512874483144584 0.11088240400785578 -0.28764789779839944 0.20729090142925369 0.04009482036889233 -0.026529871678306501 -0.062767978059214552 0.030247520606445016 0.9024038360744806 0.78140660348526891 -0.36185160865968213 2.3603890275746511 0.40614545521358247 0.25487854857257369 0.49442997394977345
leaf_weight=148.31149423122406 2210.8240907788277 32410.098846077919 6996.9105730652809 29094.01126396656 629.91493862867355 19491.63680356741 3583.8700336813927 2412.8807443380356 434.785315990448 131.21626877784729 186.68790239095688 883.45926088094711 139.15616899728775 3415.5974781513214
leaf_count=85 2306 36980 6848 26724 601 21721 2605 948 322 55 107 328 98 2198
internal_value=-0.000680795 -0.00327872 0.000576119 0.000255467 0.00304662 -4.26618e-06 0.00182762 0.00315841 0.00222699 0.00378135 0.00939885 0.000510754 0.010028 0.00277597
internal_weight=102169 33327.5 68841.9 57676.7 917.383 49469.1 8207.57 4623.7 11165.2 4168.29 621.473 29977.5 287.468 3546.81
internal_count=101926 37764 64162 54632 784 48773 5859 3254 9530 2682 429 27052 183 2253
is_linear=0
shrinkage=0.0386495


Tree=18
num_leaves=15
num_cat=0
split_feature=16 12 1 16 36 54 5 26 29 15 13 12 49 51
split_gain=220.488 23.1385 21.4978 15.3391 13.6032 11.7388 11.2894 12.5129 10.5557 11.0248 9.59803 9.44723 8.52328 6.02412
threshold=-3.498293280601501 -0.62096670269966114 -6.8473970890045157 -0.14329333603382108 0.83317095041275036 0.36059281229972845 -15.043768882751463 -3.6327273846836754e-05 122.035701751709 -21.639245986938473 1.5530831813812258 -0.23443175107240674 1.5000000000000002 1.0000000180025095e-35
decision_type=2 2 2 2 2 2 2 2 2 2 2 2 2 2
left_child=1 5 6 4 12 -1 7 -2 9 -5 -9 -10 -4 -8
right_child=2 -3 3 8 -6 -7 13 10 11 -11 -12 -13 -14 -15
leaf_value=2.6059820486543575 0.44121774579301859 -0.2765304379757213 0.052334921493284788 0.59413603262315351 0.54624509055022241 -0.091432962500596765 0.64546531501601279 2.7364524724695616 0.71215068988573538 -0.090422414756738415 -0.24109836516405092 -0.095123656013710811 0.43626241211149619 0.15397902861737658
leaf_weight=417.52296835184097 1327.0066403746605 32410.098846077919 39640.114834904671 759.2297990322113 1863.3713180422783 499.85963350534439 1568.2557735443115 291.88212692737579 886.43768405914307 16197.807178676128 69.285013973712921 882.80199062824249 960.68979787826538 4394.997577548027
leaf_count=294 974 36980 37039 590 1499 490 1096 138 284 18704 42 194 1121 2481
internal_value=-0.00070611 -0.00328674 0.000542435 0.000299803 0.000706798 0.00272649 0.00247466 0.00527936 -0.000619991 -0.000918868 0.0117089 0.00220963 0.000556833 0.00166944
internal_weight=102169 33327.5 68841.9 61190.5 42464.2 917.383 7651.43 1688.17 18726.3 16957 361.167 1769.24 40600.8 5963.25
internal_count=101926 37764 64162 59431 39659 784 4731 1154 19772 19294 180 478 38160 3577
is_linear=0
shrinkage=0.0386495


Tree=19
num_leaves=15
num_cat=0
split_feature=16 52 22 31 16 40 31 23 16 42 42 35 28 42
split_gain=215.172 21.805 18.9363 14.806 11.0148 10.4989 9.93711 9.52252 13.2338 20.6197 8.22665 8.18662 7.75136 6.32274
threshold=-3.498293280601501 1.0000000180025095e-35 0.34090702235698706 28.500000000000004 -0.31129217147827143 -17.445652008056637 127.50000000000001 0.44955436885356909 -3.0737084150314327 1.0000000180025095e-35 1.0000000180025095e-35 4.7085537910461435 9.8903141021728533 1.0000000180025095e-35
decision_type=2 2 2 2 2 2 2 2 2 2 2 2 2 2
left_child=2 3 6 5 -5 12 -1 -3 9 -9 -6 -10 -2 -7
right_child=1 7 -4 4 10 13 -8 8 11 -11 -12 -13 -14 -15
leaf_value=2.5052620331552684 3.3971799357649521 0.18936285372639319 -0.26584266289558728 0.038880770917751266 -0.036673580724408343 0.1569080567108552 -0.055087673617269704 0.67217287760352473 -0.37281314882635919 2.8922999357992185 -0.21338248664354148 0.46518464319373931 0.8789846096761561 1.2691336393785821
leaf_weight=386.98925924301147 90.518847823143005 6996.9105730652809 32515.555124044418 33109.419860601425 13845.615532100201 7056.2396770119667 424.93706464767456 453.1675631403923 131.21626877784729 168.30565524101257 2514.0719357132912 3415.5974781513214 306.47371762990952 754.34262633323669
leaf_count=257 31 6848 37109 30605 17069 5435 398 376 55 53 1099 2198 113 280
internal_value=-0.000734812 0.000498574 -0.00328413 0.000194792 -5.63319e-05 0.00171508 0.00250002 0.00206233 0.00353141 0.0087656 -0.000877731 0.00259351 0.0078626 0.00139327
internal_weight=102169 68841.9 33327.5 57676.7 49469.1 8207.57 811.926 11165.2 4168.29 621.473 16359.7 3546.81 396.993 7810.58
internal_count=101926 64162 37764 54632 48773 5859 655 9530 2682 429 18168 2253 144 5715
is_linear=0
shrinkage=0.0386495


Tree=20
num_leaves=15
num_cat=0
split_feature=8 5 32 9 27 23 23 42 14 3 2 25 31 1
split_gain=190.251 19.6981 16.569 14.177 13.0157 10.4126 9.08702 8.82278 8.53499 10.4719 7.20217 4.75555 4.54708 3.90058
threshold=1.0000000180025095e-35 -32.528430938720696 49.500000000000007 0.038039643317461021 0.0004307833878556267 0.23350359499454501 0.42094911634922033 1.0000000180025095e-35 0.4593437016010285 7.7983860969543466 -16.042350769042965 -1.3844031343523963e-07 71.500000000000014 10.169976711273195
decision_type=2 2 2 2 2 2 2 2 2 2 2 2 2 2
left_child=11 8 4 6 5 -3 -4 -5 -2 10 -10 -1 -6 -11
right_child=1 2 3 7 12 -7 -8 -9 9 13 -12 -13 -14 -15
leaf_value=-0.25556796543902238 -0.10944823522242149 -0.020871400325870367 0.0026596313261921206 -0.054130854704170721 -0.035929066203355592 0.4296518426879487 0.52827378471080799 -0.26619232887134558 1.0503970495654025 1.4979621103300085 0.35192819132387482 -0.25556796543902238 0.44056347063445728 0.39822392310011256
leaf_weight=5750.1388247013092 675.76810735464096 2733.1400816440582 28403.601583898067 14925.720299363136 6926.1912496089935 8900.1999223828316 4244.0467129945755 3322.6862227916718 350.83029580116272 263.05107355117798 1605.1680108308792 22999.343270897865 498.68098646402359 59.354581475257874
leaf_count=5238 306 3620 30833 14143 5706 5759 2947 1292 216 147 1172 30000 413 38
internal_value=-0.000767876 0.000281346 0.000149881 -0.000213154 0.00112235 0.00192949 0.000267686 -0.00107652 0.00337259 0.00450519 0.00339129 -0.00343055 -0.000134657 0.0110218
internal_weight=101658 72908.4 69954.3 50896.1 19058.2 11633.3 32647.6 18248.4 2954.17 2278.4 1956 28749.5 7424.87 322.406
internal_count=101830 66592 64713 49215 15498 9379 33780 15435 1879 1573 1388 35238 6119 185
is_linear=0
shrinkage=0.0386495


Tree=21
num_leaves=15
num_cat=0
split_feature=16 5 22 52 31 10 14 24 27 27 13 16 5 2
split_gain=186.476 18.2493 17.8748 15.7187 11.5725 9.4048 9.30766 9.29578 11.3568 9.15786 7.09018 10.1385 8.72786 7.03153
threshold=-3.498293280601501 -32.528430938720696 0.40069426596164709 1.0000000180025095e-35 49.500000000000007 0.10307328030467035 0.4593437016010285 49.999616622924812 0.0014208314241841438 0.0025302172871306543 1.418715834617615 -2.7766047716140743 62.073150634765632 -16.042350769042965
decision_type=2 2 2 2 2 2 2 2 2 2 2 2 2 2
left_child=2 6 -1 4 9 -6 -2 13 -9 -3 11 -5 -12 -8
right_child=1 3 -4 10 5 -7 7 8 -10 -11 12 -13 -14 -15
leaf_value=0.18066088289983556 -0.10521811093831818 0.2459776396270392 -0.2456903803446121 0.93742146585192765 -0.00090699627534660346 -0.10011792326113628 1.4609676353747778 1.7878878196469903 1.0562633050525001 -0.099326021430463193 -0.0010903005343719794 0.24209839413080569 1.7330515395996164 0.31362707406244728
leaf_weight=1460.3725553154945 675.76810735464096 10571.320290505886 31577.547910451889 1945.0089712142944 30836.57974755764 10468.497297644615 255.67274016141891 291.62603330612183 266.63165241479874 3925.7635359168053 3664.0131504535675 4419.1495625972748 98.872194230556488 1201.0974746346474
leaf_count=1172 306 7894 36471 1751 33381 8858 186 85 160 3326 3241 3951 48 1000
internal_value=-0.000785135 0.000362713 -0.00317086 0.000234384 -1.88419e-05 -0.000349601 0.00348297 0.00480045 0.00908921 0.000919477 0.00163516 0.0024226 0.000287398 0.00310698
internal_weight=101658 68620 33037.9 65929.2 55802.2 41305.1 2690.8 2015.03 558.258 14497.1 10127 6364.16 3762.89 1456.77
internal_count=101830 64187 37643 62450 53459 42239 1737 1431 245 11220 8991 5702 3289 1186
is_linear=0
shrinkage=0.0386495


Tree=22
num_leaves=15
num_cat=0
split_feature=8 32 23 23 1 28 13 16 12 4 14 25 36 34
split_gain=183.754 18.0476 14.8258 14.0033 13.9306 12.5803 12.5802 10.3564 6.79757 6.17934 7.46836 4.70159 3.23906 2.53341
threshold=1.0000000180025095e-35 49.500000000000007 0.23350359499454501 3.2683293819427495 21.059002876281742 15.154375553131105 2.4236701726913457 1.3662191629409792 -1.4002724289894102 -3.9917036294937129 0.20820355415344241 -1.3844031343523963e-07 1.1761944293975832 94.814147949218764
decision_type=2 2 2 2 2 2 2 2 2 2 2 2 2 2
left_child=11 2 13 5 8 7 -7 -3 -4 10 -5 -1 -6 -2
right_child=1 3 4 9 12 6 -8 -9 -10 -11 -12 -13 -14 -15
leaf_value=-0.23619455940100101 -0.058620988098502289 -0.0079047141366737211 0.67387084591172197 -0.32343142548783604 -0.65719560388913689 0.092953642517606988 0.58198980146608092 -0.13734893482795899 0.3296031010478378 -0.28130976477136443 -0.046621942059160371 -0.23619455940100101 0.6752133988186737 0.7026440897296562
leaf_weight=5750.1388247013092 5003.3123373389244 32874.704753398895 914.92343997955322 164.0261058807373 1270.2556007504463 10235.072589695454 1757.9397605061531 4157.0456008911133 12835.202775895596 2833.0592288374901 646.67012721300125 22999.343270897865 111.83483916521072 104.39196860790253
leaf_count=5238 6317 33805 936 43 491 10040 989 4944 8190 523 122 30000 64 128
internal_value=-0.000803523 0.000227606 0.00120878 -0.000148381 0.00181739 2.23015e-05 0.00111124 -0.000328836 0.00219113 -0.00245947 0.000452694 -0.00342031 -0.00185676 -0.000582944
internal_weight=101658 72908.4 20239.9 52668.5 15132.2 49024.8 11993 37031.8 13750.1 3643.76 810.696 28749.5 1382.09 5107.7
internal_count=101830 66592 16126 50466 9681 49778 11029 38749 9126 688 165 35238 555 6445
is_linear=0
shrinkage=0.0386495


Tree=23
num_leaves=15
num_cat=0
split_feature=8 5 52 33 34 54 23 3 49 12 11 2 0 8
split_gain=180.911 15.4663 12.9614 9.35466 24.1728 8.9158 7.49802 6.9328 9.19161 6.598 6.06969 6.03697 5.8276 5.62249
threshold=1.0000000180025095e-35 -32.528430938720696 1.0000000180025095e-35 202.08333587646487 160.50343322753909 0.13615782558918002 0.39619936048984533 6.5218701362609872 1.0000000180025095e-35 -0.051566209644079201 0.0091063007712364214 -1.3745461106300352 0.2702500075101853 0.0066500019747763881
decision_type=2 2 2 2 2 2 2 2 2 2 2 2 2 2
left_child=-1 7 3 4 -3 -5 -4 11 13 -10 -8 12 -2 -9
right_child=1 2 6 5 -6 -7 10 8 9 -11 -12 -13 -14 -15
leaf_value=-0.22706574759819004 0.58076781936609467 0.012122195759235028 0.093891337335795758 0.46435186019971408 1.1793062747150433 -0.08159224737321602 1.362951084631228 1.5630499435235985 1.2917682586128751 1.0302775545081608 0.34431848725702163 -0.067816003043628365 -0.047782528708686843 -0.045346523052674469
leaf_weight=28749.482095599174 1083.4166287779808 40520.680872619152 6777.5786181092262 74.830892503261566 232.2621003985405 17919.901462376118 877.42498970031738 64.421063244342804 101.55346083641052 73.284426987171173 3551.5881234407425 963.05899959802628 423.41390699148178 245.02358257770538
leaf_count=35238 758 34962 6782 46 194 19635 809 52 70 17 2285 604 253 125
internal_value=-0.000819204 0.000203908 8.73331e-05 -0.000141566 0.000181343 -0.000876024 0.00129226 0.00294284 0.00721187 0.0143352 0.00253165 0.00207718 0.00360598 0.00293478
internal_weight=101658 72908.4 69954.3 58747.7 40752.9 17994.7 11206.6 2954.17 484.283 174.838 4429.01 2469.89 1506.83 309.445
internal_count=101830 66592 64713 54837 35156 19681 9876 1879 264 87 3094 1615 1011 177
is_linear=0
shrinkage=0.0386495


Tree=24
num_leaves=15
num_cat=0
split_feature=7 32 27 23 49 7 34 25 18 42 45 0 34 0
split_gain=179.638 14.8091 12.6338 12.0686 11.6693 11.0834 10.3214 7.05461 6.00137 5.64025 3.72309 3.47536 2.41966 2.34907
threshold=1.0000000180025095e-35 49.500000000000007 0.0072150428313761958 0.23350359499454501 1.5000000000000002 0.045139992609620101 110.75571823120119 -1.3844031343523963e-07 0.19110786914825442 1.0000000180025095e-35 1.0000000180025095e-35 4.5885000228881845 119.7843475341797 0.03024999983608723
decision_type=2 2 2 2 2 2 2 2 2 2 2 2 2 2
left_child=7 2 3 12 5 6 -3 -1 -5 -7 11 -6 -2 -9
right_child=1 4 -4 8 10 9 -8 13 -10 -11 -12 -13 -14 -15
leaf_value=-0.21828976020057486 -0.038003329246640107 -0.020736236605340106 -0.10802177751892228 0.39775507240135627 0.40241137663739646 -0.069031124630939286 0.14606234189907924 -0.21828976020057486 -0.23369002140246792 -0.23863874300228538 -0.39909099881986582 -0.11355885186147012 1.315851894486459 -0.086183258425926626
leaf_weight=6858.5759174227715 3774.000979244709 28799.202121913433 3341.6131595373154 11876.976790547371 1088.801656126976 9674.7537341713905 9434.1917530894279 23202.717660307884 837.78312975168228 2427.2506520152092 114.50795161724091 103.28817456960678 55.027850031852722 69.229693412780762
leaf_count=5982 4752 28401 2719 7923 1346 9346 9676 30124 394 826 131 140 60 10
internal_value=-0.000826468 0.000227275 0.0011237 0.0015629 -0.000116812 -0.000211564 0.000109723 -0.00332974 0.0021363 -0.00123124 0.00348389 0.0041438 -0.00032611 -0.00365482
internal_weight=101658 71527.4 19885.4 16543.8 51642 50335.4 38233.4 30130.5 12714.8 12102 1306.6 1192.09 3829.03 23271.9
internal_count=101830 65714 15848 13129 49866 48249 38077 36116 8317 10172 1617 1486 4812 30134
is_linear=0
shrinkage=0.0386495


Tree=25
num_leaves=15
num_cat=0
split_feature=8 1 36 42 32 16 1 28 23 25 23 6 25 4
split_gain=188.95 19.7878 15.1212 14.8275 10.0796 9.31847 8.52079 12.6599 4.76711 6.72202 5.74272 4.74986 4.6241 3.94663
threshold=1.0000000180025095e-35 -4.0450160503387442 1.1761944293975832 1.0000000180025095e-35 22.500000000000004 -2.9907571077346797 21.059002876281742 50.103040695190437 0.74895632266998302 -0.0097610731609165651 0.58062627911567699 -13.560707092285154 -1.3844031343523963e-07 0.5684136450290681
decision_type=2 2 2 2 2 2 2 2 2 2 2 2 2 2
left_child=12 4 6 -4 5 11 7 -3 10 -10 -6 -2 -1 -7
right_child=1 2 3 -5 8 13 -8 -9 9 -11 -12 -13 -14 -15
leaf_value=-0.20985296070610124 1.2567992507220072 -0.015130399844698578 0.5782833785750775 15.973511013275921 0.15684564891714345 0.82093358004519257 -0.68241716905356564 0.53384029877789074 0.83386071600784362 -0.11094727503418979 0.81849086594238407 0.75122886103956166 -0.20985296070610124 0.071964755146792153
leaf_weight=5766.181768476963 259.51324081420898 53782.521865427494 1044.5381737351418 106.47024840116501 6619.4604568481445 1559.9237041473389 2105.7898642420769 2481.8413188457489 608.6775815486908 3058.7457416653633 484.82932752370834 216.86848342418671 23080.87841463089 756.55035620927811
leaf_count=5216 173 53443 930 32 6518 1047 826 1592 197 959 339 155 30231 522
internal_value=-0.000770161 0.000274555 -2.81004e-05 0.00435363 0.00160668 0.00368351 -0.000115644 -2.42209e-05 0.00106225 -5.4185e-05 0.00164659 0.00865066 -0.00341886 0.00263043
internal_weight=101933 73085.7 59521.2 1151.01 13564.6 2792.86 58370.2 56264.4 10771.7 3667.42 7104.29 476.382 28847.1 2316.47
internal_count=102180 66733 56823 962 9910 1897 55861 55035 8013 1156 6857 328 35447 1569
is_linear=0
shrinkage=0.0386495


Tree=26
num_leaves=15
num_cat=0
split_feature=8 1 36 41 49 16 33 16 3 20 23 25 20 25
split_gain=184.679 16.7025 11.4121 17.1974 9.50256 9.19835 8.54527 11.8705 7.83902 5.80937 4.98389 5.99465 4.62748 4.6241
threshold=1.0000000180025095e-35 -4.4434370994567862 1.1761944293975832 1.0000000180025095e-35 1.5000000000000002 0.15486461669206622 28.649999618530277 -3.263633012771606 -13.244138240814207 39.140926361083991 0.74895632266998302 -0.0097610731609165651 39.140926361083991 -1.3844031343523963e-07
decision_type=2 2 2 2 2 2 2 2 2 2 2 2 2 2
left_child=13 6 4 -4 5 -3 7 9 -9 -2 12 -12 -8 -1
right_child=1 2 3 -5 -6 -7 10 8 -10 -11 11 -13 -14 -15
leaf_value=-0.2017422396572888 0.99150328139343635 0.01184727890347898 0.55593299021264697 12.342568019697534 0.25286773615292002 -0.076676856991385711 0.14667473635157127 1.5666254183056465 0.22164657957943343 2.712917451111172 0.7866422875720912 -0.10599880636259121 0.53475273708248816 -0.2017422396572888
leaf_weight=5766.181768476963 134.82558816671371 43555.183687508106 1099.2906160950661 64.908002972602844 1391.8585669994354 14494.667017400265 5550.0086297988892 779.72683411836624 1904.6305262446404 88.53000283241272 548.90518164634705 2846.7162592411041 626.47944980859756 23080.87841463089
leaf_count=5216 112 39889 955 19 1697 15251 5442 456 1270 45 179 904 514 30231
internal_value=-0.000800291 0.000232534 -3.16807e-05 0.0037533 -0.000106911 -0.000183568 0.00152008 0.00336237 0.00261716 0.0119586 0.000953813 -0.000220604 0.00160871 -0.00341886
internal_weight=101933 73085.7 60605.9 1164.2 59441.7 58049.9 12479.8 2907.71 2684.36 223.356 9572.11 3395.62 6176.49 28847.1
internal_count=102180 66733 57811 974 56837 55140 8922 1883 1726 157 7039 1083 5956 35447
is_linear=0
shrinkage=0.0386495


Tree=27
num_leaves=15
num_cat=0
split_feature=8 1 23 23 5 5 33 33 4 3 35 4 32 35
split_gain=183.205 15.1904 9.77487 13.5635 8.92517 8.81713 9.06238 8.41104 7.44581 7.22343 6.47001 5.82704 5.50743 7.57186
threshold=1.0000000180025095e-35 -3.7028359174728389 3.2683293819427495 0.31130290031433111 4.831005573272706 -23.999593734741207 28.649999618530277 24.516666412353519 -3.9917036294937129 8.5469055175781268 137.06092834472659 -36.14793395996093 133.50000000000003 502.29711914062506
decision_type=2 2 2 2 2 2 2 2 2 2 2 2 2 2
left_child=-1 5 3 4 -3 6 11 -4 -9 -8 -5 -2 13 -7
right_child=1 2 7 10 -6 12 9 8 -10 -11 -12 -13 -14 -15
leaf_value=-0.19394499427119893 2.2691327569139004 -0.053308071631666884 0.33571568598366486 0.11807986449289259 0.092399309934911064 0.16497860724147029 0.17676777163667876 0.17041173000190993 -0.25872007719426465 18.611070920691933 0.4532006831380968 1.2907190170861278 -0.036264412192094142 1.0130589007882187
leaf_weight=28847.060183107853 56.341296792030334 28480.65427082777 262.83955812454224 14180.332153260708 8428.9037216901779 9274.5795081853867 1052.4101222753525 910.5095419883728 2954.99298787117 57.885671436786652 3191.0041154623032 421.64621222019196 3679.4435909986496 134.18761169910431
leaf_count=35447 34 32138 59 10171 10333 6286 784 165 536 30 2415 268 3481 33
internal_value=-0.000810765 0.000217926 -6.04464e-05 7.6443e-05 -0.000341532 0.00132959 0.00405918 -0.00187352 -0.00233909 0.00206716 0.000967804 0.00853769 0.000993352 0.00149
internal_weight=101933 73085.7 58409.2 54280.9 36909.6 14676.5 1588.28 4128.34 3865.5 1110.3 17371.3 477.988 13088.2 9408.77
internal_count=102180 66733 55817 55057 42471 10916 1116 760 701 814 12586 302 9800 6319
is_linear=0
shrinkage=0.0386495


Tree=28
num_leaves=15
num_cat=0
split_feature=16 22 16 31 4 36 38 35 5 54 35 42 25 23
split_gain=179.491 20.1839 15.4461 12.9188 12.8302 12.6725 10.4545 10.0556 9.23381 9.20176 8.86952 8.36127 7.90845 6.35743
threshold=-3.498293280601501 0.34090702235698706 -0.25424751639366144 49.500000000000007 -15.928916454315184 1.5739262104034426 1.0631062984466555 7.0236384868621835 -32.528430938720696 0.36059281229972845 181.89566802978518 1.0000000180025095e-35 -1.3844031343523963e-07 0.15107376873493197
decision_type=2 2 2 2 2 2 2 2 2 2 2 2 2 2
left_child=1 9 3 4 7 10 -7 -2 -6 -1 -5 13 -3 -4
right_child=2 12 11 5 8 6 -8 -9 -10 -11 -12 -13 -14 -15
leaf_value=2.8799570491299975 1.3352038406050679 -0.18644910885669552 -0.077412280496028218 -6.2105748595813541e-05 1.3525778205871026 14.861591497022676 0.10246728591729659 0.44106377921900081 0.17640091004960115 -0.057218148247948478 0.22239940264184799 -0.19728987001966647 -0.18644910885669552 0.035148548029869463
leaf_weight=376.18686753511429 304.79116457700729 7455.5787271261215 7060.2917482256889 28659.458245754242 447.9983719587326 67.741446614265442 70.828116714954376 1782.6471153497696 9246.2098047733307 421.68292492628098 6133.0928150415421 2899.7617696523666 25005.545776963234 12000.975650727749
leaf_count=259 152 6215 9843 27484 229 15 70 1181 6838 392 5818 1200 31013 11471
internal_value=-0.000825922 -0.00315649 0.000301995 0.000699964 0.00180766 0.000324616 0.0119157 0.00456494 0.00120714 0.00287233 0.000276103 -0.000541862 -0.00330662 -0.000244226
internal_weight=101933 33259 68673.8 46712.8 11781.6 34931.1 138.57 2087.44 9694.21 797.87 34792.6 21961 32461.1 19061.3
internal_count=102180 37879 64301 41787 8400 33387 85 1333 7067 651 33302 22514 37228 21314
is_linear=0
shrinkage=0.0386495


Tree=29
num_leaves=15
num_cat=0
split_feature=16 12 16 31 5 34 32 9 42 4 11 25 1 33
split_gain=180.061 15.1405 14.6445 12.5198 11.836 9.42485 13.7632 8.50341 8.37283 8.17105 7.03942 6.00522 5.9727 11.227
threshold=-3.498293280601501 -0.39192827045917505 -0.25424751639366144 49.500000000000007 -27.267195701599118 144.93672180175784 158.50000000000003 0.29037569463253027 1.0000000180025095e-35 -4.8217360973358145 0.073067508637905135 -1.3844031343523963e-07 -9.3313894271850568 88.908332824707045
decision_type=2 2 2 2 2 2 2 2 2 2 2 2 2 2
left_child=1 -1 3 4 7 10 -7 -2 12 -6 -5 -3 13 -4
right_child=2 11 8 5 9 6 -8 -9 -10 -11 -12 -13 -14 -15
leaf_value=0.055788966116291812 0.80567985871596881 -0.179242935988569 0.20944764386993775 0.024427146533563527 0.50967711361479895 1.1328045269830251 0.093457216117351388 17.839485018295452 -0.18966470668576901 0.093400660013763945 -0.10124712798914216 -0.179242935988569 -0.034332278119018504 0.83519113874699569
leaf_weight=1625.4735361933708 1088.1203968524933 6892.6941963434219 834.12458127737045 22470.755008101463 3726.6097802519798 1134.6397551298141 5846.5317150950432 53.605202853679657 2899.7617696523666 6913.3110767006874 5479.1941457986832 24740.826564013958 18117.316113054752 109.826704621315
leaf_count=1324 685 5660 409 24455 2794 552 6131 10 1200 4911 2249 30895 20821 84
internal_value=-0.000848589 -0.00318284 0.000281113 0.000668645 0.00175905 0.000299131 0.00156929 0.00551205 -0.000540541 0.00134992 -1.61371e-05 -0.00336997 -0.000242705 0.0027435
internal_weight=101933 33259 68673.8 46712.8 11781.6 34931.1 6981.17 1141.73 21961 10639.9 27949.9 31633.5 19061.3 943.951
internal_count=102180 37879 64301 41787 8400 33387 6683 695 22514 7705 26704 36555 21314 493
is_linear=0
shrinkage=0.0386495


Tree=30
num_leaves=15
num_cat=0
split_feature=16 16 24 29 42 7 8 9 5 5 3 25 49 33
split_gain=173.096 11.8451 11.6688 9.90613 7.83714 6.96858 16.5522 7.28907 7.26357 6.23236 7.96707 5.67125 4.33081 3.60532
threshold=-3.498293280601501 -0.31129217147827143 49.999616622924812 182.57653808593753 1.0000000180025095e-35 0.44437283277511602 0.57961040735244762 0.20762889832258227 -42.347188949584954 19.351019859313968 0.78693377971649181 -1.3844031343523963e-07 1.5000000000000002 11.983333110809328
decision_type=2 2 2 2 2 2 2 2 2 2 2 2 2 2
left_child=2 5 -1 4 12 7 -7 8 -2 10 -5 -4 -3 -6
right_child=1 3 11 9 13 6 -8 -9 -10 -11 -12 -13 -14 -15
leaf_value=0.036073798488359107 0.6591677356414436 -0.044750702719722792 -0.17231527840927252 0.26284838163530821 0.23274077322281689 0.25270658290757825 -0.14604866188162371 -0.17218277772620477 0.054160075081174333 -0.52706379900323574 0.71374225726681984 -0.17231527840927252 0.22545754699428663 -0.18860895845166137
leaf_weight=1359.0126270055771 1136.7745394706726 17563.29850512743 7093.2721652984619 921.30621546506882 134.8149077296257 357.30645841360092 338.14368724822998 1673.3823857903481 42475.197837471962 372.14883744716644 448.19170188903809 24788.370936691761 559.57391101121902 2757.0877658724785
leaf_count=933 651 21037 6000 237 43 56 54 341 39836 54 93 31054 721 1173
internal_value=-0.000953167 0.000153367 -0.00324295 -0.000566593 -0.000800826 0.000510953 0.00435455 0.000450457 0.000547589 0.0022241 0.00344468 -0.00339257 -0.000498586 -0.00267321
internal_weight=101978 68737.2 33240.7 22756.4 21014.8 45980.8 695.45 45285.4 43612 1741.65 1369.5 31881.6 18122.9 2891.9
internal_count=102283 64296 37987 23358 22974 40938 110 40828 40487 384 330 37054 21758 1216
is_linear=0
shrinkage=0.0386495


Tree=31
num_leaves=15
num_cat=0
split_feature=16 12 16 42 32 3 9 23 1 16 9 16 25 11
split_gain=172.563 12.198 11.2652 7.81897 12.0159 9.26677 7.69313 6.90268 6.98195 6.10567 8.63004 6.57306 4.81136 2.63544
threshold=-3.498293280601501 -0.39192827045917505 -1.275648236274719 1.0000000180025095e-35 22.500000000000004 -21.222451210021969 0.0023370584240183239 0.09367320686578752 21.059002876281742 -3.263633012771606 0.054951114580035217 -1.9501707553863523 -1.3844031343523963e-07 0.0083550368435680884
decision_type=2 2 2 2 2 2 2 2 2 2 2 2 2 2
left_child=1 -1 6 7 5 -5 -2 -4 -9 10 -8 -11 -3 -6
right_child=2 12 3 4 13 -7 9 8 -10 11 -12 -13 -14 -15
leaf_value=-0.0077966091972273459 -0.10132763005236946 -0.16565537163014726 -0.10717502283838673 -0.85338052621431515 0.081532051242290945 18.22670198380855 1.0619785484729001 0.024671328331519912 -0.83602320659619211 0.042701037459121682 -0.2880314701566099 0.20667425016529356 -0.16565537163014726 -0.16318828318174719
leaf_weight=1589.9052637815475 3730.3770512938499 6920.3287945985794 3636.6926952004433 114.47266399860382 278.30336713790894 205.16800421476364 1346.930111348629 24858.749703764915 1131.2065014243126 20899.158412992954 282.01432567834854 8241.995014667511 24730.421670615673 4012.1589012145996
leaf_count=1320 3810 5669 5091 22 69 106 1110 28041 349 15980 61 7940 30998 1717
internal_value=-0.000955893 -0.00324214 0.000148934 -0.000346647 -0.0018278 0.00532418 0.000642398 -0.000114105 0.000104521 0.000844384 0.0031562 0.00071296 -0.00340809 -0.00237636
internal_weight=101978 33240.7 68737.2 34236.8 4610.1 319.641 34500.5 29626.6 25990 30770.1 1628.94 29141.2 31650.8 4290.46
internal_count=102283 37987 64296 35395 1914 128 28901 33481 28390 25091 1171 23920 36667 1786
is_linear=0
shrinkage=0.0386495


Tree=32
num_leaves=15
num_cat=0
split_feature=16 12 16 42 32 12 36 23 23 15 33 14 25 52
split_gain=169.975 12.198 11.7559 10.0094 6.50009 12.8118 7.61458 6.2956 5.55253 6.6355 5.51784 5.32823 4.81136 4.76546
threshold=-3.498293280601501 -0.39192827045917505 -0.31129217147827143 1.0000000180025095e-35 107.50000000000001 -0.54237225651741017 1.1761944293975832 0.58062627911567699 0.17792667448520663 53.225034713745124 11.983333110809328 0.64898070693016063 -1.3844031343523963e-07 1.0000000180025095e-35
decision_type=2 2 2 2 2 2 2 2 2 2 2 2 2 2
left_child=1 10 4 8 5 7 -7 -2 13 -10 -1 -6 -3 -4
right_child=2 12 3 -5 11 6 -8 -9 9 -11 -12 -13 -14 -15
leaf_value=2.2015878178476962 0.16779620708847112 -0.15925286720510287 -0.074449676096260589 -0.17501215579979731 -0.040197037436023167 0.020100676661022637 1.4823353766010758 0.7882525484051115 0.0820884966162512 -0.63052368835782213 -0.058255811457723232 0.098585436729118556 -0.15925286720510287 0.22272120692191968
leaf_weight=54.570270180702209 5682.0228704214096 6920.3287945985794 8519.3159078359604 3059.9739643931389 15858.189471840858 16374.874964654446 544.15454959869385 1714.8305223584175 9930.1022843122482 720.18238979578018 1535.3349936008453 5806.7325295209885 24730.421670615673 526.84729820489883
leaf_count=36 5292 5669 11980 1277 17316 10234 394 899 9287 224 1284 6803 30998 590
internal_value=-0.00097311 -0.00324214 0.00012339 -0.000593916 0.000479664 0.000913412 0.000322715 0.00225624 -0.000271022 0.00032294 2.52144e-05 -4.52106e-06 -0.00340809 -0.000976635
internal_weight=101978 33240.7 68737.2 22756.4 45980.8 24315.9 16919 7396.85 19696.4 10650.3 1589.91 21664.9 31650.8 9046.16
internal_count=102283 37987 64296 23358 40938 16819 10628 6191 22081 9511 1320 24119 36667 12570
is_linear=0
shrinkage=0.0386495


Tree=33
num_leaves=15
num_cat=0
split_feature=8 4 33 23 3 35 16 49 26 35 0 25 6 6
split_gain=167.892 11.0011 12.4268 10.0437 9.14858 7.85783 7.63809 7.46725 6.66237 15.1532 4.85873 4.56908 3.23346 2.78632
threshold=1.0000000180025095e-35 -4.3954143524169913 113.56904602050783 3.2683293819427495 -29.994930267333981 25.541314125061039 1.106745779514313 1.5000000000000002 0.019222303293645385 21.125766754150394 0.31724999845027929 -1.3844031343523963e-07 19.995076179504398 -53.089601516723626
decision_type=2 2 2 2 2 2 2 2 2 2 2 2 2 2
left_child=11 2 4 6 5 -2 7 -3 -5 -10 -6 -1 -8 -4
right_child=1 3 13 8 10 -7 12 -9 9 -11 -12 -13 -14 -15
leaf_value=-0.15309781665076197 1.7561212102610981 -0.0038596278239857026 0.30184711581639023 -0.21536937221479049 0.26320465822359002 -0.32731976883459979 -0.11503940282644796 0.35674395955104693 0.30876133609276668 -0.29782357741243298 0.032533795913541767 -0.15309781665076197 0.062947122225852248 -0.033169572294566504
leaf_weight=5832.3875520825386 597.41371959447861 36440.438839197159 368.47083288431168 2852.1734575629234 6546.1771754622459 204.1657201051712 6187.9504972100258 1023.1858851909637 402.67856472730637 783.51607775688171 5260.1844881176949 23180.377509355545 1224.1379025578499 11074.624260127544
leaf_count=5227 236 33654 275 502 4979 87 6616 1229 66 130 5488 30324 1194 12276
internal_value=-0.000980135 7.97537e-06 0.000685507 -0.000323996 0.00152299 0.00553482 -0.00015642 6.64144e-05 -0.00217081 0.0002179 0.00124481 -0.00346699 -0.00129024 -0.000232264
internal_weight=101978 72965.1 24051 48914.1 12607.9 801.579 44875.7 37463.6 4038.37 1186.19 11806.4 29012.8 7412.09 11443.1
internal_count=102283 66732 23341 43391 10790 323 42693 34883 698 196 10467 35551 7810 12551
is_linear=0
shrinkage=0.0386495


Tree=34
num_leaves=15
num_cat=0
split_feature=8 4 54 23 16 9 35 26 1 3 25 16 35 6
split_gain=166.06 8.81699 11.8526 8.41413 7.23019 7.3258 6.51613 13.8806 4.86225 7.55136 4.56908 3.81367 3.21486 3.11805
threshold=1.0000000180025095e-35 -4.3954143524169913 0.10265813395380975 3.2683293819427495 1.106745779514313 0.35457295179367071 22.251055717468265 0.019222303293645385 -17.371451377868649 -9.1543669700622541 -1.3844031343523963e-07 2.504055500030518 1196.0657348632815 19.995076179504398
decision_type=2 2 2 2 2 2 2 2 2 2 2 2 2 2
left_child=10 2 8 4 5 -3 7 -5 9 -2 -1 -10 -4 -6
right_child=1 3 12 6 13 -7 -8 -9 11 -11 -12 -13 -14 -15
leaf_value=-0.14718065598808441 1.8426951434072711 -0.0023291869841561763 0.019733423607449219 -0.25225315701878365 -0.11059318246907107 0.44774513903459984 -0.207045444381633 0.30144054422805322 0.34854316140613062 0.13061732430439529 -0.14718065598808441 -0.15653624138099753 -0.39563715905520752 0.060514244712561373
leaf_weight=5832.3875520825386 341.14937245845795 36701.818788409233 17746.03770673275 1194.9326143860817 6187.9504972100258 761.80593597888947 2359.7909442186356 483.64454144239426 4815.3772065043449 238.87346065044403 23180.377509355545 452.63303637504578 456.96541357040405 1224.1379025578499
leaf_count=5227 185 34687 18668 183 6616 196 440 75 3613 94 30324 418 363 1194
internal_value=-0.000993736 -9.44409e-06 0.0005956 -0.000308142 -0.000154634 6.21257e-05 -0.0019987 -0.000121387 0.00210955 0.00550909 -0.00346699 0.0017223 0.000105855 -0.00125776
internal_weight=101978 72965.1 24051 48914.1 44875.7 37463.6 4038.37 1678.58 5848.03 580.023 29012.8 5268.01 18203 7412.09
internal_count=102283 66732 23341 43391 42693 34883 698 258 4310 279 35551 4031 19031 7810
is_linear=0
shrinkage=0.0386495


Tree=35
num_leaves=15
num_cat=0
split_feature=16 11 1 37 32 34 46 13 29 27 34 32 26 1
split_gain=167.561 12.661 10.2037 9.20119 7.86425 10.1921 17.0452 7.03272 6.28065 5.76723 5.11558 4.94076 6.06828 4.52885
threshold=-3.498293280601501 1.0000000180025095e-35 -1.6970227360725401 0.32857231795787817 133.50000000000003 202.49245452880862 1.0000000180025095e-35 5.6551811695098886 122.035701751709 0.0030358337098732595 49.069086074829109 52.500000000000007 0.0053482011426240214 21.059002876281742
decision_type=2 2 2 2 2 2 2 2 2 2 2 2 2 2
left_child=1 -1 4 13 5 8 -7 10 -2 -9 -5 12 -3 -4
right_child=2 11 3 7 -6 6 -8 9 -10 -11 -12 -13 -14 -15
leaf_value=-0.14149219088144999 0.084664492875026212 -0.14149219088144999 -0.031390594109569993 0.0053761830988672153 -0.017101742364971789 0.1992770867677052 1.2899253734748501 1.1305038267842438 0.39939955944622307 -0.22363720362025136 0.23717088272681802 -0.14149219088144999 0.063190864131239408 -0.85032419261635217
leaf_weight=24958.655366122723 10887.508189201355 2077.0808654427528 36576.434090137482 4938.6647829413414 7588.5283583402634 246.07931143045425 127.45301324129105 304.26244497299194 3960.3235445022583 149.50248634815216 2462.5809393525124 6305.8730863332748 104.63034504652023 1675.0242456793785
leaf_count=32368 10281 1797 36904 4479 8024 99 28 147 1044 62 2703 3728 18 589
internal_value=-0.000919478 -0.00316412 0.000169102 -0.00016063 0.000838098 0.0013452 0.00766229 0.00104199 0.00118136 0.00572119 0.000745809 -0.00185975 -0.000244329 -0.000409147
internal_weight=102363 33446.2 68916.4 46106.5 22809.9 15221.4 373.532 7855.01 14847.8 453.765 7401.25 8487.58 2181.71 38251.5
internal_count=102271 37911 64360 44884 19476 11452 127 7391 11325 209 7182 5543 1815 37493
is_linear=0
shrinkage=0.0386495


Tree=36
num_leaves=15
num_cat=0
split_feature=8 1 42 32 34 46 38 25 1 23 11 2 37 36
split_gain=165.027 11.6434 10.2706 7.6314 8.35464 16.1171 7.54125 5.84901 5.83306 5.54529 4.4864 4.01898 3.90628 4.03989
threshold=1.0000000180025095e-35 -1.6970227360725401 1.0000000180025095e-35 133.50000000000003 234.11067962646487 1.0000000180025095e-35 1.0631062984466555 -1.3844031343523963e-07 21.059002876281742 0.35699190199375158 0.0083550368435680884 0.34158864617347723 -0.73393136262893666 -0.60212719440460194
decision_type=2 2 2 2 2 2 2 2 2 2 2 2 2 2
left_child=7 3 6 4 9 -6 8 -1 -3 -2 -4 -8 13 -5
right_child=1 2 10 12 5 -7 11 -9 -10 -11 -12 -13 -14 -15
leaf_value=-0.13602358235210935 0.023564375718634647 -0.017562070999236918 0.0091172165825142894 0.47686645636157721 -0.083099932089589351 1.0174106892662376 0.0072534063926824252 -0.13602358235210935 -0.76412465366096594 0.31720220319401937 -0.18067601623174734 0.24621512026732842 -0.044835436952552585 0.17822174860281637
leaf_weight=5915.2384471297264 7352.7821917533875 35704.949903547764 1565.0580424666405 115.77626019716263 243.94753181934357 133.77356564998627 2460.9554230570793 23250.233834028244 1517.8743402957916 7908.9829533696175 5062.1334372162819 3401.1366314291954 7250.5605946183205 479.19791251420975
leaf_count=5236 7620 37512 786 106 90 28 2539 30274 618 3941 1887 3513 7720 401
internal_value=-0.000931216 4.76013e-05 -0.000286597 0.00075745 0.00125142 0.00694395 -6.72849e-05 -0.0033896 -0.000271496 0.00110584 -0.0017032 0.00121917 -0.000219922 0.00277128
internal_weight=102363 73197.1 49712.1 23485 15639.5 377.721 43084.9 29165.5 37222.8 15261.8 6627.19 5862.09 7845.53 594.974
internal_count=102271 66761 46855 19906 11679 118 44182 35510 38130 11561 2673 6052 8227 507
is_linear=0
shrinkage=0.0386495


Tree=37
num_leaves=15
num_cat=0
split_feature=16 11 1 38 49 32 16 33 27 32 26 37 29 42
split_gain=165.078 12.661 9.54808 9.19419 7.74273 7.00443 5.9942 8.1768 5.43485 4.94076 6.06828 4.80962 4.66796 4.52594
threshold=-3.498293280601501 1.0000000180025095e-35 -1.6970227360725401 0.59799578785896312 1.5000000000000002 133.50000000000003 -1.2064763307571409 275.05000305175787 0.0072150428313761958 52.500000000000007 0.0053482011426240214 1.046127498149872 60.612764358520515 1.0000000180025095e-35
decision_type=2 2 2 2 2 2 2 2 2 2 2 2 2 2
left_child=1 -1 5 4 13 6 7 -2 11 10 -3 -5 -6 -4
right_child=2 9 3 8 12 -7 -8 -9 -10 -11 -12 -13 -14 -15
leaf_value=-0.13076633304380331 0.22325080374118544 -0.13076633304380331 -0.036471697385234411 0.072252744369827482 0.14153628523737113 -0.015275893405019468 0.025910431283672909 0.77815621568186821 -0.10233455107755779 -0.13076633304380331 0.061427332124626699 0.54999050839590924 1.4021990945267975 -0.1241357361352606
leaf_weight=24958.655366122723 8453.5284230113029 2077.0808654427528 30309.343576908112 7850.9174283742905 809.61101895570755 7588.5283583402634 6408.4732804298401 359.36235493421555 1455.5629272460938 6305.8730863332748 104.63034504652023 898.58450281620026 94.690144121646881 4687.7593910098076
leaf_count=32368 5637 1797 31663 8012 1022 8024 5736 79 1431 3728 18 807 47 1902
internal_value=-0.000936184 -0.00316412 0.00014429 -0.000174663 -0.000466692 0.0007915 0.0012701 0.00192556 0.000846905 -0.00185975 -0.000244329 0.00121417 0.0030505 -0.000559399
internal_weight=102363 33446.2 68916.4 46106.5 35901.4 22809.9 15221.4 8812.89 10205.1 8487.58 2181.71 8749.5 904.301 34997.1
internal_count=102271 37911 64360 44884 34634 19476 11452 5716 10250 5543 1815 8819 1069 33565
is_linear=0
shrinkage=0.0386495


Tree=38
num_leaves=15
num_cat=0
split_feature=16 25 52 42 2 10 2 1 35 12 4 26 5 34
split_gain=156.566 13.2199 9.55815 8.74749 9.01835 8.85978 9.40922 8.17194 6.83699 14.4826 5.51079 4.78226 4.53825 4.45736
threshold=-3.498293280601501 -1.3844031343523963e-07 1.0000000180025095e-35 1.0000000180025095e-35 -10.869906425476072 0.0077063192147761592 -4.3173022270202628 21.059002876281742 4.7085537910461435 -0.35529348254203791 3.4275907278060918 0.014480911660939457 -1.0000000180025095e-35 42.937938690185554
decision_type=2 2 2 2 2 2 2 2 2 2 2 2 2 2
left_child=1 11 3 4 10 6 -5 -6 9 -4 -2 -1 -3 -10
right_child=2 12 8 5 7 -7 -8 -9 13 -11 -12 -13 -14 -15
leaf_value=-0.12571227401920954 0.30136380552678282 0.56596678380929233 0.87582565167988502 0.18545152490567871 0.0064297780159835666 -0.14683458423213597 -0.01519837745830867 -0.75494371830890594 0.042532484748673098 -0.055081469133226646 -0.081751017136310306 8.37695235243166 -0.12571227401920954 0.30541109973298586
leaf_weight=8071.9798318743706 2688.8151262402534 132.77395766973495 92.535314440727234 275.886598944664 45284.110020399094 5629.1105073690414 1439.7280102372169 1575.0931239128113 5224.6896728873253 142.28929245471954 828.16786473989487 41.964553415775299 25199.52131998539 5735.9358745217323
leaf_count=6740 1851 40 54 96 48825 2280 724 581 4747 77 421 12 31119 4704
internal_value=-0.000924983 -0.00309472 0.000127242 -7.22841e-05 0.000108345 -0.00131877 0.00108978 -3.21455e-05 0.00116095 0.00769614 0.00199563 -0.00172236 -0.00353182 0.00101427
internal_weight=102363 33446.2 68916.4 57720.9 50376.2 7344.73 1715.61 46859.2 11195.5 234.825 3516.98 8113.94 25332.3 10960.6
internal_count=102271 37911 64360 54778 51678 3100 820 49406 9582 131 2272 6752 31159 9451
is_linear=0
shrinkage=0.0386495


Tree=39
num_leaves=15
num_cat=0
split_feature=16 25 1 38 1 23 34 34 38 33 3 37 16 12
split_gain=158.132 12.821 8.98187 7.87982 5.46865 8.08205 5.05801 4.55152 7.87488 4.76367 4.43079 4.4026 4.12984 3.69016
threshold=-3.498293280601501 -1.3844031343523963e-07 -4.9158039093017569 0.59799578785896312 21.059002876281742 0.5262318253517152 42.937938690185554 981.16787719726574 -0.72199347615241993 130.78333282470706 -29.994930267333981 -1.1912789344787595 -0.25424751639366144 -0.62096670269966114
decision_type=2 2 2 2 2 2 2 2 2 2 2 2 2 2
left_child=1 13 7 4 5 -4 -5 9 -9 10 -2 -11 -8 -1
right_child=2 -3 3 6 -6 -7 12 8 -10 11 -12 -13 -14 -15
leaf_value=0.068634486536623796 1.0249025697027132 -0.12085355206670081 -0.040815480956622657 0.017424428738730541 -0.75744849429260386 0.16719707734320111 0.23838606546327296 1.5167050181412627 0.27178108672995333 0.12084763737636121 0.16885998222962981 -0.052599825234477891 -0.034828800271023162 -0.12085355206670081
leaf_weight=679.79305958747864 760.04077297449112 25332.295277655125 34877.55094563961 8033.9572171568871 1718.2902443408966 8685.9017271399498 3562.1809136867523 54.976362109184265 124.88361346721649 51.080974221229553 6982.5201412439346 3105.8459604978561 959.13253366947174 7434.1513257026672
leaf_count=666 255 31159 39503 7610 648 4080 3844 14 75 41 4782 2434 1074 6086
internal_value=-0.000933348 -0.00311391 0.000124131 -6.80531e-05 -0.000306526 -0.00022065 0.000787317 0.00113245 0.0072503 0.00102486 0.00154168 -0.000224482 0.00182268 -0.0017619
internal_weight=102363 33446.2 68916.4 57837 45281.7 43563.5 12555.3 11079.3 179.86 10899.5 7742.56 3156.93 4521.31 8113.94
internal_count=102271 37911 64360 56759 44231 43583 12528 7601 89 7512 5037 2475 4918 6752
is_linear=0
shrinkage=0.0386495


Tree=40
num_leaves=15
num_cat=0
split_feature=16 52 25 35 8 23 42 1 46 34 41 28 13 34
split_gain=166.348 11.6324 11.0332 10.9102 12.0848 9.45256 11.7942 10.3906 10.1007 5.73672 11.6765 3.79991 3.50434 3.42903
threshold=-3.498293280601501 1.0000000180025095e-35 -1.3844031343523963e-07 4.7085537910461435 0.053125344216823585 0.18312413245439532 1.0000000180025095e-35 21.059002876281742 1.0000000180025095e-35 63.270141601562507 1.0000000180025095e-35 6.4518020153045663 8.9345102310180682 15.603805065155031
decision_type=2 2 2 2 2 2 2 2 2 2 2 2 2 2
left_child=2 5 13 4 -3 11 7 -7 -8 -5 -11 -2 -13 -1
right_child=1 3 -4 9 -6 6 8 -9 -10 10 -12 12 -14 -15
leaf_value=0.050169759192074802 -0.080065462826264727 0.49008795947574568 -0.11618261749769121 0.056125164733230225 6.7018107399875602 0.088109125875407646 -0.18119568853887605 -0.5852920021356417 2.2944517778111053 0.33137902389900059 1.7975038333721143 -0.022543646132392008 0.46035518371320727 -0.11618261749769121
leaf_weight=675.88284581899643 9804.9150750637054 142.74788725376129 25298.071305334568 6287.8782820105553 79.26541405916214 29002.507316052914 4589.2854763865471 1638.739680826664 128.74166280031204 4405.4482476711273 163.94251894950867 12106.932102024555 348.98842561244965 7451.5076305866241
leaf_count=554 12052 95 31192 5628 22 24897 1608 594 47 3686 56 15350 159 6198
internal_value=-0.000944408 0.000142854 -0.00318067 0.00128995 0.00976677 -7.6743e-05 0.000314904 0.000593257 -0.00148006 0.00110951 0.00215381 -0.000701414 -0.00024753 -0.00192552
internal_weight=102125 68699.4 33425.5 11079.3 222.013 57620.1 35359.3 30641.2 4718.03 10857.3 4569.39 22260.8 12455.9 8127.39
internal_count=102138 64194 37944 9487 117 54707 27146 25491 1655 9370 3742 27561 15509 6752
is_linear=0
shrinkage=0.0386495


Tree=41
num_leaves=15
num_cat=0
split_feature=16 12 52 35 8 42 11 2 29 24 25 33 13 5
split_gain=164.733 12.2978 10.9608 9.87156 13.1069 6.90928 9.90542 8.24815 8.24673 12.5526 5.7136 5.38746 4.49425 4.28018
threshold=-3.498293280601501 -0.35529348254203791 1.0000000180025095e-35 4.7085537910461435 0.053125344216823585 1.0000000180025095e-35 0.0083550368435680884 -0.56492027640342701 21.331123352050785 75.427597045898452 -1.3844031343523963e-07 11.983333110809328 1.0356264710426333 62.073150634765632
decision_type=2 2 2 2 2 2 2 2 2 2 2 2 2 2
left_child=1 11 5 4 -4 8 7 -7 12 -10 -3 -1 -2 -5
right_child=2 10 3 13 -6 6 -8 -9 9 -11 -12 -13 -14 -15
leaf_value=2.1115533452504334 -0.11209868235383061 -0.11169221241560913 0.47114628376473966 0.14115324976015328 6.442788816965467 0.23190431030221401 -0.14212559426728646 -0.018550151056286889 0.076944347054896903 0.7411795782752002 -0.11169221241560913 -0.073540208756443251 -0.0064811849616483695 1.1388410097406476
leaf_weight=59.561087846755981 6313.2227956056595 6767.1664571762085 142.74788725376129 10253.772454500198 79.26541405916214 542.39164656400681 5609.0996209383011 1177.1875960826874 20890.554900705814 118.36452269554138 24748.151237607002 1850.5829991102219 22969.288656175137 603.49659413099289
leaf_count=40 8099 5550 95 8952 22 287 2234 583 14364 38 30900 1454 29102 418
internal_value=-0.000954499 -0.00317987 0.000127464 0.00124101 0.00930633 -8.56795e-05 -0.00119466 0.00135048 7.48146e-05 0.000660032 -0.00336246 -0.000136668 -0.00034309 0.00106906
internal_weight=102125 33425.5 68699.4 11079.3 222.013 57620.1 7328.68 1719.58 50291.4 21008.9 31515.3 1910.14 29282.5 10857.3
internal_count=102138 37944 64194 9487 117 54707 3104 870 51603 14402 36450 1494 37201 9370
is_linear=0
shrinkage=0.0386495


Tree=42
num_leaves=15
num_cat=0
split_feature=16 12 23 1 2 28 32 34 36 25 16 33 3 6
split_gain=162.807 12.1356 9.46314 6.08651 5.96982 10.3618 5.95898 8.20083 6.23326 5.7136 5.38896 4.80501 3.6923 3.18923
threshold=-3.498293280601501 -0.35529348254203791 0.14288789033889773 -2.2292370796203609 29.205974578857425 62.966836929321296 168.50000000000003 119.7843475341797 -0.93130770325660694 -1.3844031343523963e-07 1.3662191629409792 11.983333110809328 2.0003253221511845 6.7500858306884775
decision_type=2 2 2 2 2 2 2 2 2 2 2 2 2 2
left_child=1 11 10 6 5 -5 7 -4 -8 -3 12 -1 -2 -14
right_child=2 9 3 4 -6 -7 8 -9 -10 -11 -12 -13 13 -15
leaf_value=2.0299427732318747 -0.047719579903965116 -0.10737535943826929 0.14050784838926952 0.0070937016985247389 -0.65518207015260499 0.73007770851396558 0.9051958467208483 0.93812308316328696 -0.060524668242338195 -0.10737535943826929 -0.1116282093948109 -0.070697913288759559 0.0017275114013818758 0.40538670284479272
leaf_weight=59.561087846755981 9455.0967252850533 6767.1664571762085 12390.586417555809 31820.370860874653 2097.8922906517982 1430.0985277295113 74.156420648097992 645.86411768198013 3939.671299636364 24748.151237607002 3269.1303988695145 1850.5829991102219 2652.2212604880333 924.30376929044724
leaf_count=40 10862 5550 8843 29575 852 836 72 342 3770 30900 4310 1454 3552 1180
internal_value=-0.000968747 -0.00318106 0.000106865 0.000360603 6.95169e-05 0.000197308 0.0009606 0.00136236 -0.00032985 -0.00336246 -0.000705162 -0.000157556 -0.000347708 0.00070146
internal_weight=102125 33425.5 68699.4 52398.6 35348.4 33250.5 17050.3 13036.5 4013.83 31515.3 16300.8 1910.14 13031.6 3576.53
internal_count=102138 37944 64194 44290 31263 30411 13027 9185 3842 36450 19904 1494 15594 4732
is_linear=0
shrinkage=0.0386495


Tree=43
num_leaves=15
num_cat=0
split_feature=8 49 32 9 42 34 27 28 25 5 6 34 38 36
split_gain=159.191 9.91759 9.31821 7.78236 8.75606 7.84411 5.91771 8.33385 4.33412 4.19258 3.34838 2.93518 2.60124 3.97988
threshold=1.0000000180025095e-35 1.5000000000000002 49.500000000000007 0.045210894197225578 1.0000000180025095e-35 144.93672180175784 0.0004307833878556267 94.60632705688478 -1.3844031343523963e-07 -13.945504665374754 -6.247955083847045 35.966564178466804 -0.9159332513809203 0.071484025567770018
decision_type=2 2 2 2 2 2 2 2 2 2 2 2 2 2
left_child=8 2 6 5 -5 -4 7 -2 -1 11 -8 -3 13 -11
right_child=1 9 3 4 -6 -7 10 -9 -10 12 -12 -13 -14 -15
leaf_value=-0.10322535085611992 0.1526959012688523 0.39667825883664737 -0.023486305856687595 -0.050131981967374478 -0.17350765188093459 0.18017949724819418 0.14894118957012287 11.984281234419987 -0.10322535085611992 0.20554405847442228 -0.091201839116556119 0.94179326758167736 0.18261802056703896 0.77524269200182427
leaf_weight=5841.9139060974121 11960.793389201164 62.319036960601807 27733.515354096889 13859.39129948616 3208.1867002248764 6752.6442345380783 2512.1033253073692 350.63037073612213 23159.266802668571 271.92380213737488 5051.7981889843941 55.517406582832336 1264.8488699793816 40.001183450222015
leaf_count=5212 9459 52 28277 12592 1175 6874 1963 112 30262 321 4236 55 1514 34
internal_value=-0.000973621 -1.18155e-05 -8.19718e-05 -0.000356782 -0.00103181 -2.09837e-05 0.000627895 0.00115132 -0.00339655 0.00290776 -0.000216478 0.0100327 0.00232654 0.00554724
internal_weight=102125 73123.7 71429.1 51553.7 17067.6 34486.2 19875.3 12311.4 29001.2 1694.61 7563.9 117.836 1576.77 311.925
internal_count=102138 66664 64688 48918 13767 35151 15770 9571 35474 1976 6199 107 1869 355
is_linear=0
shrinkage=0.0386495


Tree=44
num_leaves=15
num_cat=0
split_feature=8 49 23 42 11 1 25 10 11 5 11 0 0 0
split_gain=158.09 8.94534 8.05704 8.29731 15.0377 5.79696 4.33412 4.08628 5.6337 3.85711 3.1064 2.70445 8.4595 2.14261
threshold=1.0000000180025095e-35 1.5000000000000002 0.14288789033889773 1.0000000180025095e-35 0.011710876598954202 21.059002876281742 -1.3844031343523963e-07 0.057929253205657012 0.38071279227733618 -13.945504665374754 0.073067508637905135 4.1345000267028817 1.3345000147819521 0.03024999983608723
decision_type=2 2 2 2 2 2 2 2 2 2 2 2 2 2
left_child=6 2 7 5 -5 -4 -1 8 -2 10 -3 12 -11 -8
right_child=1 9 3 4 -6 -7 13 -9 -10 11 -12 -13 -14 -15
leaf_value=-0.099235738209518642 -0.035903467228252661 1.4985318554691782 0.050076365230371567 0.93756635496101093 -0.15840524659930702 -0.45875061244629017 -0.099235738209518642 -0.09837297706925284 18.69790681909641 0.151928497595189 0.15723725806987826 -0.085918522400791925 0.74605881194749069 -0.19004468948742054
leaf_weight=5841.9139060974121 11604.277038991451 64.962981879711151 45664.578470110893 1279.2239882946014 6294.0764044523239 1938.9399664998055 23083.114139914513 4574.2726413011551 73.694352924823761 1197.2442328929901 52.873461663722992 203.54469001293182 175.98493266105652 76.152662754058838
leaf_count=5212 13688 61 41542 722 1963 798 30251 5956 19 1378 46 270 221 11
internal_value=-0.000982007 -2.35277e-05 -9.01924e-05 0.000131683 -0.00105462 0.000321668 -0.00339655 -0.000846957 -0.000456615 0.00274906 0.00958619 0.00218988 0.0028227 -0.00363916
internal_weight=102125 73123.7 71429.1 55176.8 7573.3 47603.5 29001.2 16252.2 11678 1694.61 117.836 1576.77 1373.23 23159.3
internal_count=102138 66664 64688 45025 2685 42340 35474 19663 13707 1976 107 1869 1599 30262
is_linear=0
shrinkage=0.0386495


Tree=45
num_leaves=15
num_cat=0
split_feature=9 52 33 5 5 49 13 35 28 5 13 16 26 26
split_gain=154.975 10.1035 9.70621 7.98845 7.46752 6.93077 6.90439 5.73017 5.52207 5.36723 4.45078 4.12096 5.00663 3.88541
threshold=1.0000000180025095e-35 1.0000000180025095e-35 113.56904602050783 4.831005573272706 -6.6970696449279776 1.0000000180025095e-35 1.8295034766197207 126.49353790283205 33.341030120849616 40.288143157958991 5.6551811695098886 -3.498293280601501 -0.0070392861962318412 -3.2586838116799293e-08
decision_type=2 2 2 2 2 2 2 2 2 2 2 2 2 2
left_child=13 2 4 5 8 -4 11 -6 -2 -8 -5 -3 -13 -1
right_child=1 6 3 10 7 -7 9 -9 -10 -11 -12 12 -14 -15
leaf_value=-0.095400322268841931 0.095049457528641648 -0.095400322268841931 -0.095400322268841931 0.026189533724463743 -0.021873745312376264 0.0017286823366901571 -0.1102736008276211 1.2773796027431941 0.82843578718872346 1.7078332344725611 0.3809794522202728 -0.10736090765667272 0.38775258886443642 -0.095400322268841931
leaf_weight=5372.9912199378014 8160.2270529866219 1102.8088991641998 17020.766803562641 6435.1919255852699 22892.380135059357 6022.9700312614441 3110.6966901421547 126.13039028644562 398.68262815475464 61.152335405349731 358.10067993402481 979.08282214403152 7209.3874471783638 22688.746875226498
leaf_count=5259 7006 962 16931 7454 18218 6503 2323 106 217 37 188 1117 6365 29621
internal_value=-0.000984912 -5.53257e-05 -0.000259684 -0.00075994 0.000211182 -0.00110396 0.000946919 -0.000149023 0.00118651 -0.000596772 0.000398466 0.00148016 0.00178086 -0.00342997
internal_weight=101939 73877.6 61414.4 29837 31577.4 23043.7 12463.1 23018.5 8558.91 3171.85 6793.29 9291.28 8188.47 28061.7
internal_count=102307 67427 56623 31076 25547 23434 10804 18324 7223 2360 7642 8444 7482 34880
is_linear=0
shrinkage=0.0386495


Tree=46
num_leaves=15
num_cat=0
split_feature=8 52 33 5 5 13 49 34 28 5 25 13 33 54
split_gain=156.394 8.63416 8.43466 7.08614 6.53301 6.05002 5.96849 5.9348 5.5014 5.33045 4.80282 4.4595 3.60645 10.9882
threshold=1.0000000180025095e-35 1.0000000180025095e-35 113.56904602050783 4.831005573272706 -6.6970696449279776 1.8295034766197207 1.0000000180025095e-35 94.814147949218764 33.341030120849616 40.288143157958991 -1.3844031343523963e-07 5.6551811695098886 235.34666442871097 0.3042538464069367
decision_type=2 2 2 2 2 2 2 2 2 2 2 2 2 2
left_child=10 2 4 6 8 12 -4 -6 -2 -7 -1 -5 -3 -14
right_child=1 5 3 11 7 9 -8 -9 -10 -11 -12 -13 13 -15
leaf_value=-0.091713143401858738 0.090838197893277475 0.12794749981260586 -0.10218709546764623 0.025177320212093603 -0.021028335050236002 -0.13651361445238411 0.0019977667767407982 1.0858686320780713 0.79641712252879837 1.6418262602745777 -0.091713143401858738 0.36625477046267024 1.1196633755646717 0.41481922151081851
leaf_weight=5804.0545761585236 8150.4494811892509 6522.7344852685928 16681.9694262743 6435.1919255852699 22586.662989199162 3049.931802213192 5978.7961124777794 189.98909115791321 398.68262815475464 61.152335405349731 23096.404149413109 358.10067993402481 134.67897081375122 2490.5172827839851
leaf_count=5203 6993 6105 16761 7454 18021 2268 6465 213 217 37 30222 188 76 2084
internal_value=-0.000987744 -3.46517e-05 -0.000224145 -0.000694136 0.000215929 0.000900006 -0.00102306 -0.000123751 0.0011275 -0.000558764 -0.00339428 0.000394529 0.00140246 0.00262343
internal_weight=101939 73038.9 60779.8 29454.1 31325.8 12259 22660.8 22776.7 8549.13 3111.08 28900.5 6793.29 9147.93 2625.2
internal_count=102307 66882 56312 30868 25444 10570 23226 18234 7210 2305 35425 7642 8265 2160
is_linear=0
shrinkage=0.0386495


Tree=47
num_leaves=15
num_cat=0
split_feature=8 23 23 24 5 13 6 13 36 27 9 25 38 28
split_gain=154.651 8.04675 13.8886 9.09748 8.22177 8.74514 7.72842 6.9595 11.655 5.62473 4.81289 4.80282 4.69159 4.14395
threshold=1.0000000180025095e-35 3.2683293819427495 0.32559643685817724 27.021780014038089 19.351019859313968 5.6551811695098886 -1.0571525692939756 0.74962985515594494 0.030937552452087406 0.0004307833878556267 0.054951114580035217 -1.3844031343523963e-07 -0.24492253363132474 6.4518020153045663
decision_type=2 2 2 2 2 2 2 2 2 2 2 2 2 2
left_child=11 2 4 10 12 -6 7 -3 -9 -5 -4 -1 -2 -8
right_child=1 6 3 9 5 -7 13 8 -10 -11 -12 -13 -14 -15
leaf_value=-0.088168472313400831 -0.070596010485314178 -0.069806777465304767 0.10544832727154752 0.29664015745032007 0.17321960120052945 0.26992065282684363 0.33241320212981207 -0.17066942772921731 4.2854535535313962 0.051232171308232925 -0.28429925907718628 -0.088168472313400831 -0.0049212655705989069 -0.1577160628403434
leaf_weight=5804.0545761585236 20871.064348220825 1175.7658384442329 1559.3417748808861 13141.843924939632 1746.1937077045441 178.72666251659393 221.30872732400894 235.42366713285446 173.57602888345718 7553.034342110157 1958.1137508749962 23096.404149413109 20568.820367515087 3655.6440699100494
leaf_count=5203 23243 219 1317 8506 1907 80 46 40 32 5246 1194 30222 24399 653
internal_value=-0.00100118 -5.33972e-05 6.1127e-05 0.000803342 -0.000351963 0.00211052 -0.0014805 0.00076516 0.00511224 0.00111353 -0.0010048 -0.00339428 -0.000467843 -0.00241332
internal_weight=101939 73038.9 67577.1 24212.3 43364.8 1924.92 5461.72 1584.77 409 20694.9 3517.46 28900.5 41439.9 3876.95
internal_count=102307 66882 65892 16263 49629 1987 990 291 72 13752 2511 35425 47642 699
is_linear=0
shrinkage=0.0386495


Tree=48
num_leaves=15
num_cat=0
split_feature=8 49 23 23 24 24 25 29 25 16 3 45 16 23
split_gain=154.703 8.49474 7.77742 9.62504 8.98457 7.3824 4.87648 3.53027 4.85038 3.522 3.60694 2.78607 2.16437 2.00588
threshold=1.0000000180025095e-35 1.5000000000000002 0.1386688053607941 3.2683293819427495 21.795414924621586 49.999616622924812 -1.3844031343523963e-07 60.612764358520515 -0.0014708185335621236 1.3662191629409792 2.6454091072082524 1.0000000180025095e-35 1.5406236052513125 0.10214705392718317
decision_type=2 2 2 2 2 2 2 2 2 2 2 2 2 2
left_child=6 2 9 4 -4 -5 13 11 -9 10 -2 12 -3 -1
right_child=1 7 3 5 -6 -7 -8 8 -10 -11 -12 -13 -14 -15
leaf_value=0.30173462982558003 -0.064556489192579045 0.23652840646312515 -0.14464216394337298 0.03436680168173576 0.05282561208072277 -0.15162040907252974 -0.084760801142940434 1.6588412068145379 0.3147556608512031 -0.10063851428637897 0.058367422774874639 -0.45310092686606457 -0.085888927594683862 -0.084760801142940434
leaf_weight=188.0934334397316 9928.9402536153793 1161.7481082677841 3734.9296278953552 2102.5199938416481 46633.374941587448 3340.3418801426888 23096.404149413109 92.354430735111237 118.30963331460953 3029.2277708053589 2629.6207144856453 132.18540185689926 135.30445390939713 5615.961142718792
leaf_count=206 11376 1475 3015 399 42187 581 30222 53 58 3957 3448 147 186 4997
internal_value=-0.000998926 -5.09901e-05 -0.000114973 9.72807e-05 0.000265119 -0.00144478 -0.00339243 0.00269616 0.00744495 -0.000878567 -0.00058659 0.00194627 0.002517 -0.00236067
internal_weight=101939 73038.9 71399 55811.2 50368.3 5442.86 28900.5 1639.9 210.664 15587.8 12558.6 1429.24 1297.05 5804.05
internal_count=102307 66882 64963 46182 45202 980 35425 1919 111 18781 14824 1808 1661 5203
is_linear=0
shrinkage=0.0386495


end of trees

feature_importances:
price_log=61
bb_width=45
return_1d=35
macd_line=30
volume_lag_7d=30
return_30d=29
macd_missing=26
events_next_30d_game_update=26
price_zscore_30d=23
price_std_60d=22
price_std_14d=21
volume_std_30d=20
item_type_sticker=20
volume_std_60d=19
vol_regime_60_30=18
distance_to_resistance=18
volume_mean_30d=18
price_std_7d=15
volume_log_change_1d=15
price_lag_1d=13
return_14d=13
price_std_20d=12
macd_histogram=12
distance_to_support=12
item_volume_vs_market_30d=12
return_3d=11
return_7d=11
bb_pct_b=11
macd_signal=11
return_60d=10
rsi_14=10
volume_lag_1d=10
volume_zscore_30d=10
volume_log_change_7d=7
events_next_30d_major=5
trend_divergence_30_60=4
autocorr_1d=4
price_std_30d=3
rsi_missing=3
events_next_30d_operation=3
price_accel_7d=2
item_type_skin=2
log_return_1d=1
volume_price_conf_1d=1
dow_sin=1
dow_cos=1

parameters:
[boosting: gbdt]
[objective: quantile]
[metric: quantile]
[tree_learner: serial]
[device_type: cpu]
[data_sample_strategy: bagging]
[data: ]
[valid: ]
[num_iterations: 1000]
[learning_rate: 0.0386495]
[num_leaves: 15]
[num_threads: -1]
[seed: 128]
[deterministic: 0]
[force_col_wise: 0]
[force_row_wise: 0]
[histogram_pool_size: -1]
[max_depth: 5]
[min_data_in_leaf: 30]
[min_sum_hessian_in_leaf: 0.001]
[bagging_fraction: 0.7]
[pos_bagging_fraction: 1]
[neg_bagging_fraction: 1]
[bagging_freq: 5]
[bagging_seed: 7259]
[bagging_by_query: 0]
[feature_fraction: 0.85]
[feature_fraction_bynode: 1]
[feature_fraction_seed: 2349]
[extra_trees: 0]
[extra_seed: 22898]
[early_stopping_round: 0]
[early_stopping_min_delta: 0]
[first_metric_only: 0]
[max_delta_step: 0]
[lambda_l1: 1.5]
[lambda_l2: 2]
[linear_lambda: 0]
[min_gain_to_split: 0.1]
[drop_rate: 0.1]
[max_drop: 50]
[skip_drop: 0.5]
[xgboost_dart_mode: 0]
[uniform_drop: 0]
[drop_seed: 14092]
[top_rate: 0.2]
[other_rate: 0.1]
[min_data_per_group: 100]
[max_cat_threshold: 32]
[cat_l2: 10]
[cat_smooth: 10]
[max_cat_to_onehot: 4]
[top_k: 20]
[monotone_constraints: ]
[monotone_constraints_method: basic]
[monotone_penalty: 0]
[feature_contri: ]
[forcedsplits_filename: ]
[refit_decay_rate: 0.9]
[cegb_tradeoff: 1]
[cegb_penalty_split: 0]
[cegb_penalty_feature_lazy: ]
[cegb_penalty_feature_coupled: ]
[path_smooth: 0]
[interaction_constraints: ]
[verbosity: -1]
[saved_feature_importance_type: 0]
[use_quantized_grad: 0]
[num_grad_quant_bins: 4]
[quant_train_renew_leaf: 0]
[stochastic_rounding: 1]
[linear_tree: 0]
[max_bin: 63]
[max_bin_by_feature: ]
[min_data_in_bin: 3]
[bin_construct_sample_cnt: 200000]
[data_random_seed: 456]
[is_enable_sparse: 1]
[enable_bundle: 1]
[use_missing: 1]
[zero_as_missing: 0]
[feature_pre_filter: 0]
[pre_partition: 0]
[two_round: 0]
[header: 0]
[label_column: ]
[weight_column: ]
[group_column: ]
[ignore_column: ]
[categorical_feature: ]
[forcedbins_filename: ]
[precise_float_parser: 0]
[parser_config_file: ]
[objective_seed: 18400]
[num_class: 1]
[is_unbalance: 0]
[scale_pos_weight: 1]
[sigmoid: 1]
[boost_from_average: 1]
[reg_sqrt: 0]
[alpha: 0.9]
[fair_c: 1]
[poisson_max_delta_step: 0.7]
[tweedie_variance_power: 1.5]
[lambdarank_truncation_level: 30]
[lambdarank_norm: 1]
[label_gain: ]
[lambdarank_position_bias_regularization: 0]
[eval_at: ]
[multi_error_top_k: 1]
[auc_mu_weights: ]
[num_machines: 1]
[local_listen_port: 12400]
[time_out: 120]
[machine_list_filename: ]
[machines: ]
[gpu_platform_id: -1]
[gpu_device_id: -1]
[gpu_use_dp: 0]
[num_gpu: 1]

end of parameters

pandas_categorical:[]
