tree
version=v4
num_class=1
num_tree_per_iteration=1
label_index=0
max_feature_idx=3
objective=quantile
feature_names=price_log price_lag_1d price_lag_3d price_std_7d
feature_infos=[-3.5065579414367676:6.86767578125] [0.029999999329447746:960.7130126953125] [0.029999999999999999:928.88] [0:167.40560913085938]
tree_sizes=3005 4265 3261 4274 3266 3157 3367 3359 3591 3158 4310 4281 3365 3365 3367 3358 3361 3577 4284 4294 3059 3381 3696 4189 3073 4317

Tree=0
num_leaves=28
num_cat=0
split_feature=3 0 0 0 1 3 0 3 0 0 1 1 0 3 3 1 1 0 0 1 3 3 3 0 3 0 1
split_gain=931.179 169.078 41.7942 28.2501 18.4454 16.5469 10.2141 8.98955 13.986 12.2931 11.4443 8.27881 8.12019 7.11561 4.30276 4.35188 8.94339 4.02521 3.09159 2.07423 1.6999 1.4213 3.3844 1.05478 1.86608 1.2749 0.77081
threshold=1.0000000180025095e-35 -1.1417810916900633 -3.498293280601501 -2.5102292299270625 0.28024999797344213 0.0037882957840338354 -3.1641684770584102 0.49216526746749883 2.4886081218719487 1.3748541474342348 6.8265001773834237 0.12725000083446505 -2.1434490680694576 0.13121456652879718 0.010747369378805162 0.055250000208616264 0.03824999928474427 -3.0737084150314327 -1.9501707553863523 12.7814998626709 0.85696265101432811 0.032071718946099288 0.084958255290985121 -0.79352030158042897 0.073867965489625945 -1.0751401782035825 0.03024999983608723
decision_type=2 2 2 2 2 2 2 2 2 2 2 2 2 2 2 2 2 2 2 2 2 2 2 2 2 2 2
left_child=-1 2 14 5 23 17 -7 9 10 13 -9 12 -5 -6 15 16 -2 -4 -13 -11 -10 26 -23 24 25 -3 -16
right_child=1 4 3 11 7 6 -8 8 20 19 -12 18 -14 -15 21 -17 -18 -19 -20 -21 -22 22 -24 -25 -26 -27 -28
leaf_value=19.680341733496761 20.856280726164925 19.722751856924127 21.304994354452425 20.966525009355994 20.629057495052631 22.298643459284648 21.444250264553865 20.748702720880011 20.355005916879385 20.47337966812124 21.465683774530834 21.150265453304538 20.627895939914335 20.914923363913143 19.680341733496761 19.680341733496761 22.256319953381162 20.908379291792937 21.080742046627236 20.265562650570391 20.648212052352402 21.899661347760894 19.827334107580281 19.7282792329021 17.877525463909379 20.659933816660018 20.121318866261038
leaf_weight=83179.526607513428 4354.7423954606056 70.576209962368011 10231.02823549509 16853.976810872555 50519.629083395004 3372.1228635311127 14342.185603916645 3130.9881563186646 1091.0232979655266 12879.218190193176 2860.9233251810074 4353.6430760622025 4371.7536590695381 5860.4557949900627 431.98371088504791 715.5410441160202 139.34191787242889 14834.083934664726 26827.917412996292 2106.5842357873917 4732.4877060055733 743.33088850975037 1827.8808999061584 1752.7961716651917 261.46567130088806 150.34213501214981 176.21279060840607
leaf_count=95491 3526 31 8975 14657 59637 1691 8911 1040 1356 15950 1389 3976 3552 4633 121 95 107 13329 25817 2710 4280 117 199 228 48 39 50
internal_value=20.5882 20.5899 20.5911 20.5914 20.5885 20.5922 20.5933 20.5886 20.5897 20.5884 20.5912 20.5907 20.59 20.5887 20.5881 20.5889 20.5894 20.5915 20.5912 20.5873 20.5882 20.5869 20.5873 20.5845 20.5864 20.5893 20.585
internal_weight=272172 188992 103576 95186.7 85416.5 42779.4 17714.3 83181.3 11815.4 71365.9 5991.91 52407.3 21225.7 56380.1 8389.03 5209.63 4494.08 25065.1 31181.6 14985.8 5823.51 3179.41 2571.21 2235.18 482.384 220.918 608.197
internal_count=271955 176464 85123 80908 91341 32906 10602 90995 8065 82930 2429 48002 18209 64270 4215 3728 3633 22304 29793 18660 5636 487 316 346 118 70 171
is_linear=0
shrinkage=1


Tree=1
num_leaves=39
num_cat=0
split_feature=1 0 2 1 2 2 0 0 2 0 2 1 0 2 1 0 0 0 1 0 0 1 1 0 2 0 2 0 2 2 0 0 2 2 1 2 1 0
split_gain=856.352 175.123 29.9499 22.5905 17.5066 16.4877 15.1819 14.6076 13.3973 10.1802 8.54972 8.15996 7.81304 7.76249 7.35201 6.11917 5.52428 3.70273 8.80622 6.37 2.39015 2.02948 4.43369 1.8639 1.62842 1.50864 1.47158 2.14414 1.88534 1.19203 0.892387 0.929078 0.877527 1.09781 0.801609 0.647708 1.13661 0.596527
threshold=0.03024999983608723 -1.1417810916900633 0.28225000000000006 0.082250002771615996 0.030250000000000003 0.055250000000000007 -2.8430203199386592 -3.0737084150314327 0.03425000000000001 -2.3202432394027706 0.70650000000000002 0.055250000208616264 -2.5102292299270625 0.94925000000000004 0.047249998897314079 -3.498293280601501 -3.3740954399108882 2.4886081218719487 12.7814998626709 1.845142185688019 -0.66310319304466236 0.46349999308586126 1.6004999876022341 1.1130081415176394 0.23925000000000002 -3.3740954399108882 0.03425000000000001 -3.498293280601501 0.051250000000000011 0.04225000000000001 -3.3740954399108882 -3.1641684770584102 0.5465000000000001 2.6635000000000004 10.123000144958498 0.082250000000000018 0.088250000029802336 -2.023062944412231
decision_type=2 2 2 2 2 2 2 2 2 2 2 2 2 2 2 2 2 2 2 2 2 2 2 2 2 2 2 2 2 2 2 2 2 2 2 2 2 2
left_child=4 3 20 7 15 26 21 8 25 11 12 -9 -8 -12 -10 -1 -17 18 23 -20 35 -5 -23 -4 30 -2 -6 29 -29 -28 -7 -32 -26 -34 -19 -3 -37 -11
right_child=1 2 17 6 5 24 10 9 14 37 13 -13 -14 -15 -16 16 -18 34 19 -21 -22 22 -24 -25 32 -27 27 28 -30 -31 31 -33 33 -35 -36 36 -38 -39
leaf_value=-0.86785806694585166 0.76750677772749232 -4.5210229135621098 0.09017293680845162 -0.68503202724100742 0.35720641132840386 -0.86785806694585166 1.2592432642271261 0.36083089118893646 1.0649399189956379 -0.6891544742721889 1.8476464779138446 0.50992813380798419 0.42831451879307986 0.10397983598016654 1.338806876593591 1.19425877114929 -1.5694688589111083 -1.5217739432330575 -0.0228015052384123 1.4948147820617492 -0.55838641381671206 0.24466873622444912 -0.87434009451200823 0.017121433810425083 -1.2579682926371412 0.38161004275048083 0.38658490653457839 1.4770326837149852 6.1099917246341597 -0.86785806694585166 2.2103352263288047 -2.7428856479065709 -0.94783633412233792 0.5955836252957688 -0.092937599509148691 -0.23531869782305162 -0.42997018210427118 -2.4015702614343972
leaf_weight=85757.15932559967 2803.7773774266243 151.02506542205811 53395.305127203465 1459.8451409339905 1155.8210638165474 1545.5627047419548 1640.1138612627983 8483.6278237104416 9519.2502292394638 253.51649153232574 87.862637639045715 18948.777905225754 49761.075965940952 244.93215656280518 1250.4217143058777 613.37151098251343 593.84008491039276 291.88446140289307 80.1681809425354 347.70573484897614 3030.0799944400787 205.01328468322754 149.10057067871094 19187.318462014198 116.2519154548645 1235.4359209537506 279.60424470901489 219.97509610652924 7.44382619857788 93.566143035888672 30.318248748779297 29.017242431640625 139.7817850112915 55.912714004516602 7749.7395529747009 154.73557615280151 832.83332335948944 270.5893646478653
leaf_count=97261 2437 18 60236 218 892 216 915 6550 7267 112 16 15128 46516 30 831 497 250 72 10 116 405 22 16 21496 13 947 209 146 4 51 7 5 15 6 8665 20 282 58
internal_value=-7.11213e-05 0.00167669 0.000220627 0.00296505 -0.00357172 -0.000589543 0.00236141 0.0037208 0.00484074 0.00312741 0.00250046 0.00324374 0.00245472 0.00953645 0.00565308 -0.00369768 -0.000579448 0.000408125 0.000507044 0.00680746 -0.00342414 -0.00160323 0.00138864 0.000469809 -0.00341676 0.00267397 0.00249611 0.00426563 0.00763255 0.00219883 -0.00398312 0.00130467 -0.000499557 -0.00229814 -0.000489911 -0.00169949 -0.00128544 -0.0029563
internal_weight=272172 181534 85220.8 96313.3 90637.6 3673.25 53547.9 42765.4 14808.9 27956.5 51734 27432.4 51401.2 332.795 10769.7 86964.4 1207.21 81052.1 73010.5 427.874 4168.67 1813.96 354.114 72582.6 1916.84 4039.21 1756.41 600.589 227.419 373.17 1604.9 59.3355 311.946 195.694 8041.62 1138.59 987.569 524.106
internal_count=271955 172383 91320 81063 99572 1564 47733 33330 11482 21848 47477 21678 47431 46 8098 98008 747 90595 81858 126 725 256 38 81732 262 3384 1302 410 150 260 228 12 34 21 8737 320 302 170
is_linear=0
shrinkage=0.0440977


Tree=2
num_leaves=29
num_cat=0
split_feature=3 1 1 1 3 2 1 3 1 3 3 3 1 2 3 2 1 1 2 3 1 2 3 1 3 3 3 3
split_gain=855.643 111.555 30.5361 21.789 13.9497 11.43 10.7683 10.1743 11.8127 13.6624 9.59649 13.745 8.69239 7.79754 6.02743 5.16725 4.02795 3.97817 4.0128 5.01398 3.17077 2.52631 2.49962 2.47247 2.04054 3.43497 1.47624 1.37974
threshold=1.0000000180025095e-35 0.331499993801117 0.03024999983608723 0.082250002771615996 0.0037882957840338354 0.088250000000000009 0.088250000029802336 0.49216526746749883 3.2209999561309819 0.084958255290985121 0.002640118589624763 0.021855042316019539 48.718500137329109 0.060250000000000005 0.010747369378805162 0.03425000000000001 0.076249998062849059 1.6004999876022341 0.076250000000000012 0.0035615330561995511 0.42724999785423284 0.87850000000000017 0.00082657829625532042 12.7814998626709 0.032071718946099288 0.084958255290985121 2.1339553594589238 0.0050071375444531449
decision_type=2 2 2 2 2 2 2 2 2 2 2 2 2 2 2 2 2 2 2 2 2 2 2 2 2 2 2 2
left_child=-1 2 14 10 6 17 -5 8 9 -7 16 -12 21 -6 15 22 -4 18 20 -20 -3 -9 -2 -10 -16 -26 -14 -17
right_child=1 5 3 4 13 7 -8 12 23 -11 11 -13 26 -15 24 27 -18 -19 19 -21 -22 -23 -24 -25 25 -27 -28 -29
leaf_value=-0.82958751074503878 0.85709324918714058 -0.8441317485895643 0.36096717094227598 -0.14970466013180053 -0.65859097431687541 0.030564083263674647 0.27409489132808701 -0.14634514680431029 -0.092390723011896325 0.41514149456710192 0.838352430403555 0.20713906404458401 -0.36335759697181785 0.49229447362720213 -0.82958751074503878 0.377278954425256 0.5819608613021845 -0.58644886738815816 0.21170927113876664 -0.4029547778841176 0.39188789443292943 0.50460167485934204 -0.14648187137040211 -0.30291248894924816 1.4870124743394337 -0.81886656943245839 -0.032729674265738161 0.17317250637913018
leaf_weight=83179.526607513428 1473.6009522080421 105.77300500869751 16949.267700850964 4107.2218704223633 594.98510092496872 44181.171718239784 11161.357044398785 381.63794529438019 15432.571708977222 7663.3279238939285 20819.144354999065 4383.5432494282722 657.1839656829834 39097.966419458389 566.47211706638336 323.61893564462662 954.54969412088394 1199.3988227844238 38.593161106109619 1040.4268441200256 371.25136566162109 8404.2786197662354 2523.7699285745621 2098.8656035661697 716.06867754459381 1738.9671471118927 1792.5441088676453 214.67723602056503
leaf_count=95491 1239 12 15589 1795 145 53009 12315 58 19259 6626 16068 771 839 34809 162 256 922 150 5 135 40 5350 2028 2709 108 190 1742 133
internal_value=-0.000140663 0.00149965 0.00245146 0.0026596 0.00207741 0.000293704 0.000944592 0.00038918 0.000189797 0.00052441 0.00340184 0.00395648 0.00162017 0.00251313 -0.000249501 0.000766925 0.0026209 -0.00249861 -0.00102644 -0.00251476 0.00233833 0.00226778 0.000220225 -0.000799702 -0.00177503 -0.00122356 -0.000702457 0.00481876
internal_weight=272172 188992 105625 98068 54961.5 83367 15268.6 80611.6 69375.9 51844.5 43106.5 25202.7 11235.6 39693 7557.17 4535.67 17903.8 2755.44 1556.04 1079.02 477.024 8785.92 3997.37 17531.4 3021.51 2455.04 2449.73 538.296
internal_count=271955 176464 86530 82414 49064 89934 14110 89592 81603 59635 33350 16839 7989 34954 4116 3656 16511 342 192 140 52 5408 3267 21968 460 298 2581 389
is_linear=0
shrinkage=0.0440977


Tree=3
num_leaves=39
num_cat=0
split_feature=1 0 2 2 1 2 0 0 2 2 0 2 0 2 0 0 1 0 1 0 0 1 1 1 2 2 2 2 0 0 2 2 1 0 2 1 0 0
split_gain=791.031 137.667 29.3602 16.4013 15.8565 15.4252 13.333 11.6607 12.4418 9.18916 9.12483 7.76249 5.87266 5.75324 5.72787 5.11795 4.68652 3.39666 8.51967 6.20562 2.39015 2.02948 4.43369 1.79376 1.62842 0.917256 1.14947 1.50032 0.892387 0.929078 0.877527 1.09781 0.801609 0.785033 0.647708 1.13661 0.596527 0.571179
threshold=0.03024999983608723 -1.1417810916900633 0.28225000000000006 0.030250000000000003 0.082250002771615996 0.055250000000000007 -2.8430203199386592 -3.1641684770584102 0.03425000000000001 0.70650000000000002 -2.3202432394027706 0.94925000000000004 -3.498293280601501 10.104500000000002 -2.5102292299270625 -3.3740954399108882 0.051249999552965171 2.4886081218719487 12.7814998626709 1.845142185688019 -0.66310319304466236 0.46349999308586126 1.6004999876022341 6.8265001773834237 0.23925000000000002 0.03425000000000001 0.04225000000000001 0.051250000000000011 -3.3740954399108882 -3.1641684770584102 0.5465000000000001 2.6635000000000004 10.123000144958498 -3.3740954399108882 0.082250000000000018 0.088250000029802336 -2.023062944412231 -3.3740954399108882
decision_type=2 2 2 2 2 2 2 2 2 2 2 2 2 2 2 2 2 2 2 2 2 2 2 2 2 2 2 2 2 2 2 2 2 2 2 2 2 2
left_child=3 4 20 12 7 25 21 8 33 14 13 -11 -1 -9 -8 -14 -10 18 23 -20 34 -6 -23 -4 28 37 -27 -28 -7 -30 -26 -32 -19 -2 -3 -36 -12 -5
right_child=1 2 17 5 6 24 9 10 16 11 36 -13 15 -15 -16 -17 -18 32 19 -21 -22 22 -24 -25 30 26 27 -29 29 -31 31 -33 -34 -35 35 -37 -38 -39
leaf_value=-0.79300459855849881 0.71774365709913468 -4.3307905004582743 0.05379486788646877 0.39392464047434861 -0.61705378003368982 -0.79300459855849881 1.1820044552703834 0.43396057730389387 1.2025048894119199 1.7444604327490165 -0.66789869691715231 0.076637120090921315 1.1480542058451764 21.07816806238402 0.39059025960725091 -1.4937993556106777 1.7845402360613609 -1.4769189721895797 -0.015342524674964624 1.406645088424272 -0.51374130560502029 0.21659804444151129 -0.80992264171276451 0.15910183334016012 -1.166384624367107 0.94835199035332474 -0.85785369005297263 0.19895033605459733 2.0962273581158937 -2.5853477508686185 -0.86992877603674634 0.60542989254582502 -0.087815575293207868 0.34881140249057035 -0.21834004817923131 -0.39324009603792326 -2.3048008636870536 -0.56903271549493184
leaf_weight=85757.15932559967 2803.7773774266243 151.02506542205811 65687.067217886448 1084.1558966636658 1459.8451409339905 1545.5627047419548 1640.1138612627983 30727.362913966179 7308.3937522768974 87.862637639045715 253.51649153232574 244.93215656280518 613.37151098251343 9.3187856674194318 49761.075965940952 593.84008491039276 261.40919840335846 291.88446140289307 80.1681809425354 347.70573484897614 3030.0799944400787 205.01328468322754 149.10057067871094 6895.5563713312149 116.2519154548645 450.95347738265991 115.98322027921677 33.652612388134003 30.318248748779297 29.017242431640625 139.7817850112915 55.912714004516602 7749.7395529747009 1131.0289431214333 154.73557615280151 832.83332335948944 270.5893646478653 71.665167152881622
leaf_count=97261 2437 18 74674 847 218 216 915 24311 5407 16 112 30 497 1 46516 250 135 72 10 116 405 22 16 7058 13 332 63 15 7 5 15 6 8665 869 20 282 58 45
internal_value=-0.000204276 0.00147556 0.000184564 -0.00356872 0.00261785 -0.000682181 0.00211212 0.00325103 0.00445149 0.00224242 0.00280911 0.00953645 -0.00369063 0.00290751 0.00219501 -0.000635792 0.00549705 0.000370207 0.000464948 0.00666201 -0.00342414 -0.00160323 0.00138864 0.000428325 -0.00341676 0.00230243 0.00369983 0.000347431 -0.00398312 0.00130467 -0.000499557 -0.00229814 -0.000489911 0.00243916 -0.00169949 -0.00128544 -0.0029563 0.00157374
internal_weight=272172 181534 85220.8 90637.6 96313.3 3673.25 53547.9 42765.4 11504.6 51734 31260.8 332.795 86964.4 30736.7 51401.2 1207.21 7569.8 81052.1 73010.5 427.874 4168.67 1813.96 354.114 72582.6 1916.84 1756.41 600.589 149.636 1604.9 59.3355 311.946 195.694 8041.62 3934.81 1138.59 987.569 524.106 1155.82
internal_count=271955 172383 91320 99572 81063 1564 47733 33330 8848 47477 24482 46 98008 24312 47431 747 5542 90595 81858 126 725 256 38 81732 262 1302 410 78 228 12 34 21 8737 3306 320 302 170 892
is_linear=0
shrinkage=0.0440977


Tree=4
num_leaves=29
num_cat=0
split_feature=3 0 2 0 0 3 3 0 0 3 2 2 3 2 3 3 2 2 0 2 3 3 0 3 3 2 2 0
split_gain=801.343 108.083 29.9162 27.099 16.6704 14.7601 9.59718 12.1334 10.8951 9.768 8.64561 7.28366 7.08103 9.74997 5.44297 4.55019 4.59558 9.35614 4.10745 1.96479 1.78666 1.36367 2.02424 1.33 2.89141 0.740864 0.336811 0.269702
threshold=1.0000000180025095e-35 -1.1417810916900633 0.28225000000000006 -3.498293280601501 -3.0737084150314327 0.002640118589624763 0.49216526746749883 2.4886081218719487 1.3748541474342348 0.13121456652879718 0.03425000000000001 6.823500000000001 0.0065805448684841403 0.051250000000000011 0.0035615330561995511 0.010747369378805162 0.082250000000000018 0.030250000000000003 -2.4505094289779659 12.771500000000001 0.85696265101432811 0.073867965489625945 -0.66310319304466236 0.032071718946099288 0.084958255290985121 0.03425000000000001 0.030250000000000003 3.1623266935348515
decision_type=2 2 2 2 2 2 2 2 2 2 2 2 2 2 2 2 2 2 2 2 2 2 2 2 2 2 2 2
left_child=-1 3 14 15 5 25 8 11 9 -4 -7 -8 18 -14 -3 16 17 -2 -6 -10 -9 22 -16 26 -25 -5 -17 -23
right_child=1 2 6 4 12 10 7 20 19 -11 -12 -13 13 -15 21 23 -18 -19 -20 -21 -22 27 -24 24 -26 -27 -28 -29
leaf_value=-0.75803490914437743 -0.1050526663923943 0.21971436540600314 0.034358458627269051 0.54384208255532784 0.33722207285791006 0.62122355148601571 0.27674332538606272 -0.25100056124184755 -0.10405477540149144 0.35702202886889622 1.3423217651870509 0.76930234686841148 -0.06636757321151443 0.58106762170010851 -0.076153084529069062 -0.75803490914437743 -0.80383742717670925 0.77327522947276395 0.24857484371520827 -0.28568227480323077 0.11972995097955443 -1.024352860475539 -0.3467743660965818 1.4280856397215127 -0.64176172956834587 0.45036716301174501 -0.62362485959017799 -0.75857864467484559
leaf_weight=83179.526607513428 2850.0293053388596 38.593161106109619 49684.668949842453 2772.6684338450432 22161.321733653545 1289.4422714710236 2796.6652096509933 1060.1487690806389 12729.27718269825 5378.5540159344673 5629.4368616342545 2761.1328928470612 2077.4339885115623 32137.880627810955 564.39045625925064 376.88801831007004 733.27006101608276 1626.3259910941124 23805.539956986904 2102.1525988578796 4539.5219004750252 2308.6818299889565 1265.8556842803955 743.33088850975037 1827.8808999061584 5312.9877226948738 231.30848318338394 186.84732675552368
leaf_count=95491 2269 5 59420 2551 19667 861 988 1352 15936 4555 3388 1385 835 23928 205 103 95 1364 24995 2704 4255 348 164 117 199 4683 68 24
internal_value=-0.00026045 0.00132696 0.000165696 0.00228462 0.00249638 0.00384548 0.000357216 0.00155816 0.000165487 0.000451227 0.00534066 0.00301763 0.00224387 0.00272425 -0.00339036 -0.000118045 0.000684238 0.00121441 0.00188625 -0.000895313 0.000109323 -0.0035386 -0.00262165 -0.00143243 -0.000993013 0.00256556 -0.00328542 -0.00420978
internal_weight=272172 188992 85416.5 103576 95186.7 15004.5 81052.1 11157.5 69894.7 55063.2 6918.88 5557.8 80182.2 34215.3 4364.37 8389.03 5209.63 4476.36 45966.9 14831.4 5599.67 4325.78 1830.25 3179.41 2571.21 8085.66 608.197 2495.53
internal_count=271955 176464 91341 85123 80908 11483 90595 7980 82615 63975 4249 2373 69425 24763 746 4215 3728 3633 44662 18640 5607 741 369 487 316 7234 171 372
is_linear=0
shrinkage=0.0440977


Tree=5
num_leaves=28
num_cat=0
split_feature=3 0 2 2 3 0 2 0 0 3 3 0 2 3 3 2 3 3 3 0 2 3 3 2 3 0 0
split_gain=733.627 90.5076 29.5293 25.1241 15.9295 15.2283 12.8979 15.5227 13.2105 12.8457 11.6634 10.1049 9.0343 14.4461 8.16784 5.18687 4.47498 3.58533 1.31681 1.81664 1.03614 0.936319 0.96991 0.820215 0.813246 1.39574 0.329183
threshold=1.0000000180025095e-35 -1.1417810916900633 0.28225000000000006 0.030250000000000003 0.85696265101432811 2.4886081218719487 0.082250000000000018 -3.498293280601501 -3.1641684770584102 0.002640118589624763 0.0070525221526622781 -2.1434490680694576 3.2285000000000008 0.0647278167307377 0.010747369378805162 6.823500000000001 0.0035615330561995511 0.26951168477535253 0.073867965489625945 0.1503577530384064 10.104500000000002 0.016966353170573715 0.084958255290985121 0.16725000000000004 0.00082657829625532042 -3.498293280601501 3.1623266935348515
decision_type=2 2 2 2 2 2 2 2 2 2 2 2 2 2 2 2 2 2 2 2 2 2 2 2 2 2 2
left_child=-1 3 16 14 12 15 8 23 9 -5 -9 -10 13 -4 24 -6 -3 -14 19 -18 -7 -16 -23 -8 -2 -26 -20
right_child=1 2 4 6 5 20 7 10 11 -11 -12 -13 17 -15 21 -17 18 -19 26 -21 -22 22 -24 -25 25 -27 -28
leaf_value=-0.72460730306740584 0.74468863941398677 0.21002546431761701 0.012970390810510005 0.43333729283489053 0.27177013407259915 -0.70684797039967784 -0.78033144187591819 0.24141288227473942 0.38935392283711767 1.3544846185456221 0.55144905593134563 -1.915511251377175 -0.14459216726729035 0.32622599898314658 -0.72460730306740584 1.1828694000480955 -0.16882970744923839 0.050019976758400135 -1.2119132034857556 -0.52088808665804798 0.15761249491198862 -0.72460730306740584 -0.8657646241628153 -1.1663501585375362 -0.10042008403089837 0.37484281617961018 -0.62252624991559491
leaf_weight=83128.149633288383 1488.3326421976089 46.311793327331543 41955.347088217735 6383.2401142120361 1474.8518751859665 297.92829936742783 916.7697252035141 27130.776868700981 30447.818172872066 5045.8944852352142 25476.802129626274 523.85155159235001 13545.350907444954 11377.261008799076 335.26367634534836 2301.7573609948158 1055.349294424057 6056.1660403609276 2238.0181475877762 694.67689990997314 4140.0971662998199 965.95828223228455 1581.9318234920502 345.49613904953003 1589.3469548821449 1238.0524949431419 163.69143009185791
leaf_count=95532 1286 6 50879 5657 376 80 132 28034 24431 3174 19591 149 17105 10124 89 824 270 7029 337 90 4114 174 172 38 1317 1072 21
internal_value=-0.000274199 0.00124554 0.000182487 0.00212238 0.00036907 0.00220992 0.00231029 0.00185738 0.00288564 0.00416705 0.00197335 0.00241266 0.000161705 0.000459245 -0.000390434 0.00426775 -0.0034234 -0.000647834 -0.00357633 -0.00265344 0.000458213 -0.00220735 -0.00191766 -0.00297352 0.000823597 0.00038415 -0.00424742
internal_weight=271944 188816 85346.8 103470 81148.8 8214.63 96270.6 53869.8 42400.8 11429.1 52607.6 30971.7 72934.1 53332.6 7198.89 3776.61 4198.05 19601.5 4151.74 1750.03 4438.03 2883.15 2547.89 1262.27 4315.73 2827.4 2401.71
internal_count=272103 176571 91255 85316 90531 5394 81206 47795 33411 8831 47625 24580 85137 61003 4110 1200 724 24134 718 360 4194 435 346 170 3675 2389 358
is_linear=0
shrinkage=0.0440977


Tree=6
num_leaves=30
num_cat=0
split_feature=3 0 0 1 0 3 0 1 3 3 3 1 3 1 3 3 0 1 3 1 3 3 0 3 0 1 1 0 1
split_gain=713.222 82.9512 22.4147 18.1722 14.117 10.7729 10.5444 8.25313 8.48137 8.12348 10.343 5.97758 7.1917 5.70872 5.47852 5.45465 7.57685 2.82163 2.56016 1.6103 1.13614 0.980612 0.512047 1.09544 1.57469 0.232331 1.22392 0.167233 0.123352
threshold=1.0000000180025095e-35 -1.1417810916900633 -3.498293280601501 0.28024999797344213 -3.1641684770584102 0.85696265101432811 2.4886081218719487 3.2209999561309819 0.056930670514702804 0.002640118589624763 0.020081382244825367 0.082250002771615996 0.010747369378805162 6.8265001773834237 0.0050071375444531449 0.0040715329814702281 -2.7143269777297969 0.082250002771615996 0.26951168477535253 48.718500137329109 0.0018306191777810457 0.032071718946099288 -0.59194540977478016 0.050392979755997665 -0.86393621563911427 0.76124998927116405 1.4064999818801882 -0.66310319304466236 0.19624999910593036
decision_type=2 2 2 2 2 2 2 2 2 2 2 2 2 2 2 2 2 2 2 2 2 2 2 2 2 2 2 2 2
left_child=-1 2 11 22 9 7 13 8 -5 20 -11 12 14 -7 -2 17 -17 -6 -9 -8 -4 -14 23 24 -3 28 -27 -25 -13
right_child=1 3 4 5 15 6 19 18 -10 10 -12 25 21 -15 -16 16 -18 -19 -20 -21 -22 -23 -24 27 -26 26 -28 -29 -30
leaf_value=-0.69265377797873395 0.12751104847002856 -0.35360319300292092 0.44979519201312929 0.0079564240657516005 0.25387391503425139 0.081179542574964958 0.35785609552636932 -0.13780081778912051 0.23915550817145514 1.4496841783260843 0.10207686573026611 -0.73397920260778393 -0.69265377797873395 1.0909478567245932 0.96949412097274057 0.70591930590648067 0.43254891698613757 0.19329863962955504 0.011369253540174378 -0.10866422911159659 0.39947552842229422 -0.65577333349969624 -0.71746325995226523 -2.4374048759461906 0.18221505968406548 0.18346287130174663 -0.70772844037893334 -2.8443875264324316 -0.71321834320117583
leaf_weight=83128.149633288383 3787.9119385480881 126.99304687976837 4332.2705283761024 40865.678229153156 18090.326019525528 1696.3829351663589 2168.3141627907753 13706.466940283775 13759.620200395584 3977.9642462730408 990.02246153354645 789.54988813400269 595.88212704658508 2325.8600314259529 601.21600264310837 8367.1443513631821 42227.382996320724 14924.681306242943 6172.2294206619263 2447.2398439645767 2217.3748632073402 2227.3180836439133 1620.1004348993301 363.45442670583725 69.467689990997314 46.593928337097168 93.187856674194336 24.99994969367981 200.70846271514893
leaf_count=95532 3325 39 3815 49096 16497 415 1809 17142 12181 2830 164 108 172 817 365 4874 35504 15435 7049 2408 1915 275 208 77 9 5 10 5 22
internal_value=-0.000322544 0.00117591 0.00201535 0.000158202 0.00220756 0.000263013 0.00173714 9.20859e-05 0.000372069 0.00365497 0.00499977 -0.000176341 0.000291042 0.00338729 0.00140772 0.00200813 0.00229588 0.0015671 -0.000677269 0.000298682 0.00263432 -0.0014449 -0.00379209 -0.00266507 1.94491e-05 -0.00315697 -0.00145948 -0.00401933 -0.00339487
internal_weight=271944 188816 103470 85346.8 95127.2 83141.8 8637.8 74504 54625.3 11517.6 4967.99 8342.37 7212.33 4022.24 4389.13 83609.5 50594.5 33015 19878.7 4615.55 6549.65 2823.2 2205.02 584.915 196.461 1130.04 139.782 388.454 990.258
internal_count=272103 176571 85316 91255 81034 90917 5449 85468 61277 8724 2994 4282 4137 1232 3690 72310 40378 31932 24191 4217 5730 447 338 130 48 145 15 82 130
is_linear=0
shrinkage=0.0440977


Tree=7
num_leaves=30
num_cat=0
split_feature=3 0 0 1 0 3 0 1 3 1 1 3 3 1 1 1 0 3 3 3 1 3 0 3 0 1 1 0 1
split_gain=693.375 73.9032 20.7769 18.0658 11.3881 10.2339 10.257 7.58299 7.6193 7.56592 5.84124 6.86779 5.69181 6.62725 5.61179 5.29464 4.79405 4.39216 2.39576 2.30803 1.43509 0.980612 0.512047 1.09544 1.57469 0.232331 1.22392 0.167233 0.123352
threshold=1.0000000180025095e-35 -1.1417810916900633 -3.498293280601501 0.28024999797344213 -3.1641684770584102 0.85696265101432811 2.4886081218719487 3.2209999561309819 0.098052706569433226 0.03824999928474427 0.082250002771615996 0.010747369378805162 0.0065805448684841403 0.034250000491738326 0.070250000804662718 6.8265001773834237 -2.4505094289779659 0.0050071375444531449 0.26951168477535253 0.020081382244825367 48.718500137329109 0.032071718946099288 -0.59194540977478016 0.050392979755997665 -0.86393621563911427 0.76124998927116405 1.4064999818801882 -0.66310319304466236 0.19624999910593036
decision_type=2 2 2 2 2 2 2 2 2 2 2 2 2 2 2 2 2 2 2 2 2 2 2 2 2 2 2 2 2
left_child=-1 2 10 22 9 7 15 8 -5 19 11 17 16 -14 -11 -7 -6 -2 -9 -4 -8 -13 23 24 -3 28 -27 -25 -12
right_child=1 3 4 5 12 6 20 18 -10 14 25 21 13 -15 -16 -17 -18 -19 -20 -21 -22 -23 -24 27 -26 26 -28 -29 -30
leaf_value=-0.66210933027759344 0.12188810281502052 -0.33801010078424887 0.5082115640867535 0.018597273599294466 0.29583731686994313 0.077599710382582607 0.34207546003162559 -0.13172411683699864 0.35120019754353526 1.29090491185062 -0.70161239818032484 -0.66210933027759344 -2.1136726429927242 0.50041859542528477 -0.040383534583321064 1.0428395509392188 0.21381295526914093 0.92674164720290253 0.010867895457392779 -0.087814052779255108 -0.10387238509282938 -0.62685522906469948 -0.68582477082851923 -2.3299208945881489 0.17417979222747043 0.1753725782062121 -0.67651923453752982 -2.7189565408447676 -0.68176704519920173
leaf_weight=83128.149633288383 3787.9119385480881 126.99304687976837 6652.0806320309639 46934.313557684422 24932.365840733051 1696.3829351663589 2168.3141627907753 13706.466940283775 7690.9848718643188 4117.7660053372383 789.54988813400269 595.88212704658508 415.8427659869194 34564.127744078636 318.51849675178528 2325.8600314259529 23697.19832265377 601.21600264310837 6172.2294206619263 429.26696527004242 2447.2398439645767 2227.3180836439133 1620.1004348993301 363.45442670583725 69.467689990997314 46.593928337097168 93.187856674194336 24.99994969367981 200.70846271514893
leaf_count=95532 3325 39 5639 55688 22248 415 1809 17142 5589 2969 108 172 103 24922 48 817 25037 365 7049 68 2408 275 208 77 9 5 10 5 22
internal_value=-0.000370233 0.00110722 0.00189956 0.000146624 0.00208461 0.000251128 0.0016879 8.45313e-05 0.000352907 0.00338463 -0.000210533 0.000251494 0.00190549 0.00233453 0.00481266 0.00331541 0.00159684 0.00134274 -0.000652927 0.00248946 0.000269191 -0.0014449 -0.00379209 -0.00266507 1.94491e-05 -0.00315697 -0.00145948 -0.00401933 -0.00339487
internal_weight=271944 188816 103470 85346.8 95127.2 83141.8 8637.8 74504 54625.3 11517.6 8342.37 7212.33 83609.5 34980 4436.28 4022.24 48629.6 4389.13 19878.7 7081.35 4615.55 2823.2 2205.02 584.915 196.461 1130.04 139.782 388.454 990.258
internal_count=272103 176571 85316 91255 81034 90917 5449 85468 61277 8724 4282 4137 72310 25025 3017 1232 47285 3690 24191 5707 4217 447 338 130 48 145 15 82 130
is_linear=0
shrinkage=0.0440977


Tree=8
num_leaves=32
num_cat=0
split_feature=3 1 2 2 3 3 2 2 3 1 1 3 3 3 3 2 3 3 3 3 3 2 2 1 3 3 1 3 3 2 1
split_gain=671.009 47.2094 17.9687 13.2929 14.1607 13.5645 13.3885 9.19875 11.8774 9.21033 7.5345 11.9849 5.6406 5.6277 4.96906 3.87745 3.46813 2.35549 1.39657 1.33444 2.08695 1.3213 0.949015 0.660729 1.61333 1.5496 0.570774 1.80122 0.948262 0.478973 0.274898
threshold=1.0000000180025095e-35 0.331499993801117 0.030250000000000003 0.082250000000000018 0.021855042316019539 0.0037882957840338354 0.088250000000000009 0.088250000000000009 0.85696265101432811 48.718500137329109 3.2209999561309819 0.098052706569433226 0.0065805448684841403 0.0093187596648931521 0.016966353170573715 48.801500000000011 0.0035615330561995511 0.26951168477535253 0.85696265101432811 0.014442826621234419 0.0037882957840338354 0.082250000000000018 0.055250000000000007 0.03024999983608723 0.006135377101600171 0.00082657829625532042 0.03024999983608723 0.044695531949400909 0.13121456652879718 48.801500000000011 48.718500137329109
decision_type=2 2 2 2 2 2 2 2 2 2 2 2 2 2 2 2 2 2 2 2 2 2 2 2 2 2 2 2 2 2 2
left_child=-1 2 12 4 5 -4 16 14 10 15 11 -9 23 -8 19 -10 -5 -12 -6 20 -3 22 -16 25 -25 -2 27 -14 -28 -11 -23
right_child=1 7 3 6 18 -7 13 8 9 29 17 -13 26 -15 21 -17 -18 -19 -20 -21 -22 30 -24 24 -26 -27 28 -29 -30 -31 -32
leaf_value=-0.63291182287336467 0.66960366606552268 0.19959286426532796 0.27331663903474168 0.24393965545921273 0.0081328296100554587 0.86698569908908496 0.24552095387110789 0.02113660241243304 0.57767596150382383 1.0441944816221256 -0.12126704620803366 0.42363395881525401 -0.63291182287336467 0.46779677791624402 -0.51796454632981193 0.36401858283030419 -0.13012437918463693 0.026963876169737798 -0.54363735068410057 0.11304463887081413 -0.22541328161284244 -0.54092331917211411 -0.41259478560377577 0.31986608236216663 1.7184038821037906 -0.12111669980341422 -0.15762206257678868 -0.64195025421097329 -0.82593114988965177 -0.11525435420986602 -0.77656625864623019
leaf_weight=83128.149633288383 1159.2064528465271 46.311793327331543 24869.927418351173 1993.5957071185112 3619.6579031944275 13671.451456189156 28890.106321811676 45351.922396600246 5841.145981490612 79.877695679664612 13552.094295859337 7429.5136525630951 679.04890668392181 20019.953576087952 456.62049770355225 95.817415535449982 5101.9906237125397 6064.1685695648193 298.20114135742188 46.311793327331543 169.80990886688232 1430.4222006797791 234.55208969116211 1381.3083114624023 13.33691370487213 1464.19195997715 512.95049792528152 1841.3424142599106 110.22527456283569 2260.06245470047 131.21674776077271
leaf_count=95532 1010 6 22529 1407 710 10147 31559 54381 2936 73 17122 5564 226 14419 49 71 1847 7035 32 6 22 185 27 1190 11 1290 161 206 12 2321 17
internal_value=-0.000416089 0.00103734 0.00165615 0.00181126 0.00239973 0.00265649 0.0013651 0.000251629 0.000333518 0.00191589 0.000152589 0.000426839 -0.000476459 0.00162478 -0.00237402 0.00283927 -0.000424924 -0.000585319 -0.000126109 0.00335938 0.0018812 -0.0030431 -0.00143494 0.000618159 0.00139337 0.000205671 -0.00187533 -0.00217075 -0.000678952 -0.000427142 -0.00375349
internal_weight=271944 188816 105626 98464.9 42459.2 38541.4 56005.6 83189.8 80674.6 8276.9 72397.7 52781.4 7161.61 48910.1 2515.25 5936.96 7095.59 19616.3 3917.86 262.433 216.122 2252.81 691.173 4018.04 1394.65 2623.4 3143.57 2520.39 623.176 2339.94 1561.64
internal_count=272103 176571 86756 82650 33418 32676 49232 89815 89503 5401 84102 59945 4106 45978 312 3007 3254 24157 742 34 28 278 76 3501 1201 2300 605 432 173 2394 202
is_linear=0
shrinkage=0.0440977


Tree=9
num_leaves=28
num_cat=0
split_feature=3 0 2 2 3 0 2 0 0 3 0 3 0 3 3 2 3 2 3 0 2 2 0 0 3 0 0
split_gain=649.849 58.4751 26.8675 17.985 9.73259 9.2253 7.73621 14.0333 10.293 8.74609 8.32957 7.69809 6.36472 9.20405 5.08081 4.52608 4.41496 2.21652 1.62683 2.24334 1.56243 0.95722 0.679108 0.71113 0.586842 0.597844 0.32309
threshold=1.0000000180025095e-35 -1.1417810916900633 0.28225000000000006 0.030250000000000003 0.85696265101432811 2.4886081218719487 0.082250000000000018 -3.3740954399108882 -3.1641684770584102 0.0093187596648931521 -2.1434490680694576 0.002640118589624763 1.3748541474342348 0.13121456652879718 0.0065805448684841403 1.1425000000000003 0.0035615330561995511 12.771500000000001 0.073867965489625945 0.1503577530384064 0.16725000000000004 10.104500000000002 -2.7766047716140743 -3.498293280601501 0.00082657829625532042 -3.498293280601501 3.1623266935348515
decision_type=2 2 2 2 2 2 2 2 2 2 2 2 2 2 2 2 2 2 2 2 2 2 2 2 2 2 2
left_child=-1 3 16 14 12 15 8 20 11 -9 -10 -5 13 -4 24 -6 -3 -14 19 -18 -8 -7 23 -16 -2 -26 -20
right_child=1 2 4 6 5 21 7 9 10 -11 -12 -13 17 -15 22 -17 18 -19 26 -21 -22 -23 -24 -25 25 -27 -28
leaf_value=-0.6050018587790339 0.64007567559052048 0.19079127536493465 0.019474462225799932 0.35161829083933527 -0.58444811707950084 -0.73201716123816873 -0.66187816200906369 0.22968410319260982 0.31568992640853327 0.49534617725377977 -1.7103809664351428 1.1830430839834045 -0.057942862481076537 0.38639463974637023 -0.6050018587790339 0.69020050356020868 -0.090774588138316389 -0.2443074297539016 -1.1013355864645167 -0.44676739947334088 -0.8330749444944211 0.13580974262085235 -3.1808982544538997 -0.061993007083231154 -0.10164875072194346 0.23836024713792311 -0.55020715884328886
leaf_weight=83128.149633288383 1488.3326421976089 46.311793327331543 49644.986951053143 6383.2401142120361 141.87013220787048 297.92829936742783 1030.9362820386887 32433.435024797916 30447.818172872066 20014.251978576183 523.85155159235001 5045.8944852352142 13818.463901162148 6385.3408690094948 2495.6009623408318 3634.7391039729118 1055.349294424057 3085.333323597908 2238.0181475877762 694.67689990997314 391.22157716751099 4140.0971662998199 266.82429283857346 418.41698092222214 1421.9893261194229 1107.7216696739197 163.69143009185791
leaf_count=95532 1286 6 59386 5657 23 80 149 33602 24431 14001 149 3174 16894 4881 420 1177 270 3976 337 90 43 4114 55 134 1222 993 21
internal_value=-0.000468559 0.000961772 0.000107304 0.00166657 0.000285279 0.00172418 0.00182555 0.00147479 0.00227115 0.00159201 0.00185367 0.00340222 0.000123193 0.00034946 -0.000459449 0.00332585 -0.00333223 -0.000626781 -0.00348414 -0.00245906 -0.00284613 0.000360772 -0.00177587 -0.00157983 0.000582865 0.00017393 -0.00422974
internal_weight=271944 188816 85346.8 103470 81148.8 8214.63 96270.6 53869.8 42400.8 52447.7 30971.7 11429.1 72934.1 56030.3 7198.89 3776.61 4198.05 16903.8 4151.74 1750.03 1422.16 4438.03 3180.84 2914.02 4018.04 2529.71 2401.71
internal_count=272103 176571 91255 85316 90531 5394 81206 47795 33411 47603 24580 8831 85137 64267 4110 1200 724 20870 718 360 192 4194 609 554 3501 2215 358
is_linear=0
shrinkage=0.0440977


Tree=10
num_leaves=39
num_cat=0
split_feature=1 0 2 2 2 0 2 0 1 0 2 1 0 0 0 1 2 1 2 1 0 2 0 0 0 2 0 2 2 2 0 0 1 2 0 1 0 0
split_gain=583.802 57.617 30.8639 11.9749 9.46822 8.75197 7.61855 5.8466 8.86014 6.49944 6.11518 5.35174 4.63912 5.80375 4.18534 3.15283 2.52652 2.37351 2.34109 1.96408 1.92266 3.35159 7.03806 4.33303 1.28793 1.1772 1.03683 0.905161 0.83956 0.91875 0.820708 2.65045 0.772131 0.916327 0.560325 0.330294 0.241475 0.159634
threshold=0.03024999983608723 -1.0751401782035825 0.21825000000000003 0.030250000000000003 0.047250000000000007 -2.4505094289779659 0.088250000000000009 -3.498293280601501 0.055250000208616264 -3.0737084150314327 10.104500000000002 0.03824999928474427 -3.498293280601501 -3.263633012771606 -2.260966300964355 0.055250000208616264 0.070250000000000021 0.12725000083446505 0.16725000000000004 0.28024999797344213 2.4886081218719487 1.0385000000000002 0.1503577530384064 -0.3085655122995376 -3.3740954399108882 0.03425000000000001 -3.0737084150314327 0.055250000000000007 0.28225000000000006 0.46550000000000008 -0.66310319304466236 -0.72722128033637989 6.8265001773834237 6.823500000000001 -0.93840873241424549 0.8152500092983247 -3.3740954399108882 0.1503577530384064
decision_type=2 2 2 2 2 2 2 2 2 2 2 2 2 2 2 2 2 2 2 2 2 2 2 2 2 2 2 2 2 2 2 2 2 2 2 2 2 2
left_child=3 5 30 12 25 7 14 8 16 11 -11 -9 -1 -14 27 -8 -2 -17 24 -16 21 23 -23 -4 -6 -5 -26 -7 -20 -30 31 34 -22 -34 -3 -10 -27 -32
right_child=1 2 20 4 18 6 15 9 35 10 -12 -13 13 -15 19 17 -18 -19 28 -21 32 22 -24 -25 26 36 -28 -29 29 -31 37 -33 33 -35 -36 -37 -38 -39
leaf_value=-0.57832266027889034 0.8282369380632445 -0.36651985013894756 0.058038649358695363 0.13779607233829388 -0.57832266027889034 -2.4985340882828133 5.4223474319671769 0.34242742304470641 -0.60218242696713964 0.3396944114913592 20.003058510276979 0.91359919527713607 0.75410052252018878 -2.0358348718261174 -0.50594114520851707 0.20017645911914472 -0.83106106653645662 0.32368151147233742 -1.0391053542739355 -0.28914993300894043 -4.2509873825572626 0.34703996529519898 0.072381794628691848 -0.096545998441166417 -1.2421090489457582 0.82391677475515301 -1.6199233182610295 0.18644724778318122 -0.57891901344518149 -0.5321724567826015 -0.38641740738626384 0.11206258055896094 2.389396196413089 -0.073125755702402234 -0.60613105750061824 -0.59716603275535518 -0.79895196561551785 -0.51117714885016796
leaf_weight=85914.930974781513 1352.3132929205894 255.45001083612442 21939.636664867401 1177.2761886715889 1644.3164577484131 80.445194065570831 5.0976753234863272 5949.4350813627243 1179.1734982728958 29956.166253209114 9.3187856674194318 8047.0794190168381 685.6061138510704 551.39909672737122 1553.8832031488419 14625.221034884453 94.858101606369019 32097.081366121769 86.567831993103027 303.50189638137817 90.926977396011353 3232.1897910833359 35814.665658533573 10298.29349988699 52.796352744102478 445.81892901659012 34.444960474967957 2396.3030914068222 107.24002122879028 251.60721302032471 956.52413105964661 65.519318103790283 16.782100677490234 7908.6264663338661 394.17176234722137 149.10057067871094 77.265008389949799 1969.0845894813538
leaf_count=97150 1074 48 25148 903 255 38 1 4787 166 23702 1 5678 585 153 400 13837 15 31835 10 39 12 3491 38951 12168 15 317 7 1748 12 27 125 9 3 8705 57 16 48 249
internal_value=-0.000473783 0.000976692 0.000121734 -0.00335372 -0.000955506 0.00170176 0.00130261 0.00213781 0.000174796 0.00226173 0.00189516 0.00304635 -0.0034604 -0.000778387 -0.000465941 0.00146665 0.00256096 0.00146248 -0.00288081 -0.0020478 0.000304022 0.000376836 0.000651578 4.40567e-05 -0.00361386 0.0015097 0.0015919 0.000720688 -2.93304e-05 -0.000971588 -0.00384777 -0.00250246 -0.000343444 -0.000296798 -0.00335669 -0.00242493 0.00324843 -0.00417566
internal_weight=271770 180741 82941.9 91029.3 3877.33 97799 51061.5 46737.4 2775.45 43962 29965.5 13996.5 87151.9 1237.01 4334.13 46727.4 1447.17 46722.3 2176.97 1857.39 79301.1 71284.8 39046.9 32237.9 1731.56 1700.36 87.2413 2476.75 445.415 358.847 3640.75 715.141 8016.34 7925.41 649.622 1328.27 523.084 2925.61
internal_count=271785 172303 88966 99482 1594 83337 47898 35439 1271 34168 23703 10465 97888 738 2225 45673 1089 45672 326 439 88478 79758 42442 37316 277 1268 22 1786 49 39 488 114 8720 8708 105 182 365 374
is_linear=0
shrinkage=0.0440977


Tree=11
num_leaves=39
num_cat=0
split_feature=1 0 2 2 2 0 2 0 1 0 2 1 0 0 0 2 1 2 1 0 1 2 1 0 2 2 0 0 0 2 0 1 2 2 2 2 1 0
split_gain=564.892 50.3286 29.137 12.8264 8.50383 6.52289 7.4787 5.47132 8.21756 4.99812 6.1584 4.95771 4.48049 5.16758 4.12924 3.7009 3.16273 2.39424 2.37258 1.92689 3.22673 2.18297 1.81065 1.28793 1.17082 1.05595 1.03683 1.00646 2.49247 0.976959 0.820061 0.772131 0.916327 0.582308 3.49526 0.918733 0.330294 0.214077
threshold=0.03024999983608723 -1.1417810916900633 0.21825000000000003 0.030250000000000003 0.047250000000000007 -2.4505094289779659 0.088250000000000009 -3.498293280601501 0.055250000208616264 -3.0737084150314327 10.104500000000002 0.03824999928474427 -3.498293280601501 -3.263633012771606 -2.260966300964355 0.16725000000000004 0.055250000208616264 0.070250000000000021 6.8265001773834237 2.4886081218719487 12.7814998626709 1.0385000000000002 0.76124998927116405 -3.3740954399108882 1.6025000000000003 0.03425000000000001 -3.0737084150314327 -0.66310319304466236 -0.72722128033637989 0.076250000000000012 -0.93840873241424549 6.8265001773834237 6.823500000000001 0.81725000000000003 0.6472500000000001 2.6635000000000004 0.8152500092983247 -3.3740954399108882
decision_type=2 2 2 2 2 2 2 2 2 2 2 2 2 2 2 2 2 2 2 2 2 2 2 2 2 2 2 2 2 2 2 2 2 2 2 2 2 2
left_child=3 5 27 12 25 7 14 8 17 11 -11 -9 -1 -14 29 23 -8 -2 -18 20 21 -4 -16 -6 -22 -5 -25 28 30 -7 -3 -21 -33 34 -17 -35 -10 -27
right_child=1 2 19 4 15 6 16 9 36 10 -12 -13 13 -15 22 33 18 -19 -20 31 24 -23 -24 26 -26 37 -28 -29 -30 -31 -32 32 -34 35 -36 -37 -38 -39
leaf_value=-0.55281995342465096 0.79171358304358519 -0.36020808248084762 0.013430775902307453 0.13171958064970196 -0.55281995342465096 1.1525007081293053 5.1832343096271147 0.32732715672529494 -0.5756275589626394 0.32471466473180849 19.12096937143918 0.87331155991422993 0.72084641389648918 -1.9460592093701765 -0.53036763594148739 -0.55715551470865077 0.28372331517366495 -0.79441317390912991 0.65584188346616457 -4.0635285598195399 -0.13521002412392311 0.088969131911131982 21.024579244913689 -1.1873348802472923 1.0577681019500524 0.78758392905836117 -1.5484884042425557 -0.37825182448080324 0.10712087701245523 0.085499307233759578 -0.57940206391901805 2.284029288039878 -0.069901077094315575 -0.28821581204856439 0.74073083807722173 0.75460192520958991 -0.57083237626448768 -0.76372001091416652
leaf_weight=85914.930974781513 1352.3132929205894 345.67711460590363 34409.75377702713 1177.2761886715889 1644.3164577484131 424.11051630973816 5.0976753234863272 5949.4350813627243 1179.1734982728958 29956.166253209114 9.3187856674194318 8047.0794190168381 685.6061138510704 551.39909672737122 1757.042880654335 259.03935289382935 44494.04438573122 94.858101606369019 18.637571334838867 90.926977396011353 27.956357002258301 38673.127975285053 23.155896663665771 52.796352744102478 370.52716743946075 445.81892901659012 34.444960474967957 2925.6087205410004 65.519318103790283 2052.6377691626549 394.17176234722137 16.782100677490234 7908.6264663338661 83.869071006774902 46.593928337097168 55.912714004516602 149.10057067871094 77.265008389949799
leaf_count=97150 1074 66 39638 903 255 285 1 4787 166 23702 1 5678 585 153 426 29 43337 15 2 12 3 42328 3 15 114 317 7 374 9 1501 57 3 8705 9 5 6 16 48
internal_value=-0.000516558 0.000910234 0.00013124 -0.00334947 -0.000867505 0.00160535 0.00124857 0.00197765 7.87153e-05 0.00209753 0.00177606 0.00278559 -0.00345988 -0.000824058 -0.000517163 -0.00269213 0.00141742 0.00237675 0.00141304 0.000305715 0.000376537 0.000354928 -0.00213654 -0.00361386 0.00432901 0.00146877 0.0015919 -0.00367895 -0.00229377 0.000647178 -0.00302551 -0.000343444 -0.000296798 0.000891197 0.00196754 -0.00145948 -0.00242493 0.00311555
internal_weight=271770 180741 85228.7 91029.3 3877.33 95512.2 48774.7 46737.4 2775.45 43962 29965.5 13996.5 87151.9 1237.01 4256.95 2176.97 44517.8 1447.17 44512.7 81497.7 73481.4 73082.9 1780.2 1731.56 398.484 1700.36 87.2413 3730.98 805.368 2476.75 739.849 8016.34 7925.41 445.415 305.633 139.782 1328.27 523.084
internal_count=271785 172303 91309 99482 1594 80994 45555 35439 1271 34168 23703 10465 97888 738 2215 326 43340 1089 43339 90803 82083 81966 429 277 117 1268 22 506 132 1786 123 8720 8708 49 34 15 182 365
is_linear=0
shrinkage=0.0440977


Tree=12
num_leaves=30
num_cat=0
split_feature=3 1 3 3 2 2 2 3 1 3 2 3 2 3 3 1 3 3 1 3 1 1 1 1 3 2 1 3 2
split_gain=594.51 28.7726 17.5238 11.2301 10.4479 7.68288 8.8799 6.66835 7.38592 8.00702 6.53494 5.99736 7.05957 5.72245 4.3272 4.31005 4.71639 3.99373 3.87064 2.93657 5.78721 2.73323 2.27551 2.27341 2.0353 1.74893 4.46008 3.39245 0.703772
threshold=1.0000000180025095e-35 0.331499993801117 0.084958255290985121 0.0037882957840338354 0.088250000000000009 0.082250000000000018 0.030250000000000003 0.3488419800996781 3.2209999561309819 0.098052706569433226 0.28225000000000006 0.0035615330561995511 0.088250000000000009 0.1538973078131676 0.050392979755997665 12.7814998626709 2.1339553594589238 0.0022293995134532456 1.8115000128746035 0.26951168477535253 0.042249999940395362 0.39024999737739569 0.076249998062849059 8.1449999809265154 0.85696265101432811 0.082250000000000018 1.4064999818801882 0.016966353170573715 0.11825000000000001
decision_type=2 2 2 2 2 2 2 2 2 2 2 2 2 2 2 2 2 2 2 2 2 2 2 2 2 2 2 2 2
left_child=-1 2 3 11 18 6 -5 8 9 -6 13 17 -13 28 -7 21 -17 -2 25 20 -12 -9 -21 -10 -15 26 -3 -27 -4
right_child=1 4 10 5 7 14 -8 15 23 -11 19 12 -14 24 -16 16 -18 -19 -20 22 -22 -23 -24 -25 -26 27 -28 -29 -30
leaf_value=-0.5284418576250427 0.101812634289295 -0.41692867550322582 -0.53708171480905686 -0.04728547060385252 0.021676790310955159 0.30513026571882196 0.78553348751532603 -0.19424063492160154 -0.056923503820066966 0.43377002444996271 -0.61349233510875223 -0.18688135031824823 0.44508366532437094 -0.14992926032903189 0.84313527363825291 -0.17373530707298557 0.37244488203010978 0.29151176384230321 -0.57075309562001464 0.70674034861248547 1.0886099760604588 0.38651821873060216 -0.15758015505656964 -0.22308791220508986 0.050887781525025273 -0.0034967949549771673 0.46846566982078836 -0.32779580823954518 -0.36967541210571359
leaf_weight=83434.492439985275 21399.523172259331 537.48502731323242 1396.6464014649391 1944.5904470086098 45290.686658680439 34694.914449870586 15175.411021828651 134.09543800354004 11613.460249900818 5769.935113966465 253.1402850151062 3718.088164627552 1192.3505023121834 3060.2328215241432 1593.9875866770744 3294.5899218916893 2679.5987777709961 17620.67834764719 1146.6864156723022 382.07021236419678 807.5896013379097 7817.3135971426964 450.97245860099792 3999.7835102081299 857.32828140258789 254.71486330032349 83.869071006774902 809.73131608963013 356.15242844820023
leaf_count=95418 20398 59 185 760 54363 33565 10572 18 14496 4883 28 1568 1258 388 608 4113 2243 16593 144 41 204 4320 60 5157 92 33 9 105 104
internal_value=-0.000560156 0.000812627 0.00129871 0.00145759 0.000201444 0.00188717 0.00265722 0.000293966 0.000110647 0.000367299 -0.000745774 0.000935293 -0.000517056 -0.00149478 0.00152381 0.0011716 0.000276502 0.00111807 -0.00243045 0.00149653 0.0030343 0.001844 -0.000462844 -0.000728662 -0.0005574 -0.00108491 0.000773382 -0.00216937 -0.00358835
internal_weight=271770 188336 104904 97339.5 83431.9 53408.9 17120 80599.5 66673.9 51060.6 7564.13 43930.6 4910.44 5670.36 36288.9 13925.6 5974.19 39020.2 2832.49 1893.77 1060.73 7951.41 833.043 15613.2 3917.56 1685.8 621.354 1064.45 1752.8
internal_count=271785 176367 86424 85322 89943 45505 11332 89593 78899 59246 1102 39817 2826 769 34173 10694 6356 36991 350 333 232 4338 101 19653 480 206 68 138 289
is_linear=0
shrinkage=0.0440977


Tree=13
num_leaves=30
num_cat=0
split_feature=3 0 2 3 3 0 0 3 0 2 2 0 3 0 0 2 3 2 2 2 3 0 0 0 3 2 3 0 3
split_gain=581.678 37.8306 28.4257 9.86759 8.14209 9.09584 9.30602 7.48849 9.83172 6.67585 6.19659 6.19422 5.5597 6.82993 5.91285 7.41827 5.84678 3.4883 3.17187 3.01662 2.47749 3.77879 4.1436 2.12017 1.56755 1.52127 1.26906 1.02488 0.384361
threshold=1.0000000180025095e-35 -1.1417810916900633 0.21825000000000003 0.084958255290985121 0.0022293995134532456 -2.3832566738128658 -3.498293280601501 0.1538973078131676 -1.2828360795974729 0.088250000000000009 0.81725000000000003 -1.9501707553863523 0.49216526746749883 1.3748541474342348 2.4886081218719487 6.823500000000001 0.028983985073864463 0.04225000000000001 0.03425000000000001 0.11825000000000001 0.035846564918756492 -0.59194540977478016 -0.72722128033637989 -2.8430203199386592 2.1339553594589238 8.1355000000000022 0.032071718946099288 -3.498293280601501 0.13121456652879718
decision_type=2 2 2 2 2 2 2 2 2 2 2 2 2 2 2 2 2 2 2 2 2 2 2 2 2 2 2 2 2
left_child=-1 3 20 4 17 6 -6 19 11 -7 -10 -9 13 16 15 -14 -4 18 -2 28 21 22 -3 -19 -16 -15 -23 -21 -5
right_child=1 2 12 7 5 9 -8 8 10 -11 -12 -13 14 25 24 -17 -18 23 -20 27 -22 26 -24 -25 -26 -27 -28 -29 -30
leaf_value=-0.50513878010423086 0.21243718066585537 -0.13509377367807748 -0.014883250663484879 -0.513397639343395 0.027648914927510381 -0.2668265307514614 0.53955040777017782 0.12648162472343921 -1.1281138019141943 0.28257681695213444 -0.01486974374193741 -0.599722987315778 0.18923084693420786 -0.059802059934039933 -0.14245250972677861 0.77146116069036663 0.13203994097675256 -0.056947721724633485 0.41408065901343172 -0.50176711555108933 -0.73385020360660391 -0.32051393940930334 0.10255129195335153 0.075748817108702071 0.19345718010376345 -0.18597581213234946 0.20861588683093304 0.051428699287918746 -0.513397639343395
leaf_weight=83434.492439985275 5254.4721183776855 339.61981773376465 28724.370637238026 1088.4716475605965 3566.9486044645309 2251.7170521616936 30650.587825715542 3977.1715090274811 219.19352459907532 37380.680157065392 54.956332683563232 1021.6006400585175 2778.4284967780113 9604.4397837519646 2717.0955529212952 2887.5061919689178 26660.751278102398 4743.5771834254265 3166.1211434602737 104.03971433639526 2486.7696311473846 1057.4526143074036 61.749057769775391 8223.0029154419899 2861.4418464899063 5263.6670339107513 38.593161106109619 802.8389635682106 348.36170816421509
leaf_count=95418 4579 44 35362 145 1541 981 23350 441 48 37675 8 173 1001 11919 3302 1421 28750 4662 2732 12 339 137 8 8409 2298 6750 5 232 43
internal_value=-0.000590419 0.000767469 8.19077e-05 0.00133723 0.00145938 0.00167881 0.00220552 -0.000190075 0.000731785 0.00122401 0.00884722 0.000285026 0.000259726 0.000114003 0.00117008 0.00217334 0.000339284 0.000701667 0.00140047 -0.00226352 -0.00355457 -0.00213527 0.00152266 0.000247787 0.0001509 -0.000725155 -0.00347496 -0.000271565 -0.00351971
internal_weight=271770 188336 85481.9 102854 95237.1 73849.9 34217.5 7616.63 5272.92 39632.4 274.15 4998.77 81497.7 70253.2 11244.5 5665.93 55385.1 21387.2 8420.59 2343.71 3984.18 1497.41 401.369 12966.6 5578.54 14868.1 1096.05 906.879 1436.83
internal_count=271785 176367 91336 85031 83929 63547 24891 1102 670 38656 56 614 90803 82781 8022 2422 64112 20382 7311 432 533 194 52 13071 5600 18669 142 244 188
is_linear=0
shrinkage=0.0440977


Tree=14
num_leaves=30
num_cat=0
split_feature=3 0 2 3 3 0 0 2 3 0 2 0 3 0 0 2 3 2 2 0 3 0 0 0 3 2 3 0 3
split_gain=568.64 32.8876 27.059 9.33562 7.7338 8.66383 8.04993 7.22781 7.15836 10.5232 6.39836 5.86614 5.35482 6.28044 5.59391 6.95354 5.50832 3.01662 2.60618 2.71668 2.22166 2.75927 4.8129 2.06063 1.531 1.41237 1.22596 1.02488 0.384361
threshold=1.0000000180025095e-35 -1.1417810916900633 0.21825000000000003 0.084958255290985121 0.0022293995134532456 -2.3202432394027706 -3.498293280601501 0.088250000000000009 0.1538973078131676 -1.2828360795974729 0.81725000000000003 -1.9501707553863523 0.49216526746749883 1.3748541474342348 2.4886081218719487 6.823500000000001 0.098052706569433226 0.11825000000000001 0.04225000000000001 -3.498293280601501 0.098052706569433226 -0.59194540977478016 -0.72722128033637989 -2.8430203199386592 0.85696265101432811 8.1355000000000022 0.084958255290985121 -3.498293280601501 0.13121456652879718
decision_type=2 2 2 2 2 2 2 2 2 2 2 2 2 2 2 2 2 2 2 2 2 2 2 2 2 2 2 2 2
left_child=-1 3 20 4 18 6 -6 -7 17 11 -11 -10 13 16 15 -14 -4 28 19 -2 21 22 -3 -20 -16 -15 -23 -19 -5
right_child=1 2 12 8 5 7 -8 -9 9 10 -12 -13 14 25 24 -17 -18 27 23 -21 -22 26 -24 -25 -26 -27 -28 -29 -30
leaf_value=-0.48286331501439006 0.08584923678374777 -0.31521574222664639 0.018206537335929786 -0.49075797744683519 0.026429661004632673 -0.37574218534872472 0.48855829630583786 0.27010826726385195 0.12090407430164826 -1.0783665629342014 -0.014214022045911542 -0.57327657497584417 0.18088619930304758 -0.057164925841728928 -0.22495149706895001 0.73744148762234274 0.26926085760690821 -0.47964033315797722 -0.054436457420274829 0.38755425437701202 -1.0139292540873763 -0.25495002358078928 0.098029014484665458 0.072408467490813921 0.1226095904737165 -0.17777470409258642 0.023521162334980538 0.049160811252540529 -0.49075797744683519
leaf_weight=83434.492439985275 2905.6086841225624 419.2422114610672 47453.203548192978 1088.4716475605965 3566.9486044645309 1722.0986275076866 33024.458315908909 35536.428091526031 3977.1715090274811 219.19352459907532 54.956332683563232 1021.6006400585175 2778.4284967780113 9604.4397837519646 1103.1074315905571 2887.5061919689178 7931.9183671474457 104.03971433639526 4743.5771834254265 5514.9845777153969 2198.7441674470901 1265.8556842803955 61.749057769775391 8223.0029154419899 4475.4299678206444 5263.6670339107513 38.593161106109619 802.8389635682106 348.36170816421509
leaf_count=95418 2430 74 57009 145 1541 565 25342 36099 441 48 8 173 1001 11919 1406 1421 7103 12 4662 4881 282 164 8 8409 4194 6750 5 232 43
internal_value=-0.000624558 0.000718025 7.88197e-05 0.00124926 0.00136807 0.00158192 0.0020639 0.00110853 -0.000236299 0.000665019 0.00906099 0.000202835 0.00025231 0.000109298 0.00114573 0.00212156 0.000325326 -0.00226352 0.000629606 0.00123362 -0.00346916 -0.00231145 0.000542658 0.000237287 0.00015442 -0.000695396 -0.00336346 -0.000271565 -0.00351971
internal_weight=271770 188336 85481.9 102854 95237.1 73849.9 36591.4 37258.5 7616.63 5272.92 274.15 4998.77 81497.7 70253.2 11244.5 5665.93 55385.1 2343.71 21387.2 8420.59 3984.18 1785.44 480.991 12966.6 5578.54 14868.1 1304.45 906.879 1436.83
internal_count=271785 176367 91336 85031 83929 63547 26883 36664 1102 670 56 614 90803 82781 8022 2422 64112 432 20382 7311 533 251 82 13071 5600 18669 169 244 188
is_linear=0
shrinkage=0.0440977


Tree=15
num_leaves=30
num_cat=0
split_feature=3 0 1 3 3 0 0 3 0 0 3 0 3 1 0 3 1 1 0 3 0 0 0 3 1 3 1 0 0
split_gain=534.901 27.6211 12.3182 9.23126 7.93174 12.7301 11.3803 6.72826 8.43326 4.4728 3.71496 4.31921 4.44243 4.22337 8.35756 3.62311 3.30323 2.46333 4.18856 1.64577 1.78929 1.43641 3.52169 2.41255 1.41599 1.27729 1.18589 0.872405 0.21693
threshold=1.0000000180025095e-35 -1.1417810916900633 0.28024999797344213 0.084958255290985121 0.0037882957840338354 -2.9141628742218013 -3.498293280601501 0.1538973078131676 -1.2828360795974729 -1.9501707553863523 0.85696265101432811 1.3748541474342348 0.0080803995952010172 4.9005000591278085 2.4886081218719487 0.3488419800996781 0.03824999928474427 0.42724999785423284 -2.4505094289779659 0.11301580071449281 -0.1929783225059509 -3.498293280601501 -3.1641684770584102 0.00082657829625532042 0.042249999940395362 0.26951168477535253 1.8115000128746035 -0.25199328362941736 1.5786693692207339
decision_type=2 2 2 2 2 2 2 2 2 2 2 2 2 2 2 2 2 2 2 2 2 2 2 2 2 2 2 2 2
left_child=-1 3 19 4 21 6 -6 17 9 -9 11 12 -4 26 -15 -10 -7 24 -19 20 27 23 -23 -2 -5 -13 -12 -3 -22
right_child=1 2 10 7 5 16 -8 8 15 -11 13 25 -14 14 -16 -17 -18 18 -20 -21 28 22 -24 -25 -26 -27 -28 -29 -30
leaf_value=-0.46157014699718019 0.96191002764940614 -0.058024317857159918 -0.1205197733533345 -0.45848929127056653 0.10956093311363904 -1.7419987540022062 1.0366306151858447 0.077393045383374381 20.742280709056111 -0.57062126963749349 -0.050334851813511834 -0.10993053572109764 0.050817112759136703 0.88251499613115869 0.058517506535292522 0.39927182011681539 0.30527765169642229 20.91993025214504 -0.63180912993134397 -3.4074898300328882 -0.51423239523390474 0.39370755251324885 0.099193203333785063 -0.073688717186929029 -0.25013363233983127 -0.0083771313724085132 -0.53232869261154736 -0.44726048464385415 -2.2304362109518268
leaf_weight=83436.668359100819 1416.1939683556557 406.00453716516495 5866.2884724140167 877.34482979774475 2203.8135772943497 286.62728750705719 6591.2621392011642 3962.9833180904388 131.34368872642517 1117.3402078151703 689.62222957611084 11533.275811195374 51610.297434508801 2719.5609813928604 4611.8047311306 138.26855707168579 43365.044520318508 35.775081634521484 78.018310070037842 1148.7823663949966 416.80613994598389 8310.4077610373497 30370.476539134979 2796.3769248127937 1378.9223717451096 5831.0818890333176 657.39344495534897 77.186322212219238 270.15212774276733
leaf_count=95576 1198 112 7266 99 863 74 4147 441 36 188 105 14383 57492 927 4181 21 39217 4 21 148 54 7143 29279 1942 326 6769 165 10 35
internal_value=-0.000680951 0.000617921 3.36301e-05 0.00110457 0.00122333 0.00158708 0.00311759 -0.000362054 0.000504478 0.000100416 0.000121671 2.15157e-05 0.00020565 0.00098529 0.00140226 0.00808975 0.00127864 -0.00231746 0.0039886 -0.00313595 -0.0019693 0.000778539 0.000862751 5.25973e-06 -0.00263713 -0.000587951 -0.00128352 8.7223e-05 -0.00341384
internal_weight=272335 188898 85838.3 103060 95340.2 52446.7 8795.08 7720 5349.94 5080.32 83519.3 74840.9 57476.6 8678.38 7331.37 269.612 43651.7 2370.06 113.793 2318.93 1170.15 42893.5 38680.9 4212.57 2256.27 17364.4 1347.02 483.191 686.958
internal_count=272222 176646 91647 84999 83863 44301 5010 1136 686 629 91288 85910 64758 5378 5108 57 39291 450 25 359 211 39562 36422 3140 425 21152 270 122 89
is_linear=0
shrinkage=0.0440977


Tree=16
num_leaves=30
num_cat=0
split_feature=3 0 2 3 3 0 2 3 3 0 2 0 0 0 3 3 2 2 2 3 2 2 0 2 0 2 0 3 2
split_gain=522.698 23.4141 21.3814 9.8359 7.47771 11.0437 16.6606 6.80372 5.46578 4.76678 4.85581 4.33988 4.29321 5.84882 4.09424 3.27321 2.94385 2.92799 2.70318 2.12767 2.11574 2.073 3.75011 2.45016 1.81208 1.19086 1.16512 1.04359 0.191911
threshold=1.0000000180025095e-35 -1.1417810916900633 0.21825000000000003 0.084958255290985121 0.0040715329814702281 -2.9141628742218013 0.030250000000000003 0.1538973078131676 0.85696265101432811 -1.2131820917129514 0.28225000000000006 2.1290646791458134 2.4886081218719487 1.5786693692207339 0.0080803995952010172 0.002640118589624763 0.088250000000000009 6.823500000000001 0.055250000000000007 0.11301580071449281 0.095250000000000015 0.047250000000000007 -3.3740954399108882 0.030250000000000003 -0.66310319304466236 12.771500000000001 3.1623266935348515 0.18138061463832858 0.03425000000000001
decision_type=2 2 2 2 2 2 2 2 2 2 2 2 2 2 2 2 2 2 2 2 2 2 2 2 2 2 2 2 2
left_child=-1 3 15 4 21 6 -6 16 11 17 -11 14 13 -10 -4 -3 28 -9 -7 24 -18 23 -23 -2 -17 -14 -21 -13 -5
right_child=1 2 8 7 5 18 -8 9 12 10 -12 27 25 -15 -16 19 20 -19 -20 26 -22 22 -24 -25 -26 -27 -28 -29 -30
leaf_value=-0.44121595899793997 0.085312985677274883 0.25998358306511887 -0.11772917532511588 -0.44889834356250319 -0.49426113185385878 -0.15715341046954254 0.99091757554381255 -0.0044397978519129027 -0.066763006666626115 -0.30083404600427777 3.6453860016175677 -0.25989737531239393 -0.48101898661689896 0.77863538061898518 0.043503816804889711 -0.087231756377885411 0.32386186974902259 18.232290713326901 0.31479959557891024 -1.2514384844534365 -0.2458788316078204 -0.57470286519536617 0.097443330601477349 0.36136878968487279 -0.25038678610833925 0.14263558399757473 -0.81294351771320217 -0.1145531501689197 -0.57355012109647818
leaf_weight=83436.668359100819 3771.4400880336761 15.437264442443846 5742.7903568744659 601.52432703971863 1701.0336654782295 1979.7603504061699 6500.8677223920822 5157.6685699224472 1240.9874814748764 40.240398764610291 96.114089012145996 1382.3291077613831 703.76180851459503 2551.9262291789055 61094.481047153473 501.98663979768753 36.94048672914505 55.912714004516602 39528.788416266441 2006.5942981243134 977.96808439493179 740.98869323730469 30302.00244140625 10815.321340441704 1358.4792709350586 3749.4624634981155 186.84732675552368 5303.1731931567192 753.62769508361816
leaf_count=95576 3186 2 7250 68 666 1065 3842 649 257 8 23 1789 256 905 70137 99 8 6 36074 252 273 96 29284 9650 176 3904 24 6596 101
internal_value=-0.000714688 0.000569282 3.13256e-05 0.00101734 0.00113993 0.00151409 0.00299267 -0.000496543 0.000186602 0.000374856 0.00848374 6.58516e-05 0.00126308 0.00235314 0.000173009 -0.00308806 -0.00246288 0.000161192 0.00122186 -0.00316697 -0.000666001 0.000732274 0.000528499 0.00116587 -0.00206824 0.000334327 -0.00409755 -0.0010053 -0.00380712
internal_weight=272335 188898 85838.3 103060 95340.2 49710.5 8201.9 7720 81768.9 5349.94 136.354 73522.8 8246.14 3792.91 66837.3 4069.34 2370.06 5213.58 41508.5 4053.91 1014.91 45629.8 31043 14586.8 1860.47 4453.22 2193.44 6685.5 1355.15
internal_count=272222 176646 91647 84999 83863 41647 4508 1136 91094 686 31 85772 5322 1162 77387 553 450 655 37139 551 281 42216 29380 12836 275 4160 276 8385 169
is_linear=0
shrinkage=0.0440977


Tree=17
num_leaves=32
num_cat=0
split_feature=3 0 2 3 3 0 2 3 2 0 2 3 0 3 0 0 3 2 0 2 2 0 3 3 0 0 2 3 0 0 3
split_gain=486.748 20.6169 18.0233 8.93933 7.10832 10.1049 11.8082 5.58159 5.40413 4.85751 4.85581 4.38972 4.05881 3.93956 3.77361 4.95716 3.19084 2.47233 2.30807 2.09904 2.09068 3.73877 3.05651 1.96622 3.54133 2.8961 1.2968 1.05513 0.537526 2.0724 0.524598
threshold=1.0000000180025095e-35 -1.1417810916900633 0.21825000000000003 0.084958255290985121 0.0046808880288153895 -2.7143269777297969 0.030250000000000003 0.1538973078131676 0.051250000000000011 -1.2131820917129514 0.28225000000000006 0.85696265101432811 2.1290646791458134 0.21899907290935519 2.4886081218719487 1.5786693692207339 0.002640118589624763 0.088250000000000009 -1.9501707553863523 0.095250000000000015 0.047250000000000007 -3.3740954399108882 0.002640118589624763 0.035846564918756492 -0.59194540977478016 2.4886081218719487 48.801500000000011 0.18138061463832858 -3.498293280601501 -3.1641684770584102 0.13121456652879718
decision_type=2 2 2 2 2 2 2 2 2 2 2 2 2 2 2 2 2 2 2 2 2 2 2 2 2 2 2 2 2 2 2
left_child=28 3 16 4 20 6 -6 17 -7 18 -11 12 13 -4 15 -13 -3 30 -9 -19 22 -22 -2 24 -18 -25 -16 -14 -1 -30 -5
right_child=1 2 11 7 5 8 -8 9 -10 10 -12 14 27 -15 26 -17 23 19 -20 -21 21 -23 -24 25 -26 -27 -28 -29 29 -31 -32
leaf_value=-0.42175934414506477 0.20307001887290699 0.24851890156253503 0.0067879369004221453 -0.42910295311782065 -0.47344159650633327 -1.703518845530793 0.91848393743856638 0.052914758167168861 0.29682683940651738 -0.28756795249979356 3.4846328149363335 -0.063818910741169008 -0.24843649537457183 0.23092047387344436 0.28809259168012674 0.7442993408575671 0.022920053150223406 0.30958030187566238 -0.33348088639646661 -0.23503613739083565 -0.54935978302683952 0.0984882651001249 0.62153074031703504 -0.63014316575829699 -0.26962530209175145 -0.21963675544218536 -0.096745470301566661 -0.10950161819785913 0.014622601074781801 -0.018725009107523352 -0.49609206979083126
leaf_weight=83338.414481878281 11414.262704908848 15.437264442443846 60641.207160592079 1012.9063346385956 1667.5267965197563 690.17735332250595 8450.4361678361893 3962.9833180904388 33524.240838766098 40.240398764610291 96.114089012145996 1240.9874814748764 1382.3291077613831 6196.0642434358597 2147.0382600426674 2551.9262291789055 362.77571439743042 36.94048672914505 1250.597965836525 977.96808439493179 740.98869323730469 34926.835334897041 3925.7348281741142 2321.7336111664772 1103.7644076347351 265.63380241394043 2306.1860119700432 5303.1731931567192 28.558939218521118 69.694938004016876 342.24568748474121
leaf_count=95541 10219 2 72320 130 593 235 5025 441 30620 8 23 257 1789 5067 1779 905 47 8 214 273 96 33831 3244 327 143 34 2381 6596 10 25 39
internal_value=-0.000707449 0.000531579 2.67783e-05 0.000952021 0.00106889 0.00147732 0.00270156 -0.000491213 0.00111522 0.000298059 0.00848374 0.000169341 6.11274e-05 0.000164757 0.00113405 0.00215602 -0.0028372 -0.00227221 8.23868e-05 -0.000625492 0.000713885 0.000528713 0.00114438 -0.00291515 -0.00162355 -0.00364633 0.000263327 -0.000974759 -0.00351255 -0.00025015 -0.00350411
internal_weight=272335 188898 85838.3 103060 95340.2 44332.4 10118 7720 34214.4 5349.94 136.354 81768.9 73522.8 66837.3 8246.14 3792.91 4069.34 2370.06 5213.58 1014.91 51007.8 35667.8 15340 4053.91 1466.54 2587.37 4453.22 6685.5 83436.7 98.2539 1355.15
internal_count=272222 176646 91647 84999 83863 36473 5618 1136 30855 686 31 91094 85772 77387 5322 1162 553 450 655 281 47390 33927 13463 551 190 361 4160 8385 95576 35 169
is_linear=0
shrinkage=0.0440977


Tree=18
num_leaves=39
num_cat=0
split_feature=1 0 2 0 0 0 1 1 2 2 2 1 2 0 2 0 2 2 1 1 0 1 0 2 1 2 2 0 2 2 0 2 1 2 2 0 0 1
split_gain=453.075 20.3821 12.0031 7.8815 5.7255 4.69118 6.40752 10.4925 5.81154 4.12391 8.03706 3.0511 6.79983 2.1639 6.22987 2.15146 2.08443 2.01315 1.79161 3.90905 1.54036 2.00814 1.287 2.65742 1.25391 4.14948 1.08024 1.05568 1.04342 0.964764 0.870014 0.71007 0.657867 0.43359 0.627815 0.780781 0.453837 0.357867
threshold=0.03024999983608723 -1.1417810916900633 0.28225000000000006 -3.498293280601501 -3.0737084150314327 -3.0737084150314327 0.070250000804662718 0.047249998897314079 0.038250000000000013 0.030250000000000003 0.04225000000000001 0.055250000208616264 10.104500000000002 -2.7143269777297969 1.6025000000000003 -2.9907571077346797 0.04225000000000001 0.030250000000000003 0.46349999308586126 1.6004999876022341 -0.59194540977478016 6.8265001773834237 -0.72722128033637989 0.095250000000000015 48.718500137329109 48.801500000000011 0.038250000000000013 3.1623266935348515 0.16725000000000004 0.81725000000000003 -0.93840873241424549 1.0385000000000002 0.25925000011920935 0.30650000000000005 0.038250000000000013 -3.263633012771606 -3.3740954399108882 0.088250000029802336
decision_type=2 2 2 2 2 2 2 2 2 2 2 2 2 2 2 2 2 2 2 2 2 2 2 2 2 2 2 2 2 2 2 2 2 2 2 2 2 2
left_child=3 5 20 9 33 6 7 17 -9 -1 26 12 15 14 -13 -7 -15 -2 32 -20 22 37 30 -24 25 31 -11 -27 -12 -30 -3 -4 -8 34 35 -5 -36 -22
right_child=1 2 24 4 -6 11 18 8 -10 10 28 13 -14 16 -16 -17 -18 -19 19 -21 21 -23 23 -25 -26 27 -28 -29 29 -31 -32 -33 -34 -35 36 -37 -38 -39
leaf_value=-0.40316072151530163 0.012687997732008419 -0.098788153127277442 0.0046421105382536115 0.6280321469805592 -2.6142931063864792 0.13761158622572381 -0.53372005601792205 -0.31372335634116977 1.2898947156679472 0.0890303478151908 -0.40316072151530163 0.25511291290134819 17.425954965244394 -1.855658063374404 0.1591187179465646 -0.088227250042673969 0.16986888388059954 0.50285599670999459 0.21116039120581626 -0.53695070229506059 -0.43108650191456216 -0.021884416079491681 0.0061669346586558449 -1.7395637226984637 -0.14818020093269604 0.77916616000475181 -1.1425678907427996 0.36451597716990086 -0.56655883714678157 -0.6171161700784219 -0.31392337260381065 0.051080115999816281 -0.54895320187766605 -0.93644158976274483 0.32991428554383534 -0.82254312492352821 -0.86430242814978098 -0.2998207992690316
leaf_weight=85881.448821425438 1614.3189534544945 535.1242191195488 34118.756555736065 1077.3392410874367 569.78395485877991 3580.4375366568565 1074.9201583862305 171.80863797664642 1101.2442505955696 1026.9519430398941 1585.2775685191154 8730.141946554184 9.3187856674194318 146.69397246837616 9.3187856674194318 5028.2321736812592 61835.8274512887 12112.95694732666 205.01328468322754 121.14421367645264 1150.4509925842285 362.77571439743042 80.386629104614258 54.568990588188171 2509.9914582371712 16.302907466888428 91.148670196533203 72.33966737985611 241.72200298309326 130.46299934387207 494.91698205471039 44687.938681066036 163.63657283782959 27.956357002258301 78.222126364707947 106.49644875526428 65.526146352291107 1464.2211807966232
leaf_count=97330 1234 204 39642 919 101 2655 164 85 759 787 267 7205 1 48 1 3940 55346 9453 22 13 142 47 10 14 2638 2 65 70 27 14 98 48543 18 3 32 90 27 206
internal_value=-0.000724157 0.000548783 5.393e-05 -0.00326565 -0.000473999 0.000990189 0.00166516 0.00194527 0.00577367 -0.00332606 -0.00173859 0.000849245 6.58562e-05 0.000944704 0.00159432 2.29707e-05 0.000853084 0.00158983 -0.00101963 0.00188412 -0.00226134 -0.00279317 -0.000900887 0.00313336 0.000171773 0.000202646 0.00124341 0.00968486 -0.00344168 -0.00133582 -0.00143198 0.000191858 -0.0017852 0.00108533 0.00120096 0.00086493 0.00394323 -0.0032196
internal_weight=272335 181453 85547.8 90882.3 1925.32 95905 16565 15000.3 1273.05 88957 3075.56 79340 8617.99 70722 8739.46 8608.67 61982.5 13727.3 1564.71 326.157 4142.44 2977.45 1165 134.956 81405.3 78895.3 1118.1 88.6426 1957.46 372.185 1030.04 78806.7 1238.56 1355.54 1327.58 1183.84 143.748 2614.67
internal_count=272222 172560 91616 99662 1172 80944 11748 11531 844 98490 1160 69196 6596 62600 7206 6595 55394 10687 217 35 721 395 326 24 90895 88257 852 72 308 41 302 88185 182 1071 1068 1009 59 348
is_linear=0
shrinkage=0.0440977


Tree=19
num_leaves=39
num_cat=0
split_feature=1 0 2 2 2 0 1 1 2 0 0 1 2 0 2 2 0 0 2 1 1 1 0 2 0 1 0 2 2 0 2 1 0 1 1 0 1 0
split_gain=443.351 17.9437 11.9178 7.95015 7.20744 3.58748 5.70829 7.30528 4.64361 3.46116 4.88226 3.03795 6.81757 2.07348 1.96323 4.98304 2.23217 1.90916 5.6118 3.44999 1.79161 3.90905 1.76307 1.72781 1.54036 2.00814 1.287 2.65742 1.26028 1.13655 3.34168 1.99175 0.870014 0.657867 0.473154 0.373323 0.357867 0.355619
threshold=0.03024999983608723 -1.1417810916900633 0.28225000000000006 0.030250000000000003 0.04225000000000001 -3.0737084150314327 0.070250000804662718 0.047249998897314079 0.038250000000000013 -3.498293280601501 -3.263633012771606 0.055250000208616264 10.104500000000002 -2.3202432394027706 0.46550000000000008 0.81725000000000003 -3.3740954399108882 -2.4505094289779659 0.088250000000000009 0.12725000083446505 0.46349999308586126 1.6004999876022341 -3.0737084150314327 0.030250000000000003 -0.59194540977478016 6.8265001773834237 -0.72722128033637989 0.095250000000000015 0.038250000000000013 2.4886081218719487 48.801500000000011 6.8265001773834237 -0.93840873241424549 0.25925000011920935 10.123000144958498 3.1623266935348515 0.088250000029802336 3.1623266935348515
decision_type=2 2 2 2 2 2 2 2 2 2 2 2 2 2 2 2 2 2 2 2 2 2 2 2 2 2 2 2 2 2 2 2 2 2 2 2 2 2
left_child=3 5 24 9 28 6 7 23 -9 -1 -11 12 13 -7 16 -16 -6 18 -13 -19 33 -22 -18 -2 26 36 32 -28 -5 30 31 -4 -3 -8 37 -36 -26 -31
right_child=1 2 29 4 14 11 20 8 -10 10 -12 17 -14 -15 15 -17 22 19 -20 -21 21 -23 -24 -25 25 -27 27 -29 -30 34 -32 -33 -34 -35 35 -37 -38 -39
leaf_value=-0.38538225561360212 0.012128486045970338 -0.094431821475562963 0.017557105869132866 0.12440486456079869 -0.38538225561360212 0.011454427589934474 -0.51018422201776481 -0.2998888737251183 1.2330133083396431 0.60033736543463134 -1.9095981748279747 0.16263435489514677 16.657510199619107 -2.620774657908802 0.008682162053281952 -0.58990275815205662 -0.13560613182443221 0.059232804899796883 0.999859106065764 0.21139812428099991 0.2018487008190839 -0.51327240418167663 -0.29645470434643612 0.4806811971477451 -0.41207657295579564 -0.02091936337399625 0.0058949869422840221 -1.6628529404288319 -1.5447320446398347 -1.0598884687678825 0.74480671408616739 0.14430709989707868 -0.3000800697279587 -0.52474562097908795 -0.094764639446921206 -0.0028979465779950908 -0.28659938762855647 -3.7248024056930293
leaf_weight=85881.448821425438 1614.3189534544945 535.1242191195488 65704.199561715126 1427.7126122117043 1791.0704116225243 8403.0954876542091 1074.9201583862305 171.80863797664642 1101.2442505955696 728.19674664735794 589.8917264342308 20239.628984391689 9.3187856674194318 205.57422268390656 93.187856674194336 139.7817850112915 54.038382530212402 18098.868401527405 1748.336362361908 30635.148407697678 205.01328468322754 121.14421367645264 34.77050244808197 12112.95694732666 1150.4509925842285 362.77571439743042 80.386629104614258 54.568990588188171 142.23743492364883 217.30061894655228 16.302907466888428 7668.9433614015579 494.91698205471039 163.63657283782959 3793.0839797258377 3916.2774179577827 1464.2211807966232 89.221422672271729
leaf_count=97330 1234 204 74756 1124 298 6555 164 85 759 609 154 16140 1 40 10 15 17 15919 1106 29435 22 13 10 9453 142 47 10 14 95 63 2 7427 98 18 4293 4341 206 13
internal_value=-0.00074921 0.000509996 4.5686e-05 -0.00326328 -0.00125591 0.000924158 0.00151442 0.0017788 0.00497329 -0.00334804 -0.00110443 0.000800902 1.92098e-05 -2.37262e-05 -0.00293695 0.000878183 -0.00340997 0.000896156 0.00123727 0.000742227 -0.00101963 0.00188412 0.00338516 0.00148221 -0.00226134 -0.00279317 -0.000900887 0.00313336 0.00100689 0.000163109 0.000217566 0.000212993 -0.00143198 -0.0017852 -0.000335431 -0.000267732 -0.0032196 -0.00203173
internal_weight=272335 181453 85547.8 90882.3 3682.8 95905 16565 15000.3 1273.05 87199.5 1318.09 79340 8617.99 8608.67 2112.85 232.97 1879.88 70722 21988 48734 1564.71 326.157 88.8089 13727.3 4142.44 2977.45 1165 134.956 1569.95 81405.3 73389.4 73373.1 1030.04 1238.56 8015.88 7709.36 2614.67 306.522
internal_count=272222 172560 91616 99662 1569 80944 11748 11531 844 98093 763 69196 6596 6595 350 25 325 62600 17246 45354 217 35 27 10687 721 395 326 24 1219 90895 82185 82183 302 182 8710 8634 348 76
is_linear=0
shrinkage=0.0440977


Tree=20
num_leaves=27
num_cat=0
split_feature=3 0 1 0 3 3 0 1 3 3 1 1 1 3 3 3 0 0 0 0 0 0 3 3 3 0
split_gain=491.304 18.0677 11.3756 8.15714 4.73057 4.28901 9.64259 6.3131 3.47562 3.07073 3.01044 2.85996 2.8217 3.88013 2.24364 1.99961 1.65049 1.0322 3.83084 1.02128 2.4591 0.897532 0.651255 0.439575 0.395243 0.277526
threshold=1.0000000180025095e-35 -1.1417810916900633 0.28024999797344213 -3.498293280601501 0.0080803995952010172 0.002640118589624763 -2.7143269777297969 0.06024999916553498 0.85696265101432811 0.00082657829625532042 0.082250002771615996 0.03024999983608723 0.64524999260902416 0.49216526746749883 0.073867965489625945 0.3488419800996781 -0.25199328362941736 0.52502429485321056 0.32244569063186651 -3.263633012771606 -2.8430203199386592 -1.0751401782035825 0.0030947342747822408 0.0011623817845247688 0.00437593529932201 1.3748541474342348
decision_type=2 2 2 2 2 2 2 2 2 2 2 2 2 2 2 2 2 2 2 2 2 2 2 2 2 2
left_child=-1 3 14 8 21 19 10 -8 9 -2 -7 -10 16 -14 17 -11 -6 18 -3 23 -21 24 -23 -5 -4 -19
right_child=1 2 4 5 12 6 7 -9 11 15 -12 -13 13 -15 -16 -17 -18 25 -20 20 -22 22 -24 -25 -26 -27
leaf_value=-0.36838777940373063 0.53593563584915072 -0.1555041811705479 -0.12046438361495389 0.013303489111257316 0.099942807488307528 0.59026979354605802 -1.0428158940248589 0.21118452896775813 0.21394920728284469 -0.221283717722669 -0.048105210671103397 -0.11541651891488722 -0.015918919942218203 0.15503336523577102 -2.9632847308193129 -0.51215687001402033 -3.3674034689322752 -0.51818228424915846 0.15157669680454633 -0.045352737216489414 0.10306084913530342 -0.43877347942332851 -0.14771274235089585 0.32095365704526563 0.23321919406592806 -0.63865479191814545
leaf_weight=83254.626482129097 1433.4106995463371 540.60241693258286 182.1597204208374 1727.0662474036217 15954.146138012409 16560.065861165524 1041.8216316699982 52595.702381789684 279.56357002258301 6516.3940461874008 923.95571196079254 65.231499671936035 49781.475890874863 11580.858820855618 1168.0875259637833 316.83871269226074 134.59412527084351 192.9658055305481 38.593161106109619 7797.2239238023758 11589.019566595554 321.09510040283203 4753.4380438327789 3068.0135146379471 532.03995245695114 316.46392107009888
leaf_count=95367 1170 113 236 1495 17229 11218 386 45678 30 3092 177 7 58469 8059 161 34 36 25 5 7375 11819 380 5896 2696 652 41
internal_value=-0.000741773 0.000499246 2.44251e-05 0.000889906 0.000108195 0.00100735 0.00117985 0.000886663 -0.000409811 -0.000590926 0.00207918 0.00392166 0.000199084 6.2788e-05 -0.00306415 -0.00098019 0.000718878 -0.00162163 -0.000346859 0.000499978 0.000357415 -0.00110768 -0.00131365 0.00107616 0.00035554 -0.00306746
internal_weight=272665 189411 85496.5 103914 83239.8 95302.9 71121.5 53637.5 8611.44 8266.64 17484 344.795 77451.1 61362.3 2256.71 6833.23 16088.7 1088.63 579.196 24181.3 19386.2 5788.73 5074.53 4795.08 714.2 509.43
internal_count=271846 176479 91302 85177 90957 80844 57459 46064 4333 4296 11395 37 83793 66528 345 3126 17265 184 118 23385 19194 7164 6276 4191 888 66
is_linear=0
shrinkage=0.0440977


Tree=21
num_leaves=30
num_cat=0
split_feature=3 0 2 0 3 3 0 2 2 3 3 2 0 3 3 3 3 3 0 3 2 2 0 0 0 2 3 2 3
split_gain=480.427 16.5338 14.7684 7.33025 4.10629 3.86493 6.56275 8.39521 4.70484 3.45381 3.04229 6.78795 5.45534 3.02395 2.61604 2.56843 4.93649 2.01977 1.97165 3.62656 1.91238 1.31077 1.08306 2.63701 0.933888 0.754659 0.592826 0.487543 0.379527
threshold=1.0000000180025095e-35 -1.1417810916900633 0.21825000000000003 -3.498293280601501 0.0080803995952010172 0.0018306191777810457 -2.9907571077346797 0.082250000000000018 0.04225000000000001 0.85696265101432811 0.3488419800996781 3.2285000000000008 2.4886081218719487 0.00082657829625532042 0.035846564918756492 0.015686663798987869 0.020081382244825367 0.3488419800996781 1.1130081415176394 0.85696265101432811 3.2285000000000008 0.3322500000000001 -3.1641684770584102 -2.8430203199386592 -0.66310319304466236 0.082250000000000018 0.0030947342747822408 0.030250000000000003 0.0037882957840338354
decision_type=2 2 2 2 2 2 2 2 2 2 2 2 2 2 2 2 2 2 2 2 2 2 2 2 2 2 2 2 2
left_child=-1 3 14 9 21 22 7 -7 -8 13 11 -6 -12 27 15 24 -17 -15 -16 -20 -11 28 25 -24 -3 -5 -23 -2 -4
right_child=1 2 4 5 10 6 8 -9 -10 20 12 -13 -14 17 18 16 -18 -19 19 -21 -22 26 23 -25 -26 -27 -28 -29 -30
leaf_value=-0.35214272073304509 0.65929442135980487 -0.17369191600471623 -0.071765866443488674 0.20753991349687201 0.058445950350753437 0.60800714076042073 -1.1592557443934433 -0.32135540202459473 0.19391396048731843 0.14571756021621349 0.31054272647779668 -0.0972514292945314 -0.030019919066356239 -0.21152561178579271 -1.1069748954589556 0.022812503110474256 -0.27233386821715344 -0.48957192320758941 0.01182012370221573 -1.3933979102909984 -0.11032691435641512 -0.3916958392677955 -0.12960699392274674 0.071020007287385722 -0.21692723339077905 0.18764355175542669 -0.12817114492973247 -0.036341806975753968 0.42163782284558726
leaf_weight=83254.626482129097 1130.088793694973 293.30802440643311 77.958185434341431 4288.3766502141953 46417.90368616581 12293.155074238777 923.44821923971176 794.1650253534317 68779.030467987061 298.20114135742188 7520.7160895466805 15552.445836961269 6394.1115711927414 6516.3940461874008 1736.4154985547066 84.904954433441162 138.93537998199463 316.83871269226074 324.1825532913208 395.81466674804688 46.593928337097168 307.20156240463257 3225.2542504072189 4929.9714615941048 949.39176321029663 69.467689990997314 4978.1575976610184 303.32190585136414 325.07325273752213
leaf_count=95367 899 38 101 3842 53460 8703 352 127 59349 32 4011 19471 6683 3092 245 11 18 34 42 49 5 398 3260 5202 123 9 6231 271 421
internal_value=-0.000765025 0.000462181 7.96287e-06 0.000835889 0.000135075 0.000947222 0.0010564 0.00196247 0.000886247 -0.000396192 0.000220741 8.84276e-05 0.000809954 -0.000576739 -0.00263456 -0.00115968 0.00317908 -0.000963027 -0.00351428 -0.00157113 0.00392166 -0.00100757 0.000224862 -7.50525e-05 -0.00194312 0.000786009 -0.00119246 0.00126413 0.00141401
internal_weight=272665 189411 85496.5 103914 81573.6 95302.9 82789.8 13087.3 69702.5 8611.44 75885.2 61970.3 13914.8 8266.64 3922.95 1466.54 223.84 6833.23 2456.41 719.997 344.795 5688.39 12513.1 8155.23 1242.7 4357.84 5285.36 1433.41 403.031
internal_count=271846 176479 91302 85177 90776 80844 68531 8830 59701 4333 83625 72931 10694 4296 526 190 29 3126 336 91 37 7151 12313 8462 161 3851 6629 1170 522
is_linear=0
shrinkage=0.0440977


Tree=22
num_leaves=33
num_cat=0
split_feature=3 0 2 0 3 3 0 2 2 3 3 3 3 2 0 3 2 0 3 2 3 3 2 0 2 3 0 0 2 0 0 3
split_gain=475.427 15.0888 12.7449 6.80567 3.81341 3.77447 8.50219 7.36877 6.10919 3.55047 3.43572 2.98533 2.74706 6.27556 4.70299 2.03661 1.91238 1.89971 7.3453 1.36371 1.19892 2.02509 0.830814 2.72078 2.31848 0.613386 0.592407 3.38243 0.487543 0.413922 0.35724 0.28979
threshold=1.0000000180025095e-35 -1.1417810916900633 0.21825000000000003 -3.498293280601501 0.0080803995952010172 0.002640118589624763 -2.7143269777297969 0.060250000000000005 10.104500000000002 0.098052706569433226 0.85696265101432811 0.00082657829625532042 0.3488419800996781 3.2285000000000008 2.4886081218719487 0.3488419800996781 3.2285000000000008 2.4886081218719487 0.85696265101432811 0.3322500000000001 0.0080803995952010172 0.020081382244825367 0.060250000000000005 -2.4505094289779659 0.051250000000000011 0.0030947342747822408 -3.498293280601501 -3.1641684770584102 0.030250000000000003 1.1130081415176394 -0.86393621563911427 0.00437593529932201
decision_type=2 2 2 2 2 2 2 2 2 2 2 2 2 2 2 2 2 2 2 2 2 2 2 2 2 2 2 2 2 2 2 2
left_child=26 3 9 10 19 22 8 -8 -7 20 11 28 13 -6 -14 -13 -12 29 -19 31 30 -22 24 -24 -5 -21 -1 -28 -2 -11 -3 -4
right_child=1 2 4 5 12 6 7 -9 -10 17 16 15 14 -15 -16 -17 -18 18 -20 25 21 -23 23 -25 -26 -27 27 -29 -30 -31 -32 -33
leaf_value=-0.33661403200177814 0.63022104500193188 -0.38408428884844698 -0.027728629515493056 0.10122255818948776 0.055868617590017662 0.50296469549502199 -1.0365894538906479 0.19884985245414766 15.888371380595739 -1.8121935282516222 0.1392917490264583 -0.20219781600664197 0.29684850236549865 -0.092962863649778418 -0.028696109282786562 -0.46798292090979188 -0.10546174972045302 0.1476755079214121 -1.5797517190055501 -0.37442294845619456 0.01249691221585118 -0.18082028820251975 0.17633594171725003 0.0030263985178178897 -0.063908409175601255 -0.12251909053030963 0.00237978403574228 -0.1238505985182952 -0.034739216391789812 -0.29224918606078215 -0.19960060437477772 0.4248883499523205
leaf_weight=83161.003784239292 1130.088793694973 100.34221887588501 117.32320976257324 10027.375491082668 46417.90368616581 17474.702787458897 1469.8662406206131 52167.657772839069 9.3187856674194318 1523.6925766468048 298.20114135742188 6516.3940461874008 7520.7160895466805 15552.445836961269 6394.1115711927414 316.83871269226074 46.593928337097168 54.030425548553467 163.69143009185791 307.20156240463257 254.71486330032349 413.40735965967178 5545.2367552518845 5594.2692118287086 3014.4417942762375 4978.1575976610184 19.29658055305481 74.326117336750031 303.32190585136414 440.52630662918091 972.5476598739624 285.70822840929031
leaf_count=95338 899 13 152 8994 53460 11394 618 45446 1 195 32 3092 4011 19471 6683 34 5 7 21 398 33 76 4963 6251 3177 6231 7 22 271 55 126 370
internal_value=-0.000775502 0.000445302 1.13852e-05 0.000802307 0.000129469 0.000909582 0.0010714 0.0007961 0.00191588 -0.00244344 -0.000384869 -0.000564944 0.000212022 8.62929e-05 0.000771918 -0.000948759 0.00392166 -0.00362813 0.000278977 -0.000971672 -0.000957478 0.000508533 0.000433618 0.000713284 0.000194708 -0.00116026 -0.0035529 -4.65634e-05 0.00126413 -0.00406113 -0.00187003 0.00149825
internal_weight=272665 189411 85496.5 103914 81573.6 95302.9 71121.5 53637.5 17484 3922.95 8611.44 8266.64 75885.2 61970.3 13914.8 6833.23 344.795 2181.94 217.722 5688.39 1741.01 668.122 24181.3 11139.5 13041.8 5285.36 83254.6 93.6227 1433.41 1964.22 1072.89 403.031
internal_count=271846 176479 91302 85177 90776 80844 57459 46064 11395 526 4333 4296 83625 72931 10694 3126 37 278 28 7151 248 109 23385 11214 12171 6629 95367 29 1170 250 139 522
is_linear=0
shrinkage=0.0440977


Tree=23
num_leaves=38
num_cat=0
split_feature=1 0 2 2 2 2 1 2 0 2 2 2 0 0 2 0 2 0 0 1 1 0 2 2 2 2 0 0 0 0 0 0 0 2 2 2 2
split_gain=443.165 16.3983 10.5321 7.07208 5.19772 3.66189 3.2361 2.54361 2.34151 5.4147 2.54267 2.067 1.91942 3.52055 1.38893 1.26102 2.82612 5.43006 2.92829 2.37801 1.03832 0.910773 1.14998 0.883118 0.699429 0.600849 0.463269 0.847286 0.341605 0.31099 0.295834 2.5063 0.243279 0.17823 0.170179 0.129746 0.115783
threshold=0.03024999983608723 -1.1417810916900633 0.28225000000000006 0.030250000000000003 0.047250000000000007 0.46550000000000008 1.0374999642372134 10.104500000000002 -2.3202432394027706 0.088250000000000009 0.15225000000000002 0.81725000000000003 -3.498293280601501 -3.3740954399108882 0.082250000000000018 1.1130081415176394 1.0385000000000002 0.1503577530384064 -0.37651336193084711 2.6605000495910649 6.8265001773834237 -0.93840873241424549 0.088250000000000009 0.18225000000000002 2.6635000000000004 0.04225000000000001 -3.498293280601501 -3.3740954399108882 -3.263633012771606 -3.0737084150314327 -2.5737432241439815 -2.4505094289779659 -3.498293280601501 0.59350000000000003 0.060250000000000005 0.038250000000000013 0.16725000000000004
decision_type=2 2 2 2 2 2 2 2 2 2 2 2 2 2 2 2 2 2 2 2 2 2 2 2 2 2 2 2 2 2 2 2 2 2 2 2 2
left_child=3 6 14 12 25 34 7 8 10 -10 -2 33 -1 -14 -3 16 18 -18 -4 -17 -21 23 -23 -16 -13 26 35 -28 32 -15 -8 -32 -27 -7 -6 -5 -36
right_child=1 2 15 4 5 11 30 -9 9 -11 -12 24 13 29 21 19 17 -19 -20 20 -22 22 -24 -25 -26 28 27 -29 -30 -31 31 -33 -34 -35 36 -37 -38
leaf_value=-0.32177012293374152 0.2263013685446878 -3.4298121459962809 0.047131922104639193 -0.041775325018076605 -0.40563215205572256 0.85524668033238782 -0.42582733910059689 15.187730535024826 -0.33020919442417818 0.16194085922865281 -0.23166002215076367 -0.29190757689362623 0.41741076748214367 -0.76909664696255853 -0.26350777354670885 -2.0063382377059109 0.30110157818599542 0.068627123922639685 -0.070430061389319815 -0.053628257029346482 0.02494243792525553 -0.1647151330000188 -1.8592896073005687 1.6502301049534736 0.7049242827873452 21.241193744084093 0.57079217684329853 -0.44211121260610609 0.89777848377270109 -2.4678566261926003 0.21836687785122513 -0.516882704543978 -1.3633374101971041 0.71304448255370534 -0.32177012293374152 -0.018072173389171838 -0.34708292315455558
leaf_weight=85769.914149701595 52340.172488391399 480.7332181930542 21789.718839287758 1010.4702219963074 148.78403425216675 46.593928337097168 205.01328468322754 18.637571334838867 2316.6378723978996 40596.336027979851 837.79431414604187 74.550285339355469 605.89362382888794 218.22526174783707 263.80656480789185 268.52509468793869 3337.7076268792152 16226.801265895367 12135.665207207203 12037.781155943871 15368.14606398344 2586.4650821685791 507.37655395269394 221.94901192188263 65.231499671936035 51.098347187042236 359.88066220283508 161.95652735233307 8.3966348171234113 506.35874146223068 27.956357002258301 133.08446502685547 7.5432333946228018 65.231499671936035 1609.0789523124695 82.928966164588928 173.00983667373657
leaf_count=97172 40575 54 24933 782 57 5 22 2 660 39597 138 8 510 177 43 57 3538 17345 14484 14214 15994 335 120 156 7 29 296 98 5 79 3 17 5 7 232 70 20
internal_value=-0.000796885 0.000461009 1.52865e-05 -0.00330947 -0.00146308 -0.00288241 0.000854748 0.000870523 0.000867271 0.000624922 0.00106282 0.00211482 -0.00339138 -0.00172733 -0.00217619 0.000124943 0.000249966 0.00067204 6.5471e-06 -0.000116707 -7.61667e-05 -0.0018763 -0.00215494 -0.000100864 -0.00145948 0.000378889 0.000207763 0.00128748 0.00443837 -0.0037995 -0.0032782 -0.00184655 0.00312498 0.00655603 -0.00353434 -0.000308249 -0.00365468
internal_weight=272665 181700 85224.7 90965.1 3864.75 2182.48 96475.6 96109.6 96090.9 42913 53178 251.607 87100.4 1330.48 4060.33 81164.3 53489.9 19564.5 33925.4 27674.5 27405.9 3579.6 3093.84 485.756 139.782 1682.27 1615.24 521.837 67.0382 724.584 366.054 161.041 58.6416 111.825 1930.87 1093.4 1782.09
internal_count=271846 172287 91273 99559 1621 336 81014 80972 80970 40257 40713 27 97938 766 708 90565 60300 20883 39417 30265 30208 654 455 199 15 1285 1246 394 39 256 42 20 34 12 309 852 252
is_linear=0
shrinkage=0.0440977


Tree=24
num_leaves=27
num_cat=0
split_feature=3 0 1 1 3 3 3 0 3 3 3 3 3 0 3 1 0 1 3 0 0 0 3 3 3 0
split_gain=462.7 13.0054 9.87803 5.09986 5.42521 4.6075 7.21881 11.7473 3.70592 3.18199 3.43391 2.89502 2.7996 1.85496 2.93104 1.81914 5.0222 3.30117 1.50356 0.775022 2.24597 0.732148 0.600438 0.45857 0.374286 0.349356
threshold=1.0000000180025095e-35 -1.1417810916900633 0.28024999797344213 0.03024999983608723 0.85696265101432811 0.00437593529932201 0.084958255290985121 -2.9141628742218013 0.0080803995952010172 0.010747369378805162 0.050392979755997665 0.1538973078131676 0.084958255290985121 -0.4521638005971908 0.02392896264791489 0.082250002771615996 -2.5737432241439815 0.076249998062849059 0.85696265101432811 -0.66310319304466236 -0.72722128033637989 -1.0751401782035825 0.00082657829625532042 0.0030947342747822408 0.00437593529932201 0.32244569063186651
decision_type=2 2 2 2 2 2 2 2 2 2 2 2 2 2 2 2 2 2 2 2 2 2 2 2 2 2
left_child=-1 3 12 4 9 15 7 -7 21 22 -11 -8 19 18 -15 17 -17 -5 -10 20 -3 24 -2 -23 -4 -21
right_child=1 2 8 5 -6 6 11 -9 13 10 -12 -13 -14 14 -16 16 -18 -19 -20 25 -22 23 -24 -25 -26 -27
leaf_value=-0.30758079631168855 0.39900390713922246 -0.03484277077343078 -0.12725206760623015 0.10103139442312499 0.17673711617224711 0.80279487969603947 -0.30288001096299133 0.26238628899381611 0.090123998872302005 -0.41393469543373312 -0.3327009172440879 0.039850635890854469 -2.7499541238184757 -0.10097250524813046 0.026306272411514127 -0.46107749112120672 0.055006070695295742 0.32402944570028769 -0.63885957949291483 -0.20163011483417945 0.084759012154428326 -0.38771889568481843 -0.039933128713399921 -0.13320178144400005 0.19725111824763647 -0.34238217971365975
leaf_weight=83254.626482129097 1480.9209051728249 249.80971664190292 182.1597204208374 25531.143007934093 288.88235569000244 5878.8022528886795 1924.0424922704697 39404.653491139412 15814.125168383121 849.12351626157761 1821.332347035408 4178.3058396577835 1157.8535696268082 9138.3631398081779 52380.642760038376 966.01549977064133 16448.518008768559 2058.247722864151 117.94390678405762 285.58939218521118 15.437264442443846 321.09510040283203 3084.3199276924133 4753.4380438327789 532.03995245695114 548.02288770675659
leaf_count=95367 1234 80 236 22754 31 3316 395 34932 16908 227 208 553 155 11311 55561 148 17025 1863 13 37 2 380 2491 5896 652 71
internal_value=-0.000817018 0.000387335 -1.55126e-05 0.000718778 -0.000386865 0.000805092 0.00109041 0.00128228 6.25493e-05 -0.000623771 -0.00183257 -0.000333337 -0.00289361 0.000142995 3.31667e-05 0.000479292 0.000126392 0.000702031 0.000567049 -0.0012975 0.000776437 -0.00101362 8.35656e-05 -0.00119964 0.000307949 -0.00195755
internal_weight=272665 189411 85496.5 103914 7524.58 96389.7 51385.8 45283.5 83239.8 7235.7 2670.46 6102.35 2256.71 77451.1 61519 45003.9 17414.5 27589.4 15932.1 1098.86 265.247 5788.73 4565.24 5074.53 714.2 833.612
internal_count=271846 176479 91302 85177 4191 80986 39196 38248 90957 4160 435 948 345 83793 66872 41790 17173 24617 16921 190 82 7164 3725 6276 888 108
is_linear=0
shrinkage=0.0440977


Tree=25
num_leaves=39
num_cat=0
split_feature=0 1 0 2 1 0 2 2 2 1 1 1 2 2 2 2 0 2 2 1 1 1 2 0 2 1 1 1 2 1 2 1 2 2 2 1 1 1
split_gain=418.828 13.0705 12.9704 7.67612 7.40274 3.70661 4.81442 3.59193 6.75128 3.04815 6.10476 2.91175 2.57049 2.54488 2.88101 2.34079 1.99836 1.37465 1.45882 1.25013 1.23158 2.1584 2.00762 1.14163 1.89808 1.59645 1.05448 0.937032 0.952445 0.675865 0.518343 0.310748 0.24169 0.23069 0.260117 0.215113 1.24773 0.228799
threshold=-3.498293280601501 0.03024999983608723 -1.1417810916900633 0.082250000000000018 0.082250002771615996 -3.1641684770584102 0.038250000000000013 0.030250000000000003 0.047250000000000007 0.64524999260902416 0.59250000119209301 0.034250000491738326 0.35975000000000007 0.030250000000000003 0.070250000000000021 0.30650000000000005 -3.3740954399108882 0.16725000000000004 0.28225000000000006 0.047249998897314079 0.042249999940395362 0.051249999552965171 0.051250000000000011 -0.79352030158042897 0.088250000000000009 0.23725000023841861 0.46349999308586126 0.35825000703334814 0.46550000000000008 0.03824999928474427 0.94925000000000004 0.034250000491738326 0.088250000000000009 0.04225000000000001 0.03425000000000001 0.8152500092983247 0.59250000119209301 0.19624999910593036
decision_type=2 2 2 2 2 2 2 2 2 2 2 2 2 2 2 2 2 2 2 2 2 2 2 2 2 2 2 2 2 2 2 2 2 2 2 2 2 2
left_child=1 7 5 -4 13 6 16 -1 33 10 11 -7 23 31 19 32 26 -10 -19 -15 22 -22 -8 25 -25 -5 -2 30 -29 -18 -14 -3 -11 34 -9 36 37 -6
right_child=2 4 3 12 35 9 20 8 17 15 -12 -13 27 14 -16 -17 29 18 -20 -21 21 -23 -24 24 -26 -27 -28 28 -30 -31 -32 -33 -34 -35 -36 -37 -38 -39
leaf_value=-0.29401718654660042 0.39151517404986635 0.2241694895636982 -3.0878155671337493 0.2273724973846632 -0.44074502811952915 -1.0500411334668864 0.68353710784355615 0.24116258025698395 -0.29401718654660042 -0.63189552846101971 14.541391473115221 0.13948013385937799 -0.23958448666640653 1.1182140549119006 -2.9544738081234883 8.3100137138407035 -0.018111391572042966 -0.6662362800279249 -0.31710601027070739 2.1977731056387397 0.21711011133518449 0.41054877933808526 0.82008817579938609 -0.12296495356767453 -1.5640554992380185 -0.065275105520695445 0.99276476596567631 0.10476781931582207 0.015763770870176573 0.59567439536515454 -1.6579568550341943 -0.57075839377709647 -0.4884428746422998 20.31917702236386 -0.21728433384866344 -0.40880664911107284 0.26907690421110375 -0.35614792587011873
leaf_weight=85513.141544997692 3197.3665997982025 552.11413496732712 757.40372943878174 218.39132398366928 770.01792764663696 464.43537157773972 2879.9702279567719 836.45547437667847 1530.0072014927864 279.28143501281738 36.994404077529907 82765.509181976318 731.68083333969116 632.84517407417297 98.350129365921021 39.684908986091614 2711.5054737925529 84.478730201721191 237.70302057266235 48.945491313934326 1082.2456390857697 355.27425301074982 492.86478090286255 2388.2576632499695 580.78385007381439 4380.1071220636368 27.956357002258301 6408.3767607808113 69835.479350924492 988.52048826217651 49.412950038909912 247.01656258106232 202.80124568939209 50.774889588356018 302.83486831188202 167.7381420135498 46.593928337097168 189.70669794082642
leaf_count=97071 2817 417 84 46 104 155 2199 648 236 31 7 71937 615 518 17 7 2116 10 26 21 737 114 136 309 184 4353 3 7622 78109 711 7 151 28 29 215 18 5 21
internal_value=-0.000821249 -0.00325588 0.000407808 1.27493e-05 -0.000263617 0.000760783 0.00149475 -0.00334891 -0.00185894 0.000657965 0.000679032 0.000670956 5.23461e-05 0.00170749 0.00349739 -0.00269893 0.000750185 -0.0035234 -0.000902083 0.00451494 0.00256631 0.00148392 0.00302705 -0.000723126 -0.00139704 -0.000287798 0.00155232 0.000128543 0.000144119 5.07279e-05 -0.00139008 -4.20567e-05 -0.00354999 0.000732376 0.000600967 -0.00291424 -0.0026652 -0.00300833
internal_weight=272183 91308.7 180874 85349.9 2753.33 95524.4 11735.7 88555.4 3042.25 83788.7 83266.9 83229.9 84592.5 1579.27 780.141 521.768 6925.35 1852.19 322.182 681.791 4810.35 1437.52 3372.84 7567.54 2969.04 4598.5 3225.32 77024.9 76243.9 3700.03 781.094 799.131 482.083 1190.07 1139.29 1174.06 1006.32 959.725
internal_count=271834 99507 172327 91329 1272 80998 8833 98235 1164 72165 72099 72092 91245 1124 556 66 5647 272 36 539 3186 851 2335 4892 493 4399 2820 86353 85731 2827 622 568 59 892 863 148 130 125
is_linear=0
shrinkage=0.0440977


end of trees

feature_importances:
price_log=255
price_lag_3d=212
price_std_7d=207
price_lag_1d=144

parameters:
[boosting: gbdt]
[objective: quantile]
[metric: quantile]
[tree_learner: serial]
[device_type: cpu]
[data_sample_strategy: bagging]
[data: ]
[valid: ]
[num_iterations: 1000]
[learning_rate: 0.0440977]
[num_leaves: 39]
[num_threads: -1]
[seed: 57]
[deterministic: 0]
[force_col_wise: 0]
[force_row_wise: 0]
[histogram_pool_size: -1]
[max_depth: 6]
[min_data_in_leaf: 5]
[min_sum_hessian_in_leaf: 0.001]
[bagging_fraction: 0.7]
[pos_bagging_fraction: 1]
[neg_bagging_fraction: 1]
[bagging_freq: 5]
[bagging_seed: 30554]
[bagging_by_query: 0]
[feature_fraction: 0.8]
[feature_fraction_bynode: 1]
[feature_fraction_seed: 30558]
[extra_trees: 0]
[extra_seed: 6244]
[early_stopping_round: 0]
[early_stopping_min_delta: 0]
[first_metric_only: 0]
[max_delta_step: 0]
[lambda_l1: 0]
[lambda_l2: 1]
[linear_lambda: 0]
[min_gain_to_split: 0.1]
[drop_rate: 0.1]
[max_drop: 50]
[skip_drop: 0.5]
[xgboost_dart_mode: 0]
[uniform_drop: 0]
[drop_seed: 23688]
[top_rate: 0.2]
[other_rate: 0.1]
[min_data_per_group: 100]
[max_cat_threshold: 32]
[cat_l2: 10]
[cat_smooth: 10]
[max_cat_to_onehot: 4]
[top_k: 20]
[monotone_constraints: ]
[monotone_constraints_method: basic]
[monotone_penalty: 0]
[feature_contri: ]
[forcedsplits_filename: ]
[refit_decay_rate: 0.9]
[cegb_tradeoff: 1]
[cegb_penalty_split: 0]
[cegb_penalty_feature_lazy: ]
[cegb_penalty_feature_coupled: ]
[path_smooth: 0]
[interaction_constraints: ]
[verbosity: -1]
[saved_feature_importance_type: 0]
[use_quantized_grad: 0]
[num_grad_quant_bins: 4]
[quant_train_renew_leaf: 0]
[stochastic_rounding: 1]
[linear_tree: 0]
[max_bin: 63]
[max_bin_by_feature: ]
[min_data_in_bin: 3]
[bin_construct_sample_cnt: 200000]
[data_random_seed: 224]
[is_enable_sparse: 1]
[enable_bundle: 1]
[use_missing: 1]
[zero_as_missing: 0]
[feature_pre_filter: 0]
[pre_partition: 0]
[two_round: 0]
[header: 0]
[label_column: ]
[weight_column: ]
[group_column: ]
[ignore_column: ]
[categorical_feature: ]
[forcedbins_filename: ]
[precise_float_parser: 0]
[parser_config_file: ]
[objective_seed: 6962]
[num_class: 1]
[is_unbalance: 0]
[scale_pos_weight: 1]
[sigmoid: 1]
[boost_from_average: 1]
[reg_sqrt: 0]
[alpha: 0.9]
[fair_c: 1]
[poisson_max_delta_step: 0.7]
[tweedie_variance_power: 1.5]
[lambdarank_truncation_level: 30]
[lambdarank_norm: 1]
[label_gain: ]
[lambdarank_position_bias_regularization: 0]
[eval_at: ]
[multi_error_top_k: 1]
[auc_mu_weights: ]
[num_machines: 1]
[local_listen_port: 12400]
[time_out: 120]
[machine_list_filename: ]
[machines: ]
[gpu_platform_id: -1]
[gpu_device_id: -1]
[gpu_use_dp: 0]
[num_gpu: 1]

end of parameters

pandas_categorical:[]
