tree
version=v4
num_class=1
num_tree_per_iteration=1
label_index=0
max_feature_idx=3
objective=quantile
feature_names=price_log price_lag_1d price_lag_3d price_std_7d
feature_infos=[-3.5065579414367676:6.86767578125] [0.029999999329447746:960.7130126953125] [0.029999999999999999:928.88] [0:167.40560913085938]
tree_sizes=3102 3481 4271 3696 3258 3259 3255 3473 4284 4281 3370 3262 3478

Tree=0
num_leaves=29
num_cat=0
split_feature=3 0 0 2 0 3 0 3 2 3 0 0 3 2 0 2 2 3 2 3 3 2 0 0 2 3 3 3
split_gain=916.721 171.091 46.0278 35.0247 28.5006 19.7879 22.0476 18.1377 13.3276 12.3805 11.9141 11.1057 12.5584 7.76094 7.3119 6.23954 16.316 3.86451 3.73711 2.45542 2.4288 1.78413 1.72872 1.69761 1.58074 1.22163 0.320052 0.236266
threshold=1.0000000180025095e-35 -1.1417810916900633 -3.498293280601501 0.28225000000000006 -2.4505094289779659 0.49216526746749883 2.4886081218719487 0.002640118589624763 0.12725000000000003 2.1339553594589238 -3.0737084150314327 1.3748541474342348 0.098052706569433226 0.065250000000000016 -0.72722128033637989 0.060250000000000005 0.03425000000000001 0.0035615330561995511 0.030250000000000003 2.1339553594589238 0.0050071375444531449 2.6635000000000004 -0.93840873241424549 -3.263633012771606 8.1355000000000022 0.0647278167307377 0.0647278167307377 0.035846564918756492
decision_type=2 2 2 2 2 2 2 2 2 2 2 2 2 2 2 2 2 2 2 2 2 2 2 2 2 2 2 2
left_child=-1 2 15 17 7 11 14 23 13 -10 -9 12 -5 -6 -7 16 18 -3 -2 -8 -18 26 25 -4 -13 -19 -17 -24
right_child=1 3 4 5 8 6 19 10 9 -11 -12 24 -14 -15 -16 21 20 22 -20 -21 -22 -23 27 -25 -26 -27 -28 -29
leaf_value=19.680341733496761 20.268311229830843 20.78278456540745 21.387350043622806 20.617876202118541 18.808079261992518 20.844006300669669 20.462851234780448 22.046560424921406 21.119319807650502 20.979344170733825 21.292142375234921 20.508211266631498 20.935678108505172 20.940276386521877 21.391869694706187 19.680341733496761 21.297257943038915 20.39465447617977 21.150265453304538 20.868483562303091 22.03221971883309 21.150265453304538 20.127549303377428 20.940276386521877 20.354951005184542 19.309263724255363 19.680341733496761 19.598430827589588
leaf_weight=83141.91649800539 5068.8500689864159 54.030425548553467 4751.1395732760429 47397.748690068722 793.06893843412399 122.01831555366516 2698.0324456095695 7097.0560908317566 30043.38707870245 83.869071006774902 20184.007558882236 9755.336928665638 7714.7630575299263 18178.278360486031 5367.4190280437469 976.46410799026489 304.69751453399658 350.16965907812119 1257.7279631495476 2864.5012979507446 383.26809799671173 37.275142669677734 1265.8556842803955 13885.547057390213 5259.9000571370125 300.37813806533813 340.87810230255127 2426.0459629893303
leaf_count=95437 2585 7 4233 57145 222 18 3289 4330 29518 9 13918 12044 7007 15892 2335 158 265 155 982 2310 202 4 164 12968 6752 61 38 353
internal_value=20.5882 20.5899 20.5912 20.5885 20.5914 20.5887 20.5904 20.5922 20.5907 20.5913 20.5929 20.5884 20.5887 20.5898 20.5924 20.588 20.5885 20.5847 20.5878 20.5885 20.595 20.5853 20.5845 20.5912 20.5874 20.5866 20.585 20.5841
internal_weight=272104 188962 103386 85576.2 95016.4 81179.7 11052 45917.8 49098.6 30127.3 27281.1 70127.7 55112.5 18971.3 5489.44 8369.16 7014.54 4396.48 6326.58 5562.53 687.966 1354.62 4342.45 18636.7 15015.2 650.548 1317.34 3691.9
internal_count=272401 176964 85324 91640 81090 90900 7952 35449 45641 29527 18248 82948 64152 16114 2353 4234 4034 740 3567 5599 467 200 733 17201 18796 216 196 517
is_linear=0
shrinkage=1


Tree=1
num_leaves=31
num_cat=0
split_feature=3 0 0 0 1 3 3 0 1 1 0 0 3 0 3 3 3 1 1 3 3 1 1 0 0 3 1 1 0 3
split_gain=869.648 154.337 41.3737 24.6931 18.7248 14.2151 13.3293 12.9632 12.1476 10.1649 9.42182 9.31738 9.88538 7.05093 4.16208 3.98826 8.32285 5.81934 3.42828 2.33942 9.26333 2.08811 1.80157 1.78806 1.41802 1.65779 0.621544 0.370969 0.245849 0.532771
threshold=1.0000000180025095e-35 -1.1417810916900633 -3.498293280601501 -2.4505094289779659 0.30425000190734869 0.002640118589624763 0.85696265101432811 2.4886081218719487 0.12725000083446505 4.9005000591278085 -3.0737084150314327 1.3748541474342348 0.056930670514702804 -1.9501707553863523 0.0099848099052906054 0.010747369378805162 0.0037882957840338354 0.034250000491738326 0.082250002771615996 0.050392979755997665 0.0647278167307377 12.7814998626709 48.718500137329109 -3.263633012771606 -0.93840873241424549 0.0647278167307377 0.03024999983608723 0.23725000023841861 -0.1929783225059509 0.039674868807196624
decision_type=2 2 2 2 2 2 2 2 2 2 2 2 2 2 2 2 2 2 2 2 2 2 2 2 2 2 2 2 2 2
left_child=-1 2 15 5 24 23 11 9 13 -8 -7 12 -6 -5 -10 16 18 -18 -2 26 -21 -13 -9 -4 25 27 -17 -3 29 -26
right_child=1 4 3 8 6 10 7 22 14 -11 -12 21 -14 -15 -16 19 17 -19 -20 20 -22 -23 -24 -25 28 -27 -28 -29 -30 -31
leaf_value=-0.86785806694585166 0.13516049394273677 -0.39500238245470332 0.76387508015977423 0.32463021667302316 0.0081196927941159652 1.3940157910750248 0.012704406324030798 0.40139465193232798 0.39161768882187781 1.1651988828134399 0.67286585223417628 -0.077488518167342549 0.23704078563044936 -0.52521154915126822 0.6913293622186597 -0.86785806694585166 0.67715365576039688 3.2882903081392589 -0.86785806694585166 2.8922062007863767 -0.59980142904343658 -0.27547062767514957 -0.084474035184125121 0.33651634900312594 -0.53412019212389727 -1.2373519702885216 -1.1538123363746258 -0.19161652845694871 -0.97686660100110412 -3.1230788132879503
leaf_weight=83141.91649800539 3642.091858625412 127.92752993106842 4751.1395732760429 17391.896229028702 41222.378939390182 7097.0560908317566 1117.9679857492447 2221.7624354362488 17299.688004910946 2752.1745807528496 20184.007558882236 14072.009772181511 16034.146227538586 891.34953325986862 13515.669681429863 644.92942786216736 658.8263036608696 164.18154209852219 725.55142879486084 172.33440744876862 2130.7340092658997 3156.2304375767708 2418.5397844314575 13885.547057390213 254.71486330032349 229.55891340970993 230.51201987266541 205.35602897405624 1254.8805775642395 508.55161428451538
leaf_count=95437 3092 25 4233 15758 49649 4330 252 1781 19470 936 13918 17085 14979 243 10170 166 439 120 94 28 234 4025 2428 12968 33 45 61 154 154 94
internal_value=-4.67297e-05 0.00160692 0.00275351 0.00301532 0.000221697 0.00375045 0.000336746 0.00198994 0.00232775 0.00387413 0.00439182 0.000147832 0.000418376 0.00142713 0.00286204 -0.000218861 0.000534423 0.0045994 -0.00023243 -0.00144879 -0.00071054 -0.000751268 0.000417967 0.00281142 -0.00347655 -0.00151568 -0.00338791 0.000471749 -0.00402239 -0.00338633
internal_weight=272104 188962 103386 95016.4 85576.2 45917.8 82995.2 8510.44 49098.6 3870.14 27281.1 74484.8 57256.5 18283.2 30815.4 8369.16 5190.65 823.008 4367.64 3178.51 2303.07 17228.2 4640.3 18636.7 2580.99 562.842 875.441 333.284 2018.15 763.266
internal_count=272401 176964 85324 81090 91640 35449 91135 5397 45641 1188 18248 85738 64628 16001 29640 4234 3745 559 3186 489 262 21110 4209 17201 505 224 227 179 281 127
is_linear=0
shrinkage=0.0440977


Tree=2
num_leaves=39
num_cat=0
split_feature=1 0 2 2 1 2 0 0 0 0 0 2 2 1 0 2 2 0 1 1 2 0 0 1 1 2 2 2 1 0 0 2 0 0 2 1 0 0
split_gain=806.733 154.35 29.9141 18.3469 17.8308 17.1222 13.697 10.1616 5.9846 6.91025 5.14363 11.8568 5.66045 4.54441 9.28138 4.1198 2.87103 2.54629 10.2625 2.26516 1.95047 1.9255 1.88721 1.0011 2.51949 0.892214 1.98558 1.44887 0.814777 0.809642 0.678129 1.47669 0.632131 0.954678 0.558205 0.52659 0.423758 0.37826
threshold=0.03024999983608723 -1.1417810916900633 0.28225000000000006 0.030250000000000003 0.082250002771615996 0.055250000000000007 -3.263633012771606 -2.260966300964355 -3.498293280601501 -3.263633012771606 -3.0737084150314327 0.03425000000000001 10.104500000000002 0.12725000083446505 -2.3202432394027706 0.87850000000000017 0.03425000000000001 2.4886081218719487 12.7814998626709 6.8265001773834237 2.6635000000000004 2.1290646791458134 -0.66310319304466236 0.088250000029802336 0.095249999314546599 0.047250000000000007 0.051250000000000011 0.038250000000000013 10.123000144958498 3.1623266935348515 -2.023062944412231 0.03425000000000001 -3.498293280601501 -3.3740954399108882 0.082250000000000018 0.64524999260902416 -1.8691819310188291 0.1503577530384064
decision_type=2 2 2 2 2 2 2 2 2 2 2 2 2 2 2 2 2 2 2 2 2 2 2 2 2 2 2 2 2 2 2 2 2 2 2 2 2 2
left_child=3 4 22 8 7 16 23 10 -1 -10 11 -2 -12 14 -8 -15 36 18 19 -4 32 -20 34 -6 -25 27 -27 -18 -19 -30 31 -9 -7 -34 -3 -36 -5 -24
right_child=1 2 17 5 6 20 13 30 9 -11 12 -13 -14 15 -16 -17 25 28 21 -21 -22 -23 37 24 -26 26 -28 -29 29 -31 -32 -33 33 -35 35 -37 -38 -39
leaf_value=-0.82958751074503878 0.58793921534880578 -4.3205002465440732 0.054109311914333942 0.35505641946427685 -0.82958751074503878 -0.82958751074503878 0.53218996557007692 8.4344498674178983 0.94356584849706615 -2.1361186409179473 0.47721998850616654 1.0216403875838773 21.080250003284483 0.49550666827580958 0.20880679094941687 0.090464693886867106 0.53662376800423461 -1.7468580964969982 1.3065699063228668 0.20228324789824392 0.56369524956837092 0.87368311087714845 -0.49237111174160703 0.12679036083388806 -0.45342047169826116 -1.2497985973795809 3.5420388880109166 1.3504465495761664 -0.13097406842702289 0.041535739052968763 -2.6904544021039865 -1.4114333602245337 -3.3531870902818737 -2.0248740480109966 -0.31967550011708162 -1.241363138961852 -4.3891718619814686 -0.65153648081683568
leaf_weight=85659.054484903812 4061.3606663942337 155.65279197692871 65607.495582163334 1189.7754597663879 781.71776735782623 1726.344986975193 8908.0618747472763 16.550478219985962 708.54363572597504 582.57017713785172 27437.661276698112 10990.919799625874 9.3187856674194318 31295.574014306068 11463.989002585411 155.48391795158386 312.32544589042664 321.50910878181458 163.08457660675049 7150.1375659704208 37.275142669677734 284.01546370983124 1059.7385643720627 3.7386198043823233 612.35313487052917 55.96528023481369 20.596448123455048 205.71317052841187 3751.4726858139038 3902.00483751297 284.38034296035767 156.00709289312363 46.834726929664612 50.799539089202881 887.09620833396912 112.86131143569946 24.76073694229126 1910.886209487915
leaf_count=97202 3383 19 74839 903 104 240 7156 5 608 154 21852 8193 1 29725 10620 21 218 77 28 7233 4 100 154 1 76 25 13 145 4294 4329 58 62 8 10 283 14 3 241
internal_value=-0.000114758 0.00158196 0.000216433 -0.0035127 0.00279312 -0.000458607 0.0022536 0.00346149 -0.00364161 -0.000661136 0.00353183 0.00418723 0.00317226 0.00236979 0.00185651 0.0027022 0.00259564 0.000402623 0.000484139 0.000443157 -0.00342713 0.00713725 -0.00344589 -0.00205278 -0.000721724 0.00510395 0.000650965 0.00575954 -0.0003456 -0.000254072 -0.00307438 -0.000886295 -0.00363224 -0.000178299 -0.00193132 -0.00154592 0.00136447 -0.00403423
internal_weight=272104 181483 85306 90620.6 96177.1 3670.39 53220.9 42956.2 86950.2 1291.11 42499.3 15052.3 27447 51823.1 20372.1 31451.1 1809.14 81179.7 73204.7 72757.6 1861.25 447.1 4126.24 1397.81 616.092 594.6 76.5617 518.039 7974.99 7653.48 456.938 172.558 1823.98 97.6343 1155.61 999.958 1214.54 2970.62
internal_count=272401 172868 91611 99533 81257 1569 47703 33554 97964 762 33429 11576 21853 47522 17776 29746 1307 90900 82200 82072 262 128 711 181 77 401 38 363 8700 8623 125 67 258 18 316 297 906 395
is_linear=0
shrinkage=0.0440977


Tree=3
num_leaves=33
num_cat=0
split_feature=3 1 2 2 2 3 3 3 2 1 1 3 3 1 2 3 3 2 3 1 2 1 1 3 3 3 3 3 3 2 3 1
split_gain=808.966 97.9328 28.8671 21.541 16.3792 14.6266 17.9974 10.4683 9.74547 9.18664 8.98267 8.55934 8.49149 6.54583 6.0851 6.0626 5.72522 4.06945 3.08153 2.68275 4.16308 2.35032 2.09976 2.87597 2.05795 5.78219 1.92568 1.9148 0.75305 0.605097 0.501209 0.36411
threshold=1.0000000180025095e-35 0.331499993801117 0.030250000000000003 0.082250000000000018 0.088250000000000009 0.084958255290985121 0.002640118589624763 0.49216526746749883 0.87850000000000017 3.2209999561309819 48.718500137329109 0.0070525221526622781 0.056930670514702804 0.088250000029802336 0.088250000000000009 0.010747369378805162 0.21899907290935519 1.2565000000000002 0.0080803995952010172 1.8115000128746035 0.065250000000000016 0.051249999552965171 8.1449999809265154 0.26951168477535253 0.050392979755997665 0.0647278167307377 2.1339553594589238 0.00082657829625532042 0.18138061463832858 0.39125000000000004 0.008661971893161537 0.034250000491738326
decision_type=2 2 2 2 2 2 2 2 2 2 2 2 2 2 2 2 2 2 2 2 2 2 2 2 2 2 2 2 2 2 2 2
left_child=-1 2 15 5 13 6 -4 9 19 12 17 -6 18 -5 -14 21 -7 -10 -3 20 -9 27 23 -11 31 -26 -12 -2 -24 -21 -23 -17
right_child=1 7 3 4 11 16 -8 8 10 22 26 -13 14 -15 -16 24 -18 -19 -20 29 -22 30 28 -25 25 -27 -28 -29 -30 -31 -32 -33
leaf_value=-0.79300459855849881 1.1947298085743039 -0.11850259526325208 0.34987673290892818 -0.14748305192069724 0.28616894135865106 -0.44470806535162799 0.85961599729544802 0.62645886362866376 -0.67821252530562492 -0.096226695606960733 -0.36699749379681906 0.58110712512914098 -0.53862197906595399 0.40882586597924853 0.28418348059944371 -0.81893270882312463 0.10234111084229958 0.53816384011402152 0.02890161151688532 -0.84734149981511608 -0.32250920362787561 3.6390369353417791 -0.33794407790048603 0.15373334091721944 2.5900075886713418 -0.95893909841811376 0.089616800597693475 -0.0051099272511928324 -0.17807069025884292 0.377488524180215 4.6144335625400581 -0.80632277943968445
leaf_weight=83141.91649800539 1502.1508219838142 5504.0410788059235 17899.873157083988 5425.4405866861343 23707.490319371223 1045.9176790714264 22198.670459151268 46.593928337097168 218.64926660060883 10952.020727574825 673.5660737156868 24912.036650598049 1073.9454174041748 1732.3362478613853 12455.375642418861 596.97149509191513 1392.0109677314758 8146.9429469108582 34435.606022059917 776.71185684204102 366.87201130390167 7.8929116725921658 1444.6095505356789 1645.5423011779785 192.19760775566101 1845.6833744049072 1788.5649870634079 2856.0916826725006 3838.9457901716232 47.968334674835205 16.396878480911255 214.59764194488525
leaf_count=95437 1295 6788 16566 2336 26074 126 16604 5 54 13616 860 19870 130 872 11839 146 150 5259 41280 95 56 5 1862 1787 26 203 1738 2365 4883 8 10 56
internal_value=-0.000179817 0.0014151 0.00230757 0.00250536 0.00193528 0.00325285 0.00345447 0.000285843 0.00148707 8.26875e-05 0.00191089 0.00222522 0.000372051 -3.41964e-05 0.00132683 -0.000381292 -6.34856e-05 0.00259988 4.86014e-05 -0.00221777 0.000680272 0.000648208 -0.000782554 -0.000473014 -0.00196436 -0.00121543 -0.000430207 0.000570291 -0.00152036 -0.0036698 0.0140532 -0.00384115
internal_weight=272104 188962 105546 98313.8 55777.3 42536.5 40098.5 83416 12065.9 71350.1 10827.7 48619.5 53469 7157.78 13529.3 7231.98 2437.93 8365.59 39939.6 1238.15 413.466 4382.53 17881.1 12597.6 2849.45 2037.88 2462.13 4358.24 5283.56 824.68 24.2898 811.569
internal_count=272401 176964 86704 82598 49152 33446 33170 90260 8075 82185 7911 45944 60037 3208 11969 4106 276 5313 48068 164 61 3675 22148 15403 431 229 2598 3660 6745 103 15 202
is_linear=0
shrinkage=0.0440977


Tree=4
num_leaves=29
num_cat=0
split_feature=3 0 2 0 0 3 0 3 0 2 3 2 3 3 2 2 0 3 2 3 3 2 2 3 3 0 3 0
split_gain=782.659 109.193 31.5707 29.6876 18.9252 15.2365 16.9414 13.2129 12.4246 9.09485 9.06891 8.32192 9.21733 6.5026 6.10474 11.2147 4.00523 3.8735 3.37456 3.11734 2.44377 1.7913 1.78413 1.3368 0.780735 1.29087 0.320052 0.307703
threshold=1.0000000180025095e-35 -1.0751401782035825 0.28225000000000006 -3.498293280601501 -2.4505094289779659 0.49216526746749883 2.4886081218719487 0.0037882957840338354 -0.72722128033637989 0.065250000000000016 0.084958255290985121 3.2285000000000008 0.098052706569433226 0.0099848099052906054 0.060250000000000005 0.030250000000000003 -3.0737084150314327 0.0035615330561995511 0.03425000000000001 0.00082657829625532042 2.1339553594589238 8.1355000000000022 2.6635000000000004 0.039674868807196624 0.0647278167307377 0.1503577530384064 0.0647278167307377 3.1623266935348515
decision_type=2 2 2 2 2 2 2 2 2 2 2 2 2 2 2 2 2 2 2 2 2 2 2 2 2 2 2 2
left_child=-1 3 17 14 7 11 8 16 -7 23 -9 12 -4 -11 15 19 -5 -3 -17 -2 -8 -13 26 -6 25 -19 -16 -26
right_child=1 2 5 4 9 6 20 10 -10 13 -12 21 -14 -15 22 18 -18 24 -20 -21 -22 -23 -24 -25 27 -27 -28 -29
leaf_value=-0.75803490914437743 1.1420449560329931 0.20493414918895272 0.023856562209174023 0.63539522745588162 -0.71241695604581057 1.8261845090617661 -0.13335537104849127 0.93951906484489678 0.6882299241168921 0.28383113234374108 0.18708357100543935 -0.064013222041838388 0.37516909473384868 0.56363606643006192 -0.7865009332217674 0.50019916938703302 0.26496113151065376 -0.33308399025062868 1.1804226579605908 -0.4219610648610625 0.26713417401297695 -0.20822683624719227 0.51321208269078666 -2.3000026107684848 -1.075562007904056 -0.56581376988838494 -0.83045077870539663 -0.90252139540820131
leaf_weight=83141.91649800539 1108.5654419064522 54.030425548553467 44413.363893091679 10442.467724442482 338.50227326154709 74.906177043914795 2698.0324456095695 16339.501923203468 5367.4190280437469 32276.901447057724 3001.3231585025787 12431.363096773624 6077.6029842495918 18216.760986864567 976.46410799026489 1257.7279631495476 16134.45747423172 920.80587077140808 687.96561253070831 3960.2846270799637 2864.5012979507446 5259.9000571370125 37.275142669677734 463.88545083999634 2335.3034782409668 710.11416435241699 340.87810230255127 171.41006231307983
leaf_count=95437 951 7 53528 9009 142 12 3289 11480 2335 34287 351 15325 5152 13428 158 982 14609 173 467 1634 2310 6752 4 81 346 92 38 22
internal_value=-0.000239241 0.00132953 0.000136643 0.00227153 0.00248849 0.000334084 0.00185657 0.00313883 0.00360554 0.00190629 0.00401578 8.8326e-05 0.000376706 0.00198033 -0.000248608 0.000274897 0.00250052 -0.00359251 0.00311996 -0.000817588 0.000145052 -0.000734686 -0.00295765 -0.00274926 -0.00374633 -0.00299125 -0.0032283 -0.00423621
internal_weight=272104 188962 83378.8 105583 97213.8 79187.1 11004.9 45917.8 5442.33 51296.1 19340.8 68182.2 50491 50493.7 8369.16 7014.54 26576.9 4191.66 1945.69 5068.85 5562.53 17691.3 1354.62 802.388 4137.63 1630.92 1317.34 2506.71
internal_count=272401 176964 89343 87621 83387 88703 7946 35449 2347 47938 11831 80757 58680 47715 4234 4034 23618 640 1449 2585 5599 22077 200 223 633 265 196 368
is_linear=0
shrinkage=0.0440977


Tree=5
num_leaves=29
num_cat=0
split_feature=3 0 1 1 0 1 3 3 0 1 1 3 3 0 3 0 0 3 3 3 0 3 1 3 3 0 0 3
split_gain=740.305 98.0089 26.616 15.8503 14.2289 15.618 13.485 6.69465 11.5279 10.3966 8.30835 5.93088 5.85406 6.74531 3.86979 3.45696 2.96824 2.16192 2.05228 1.85269 1.80858 2.86037 1.80538 1.48 1.38998 1.09709 0.889072 0.562744
threshold=1.0000000180025095e-35 -1.1417810916900633 0.03024999983608723 0.28024999797344213 -3.0737084150314327 0.076249998062849059 0.002640118589624763 0.49216526746749883 2.4886081218719487 6.8265001773834237 3.2209999561309819 0.02392896264791489 0.0046808880288153895 -2.5102292299270625 0.008661971893161537 -3.498293280601501 -2.4505094289779659 0.26951168477535253 0.0050071375444531449 0.21899907290935519 -0.59194540977478016 0.073867965489625945 10.123000144958498 0.0053390958346426496 0.084958255290985121 -3.498293280601501 -0.72722128033637989 0.3488419800996781
decision_type=2 2 2 2 2 2 2 2 2 2 2 2 2 2 2 2 2 2 2 2 2 2 2 2 2 2 2 2
left_child=-1 2 14 20 5 6 -4 10 9 -9 11 -5 16 -14 18 -7 -6 -12 25 24 21 26 -10 -20 -16 -2 -3 -21
right_child=1 3 4 7 12 15 -8 8 22 -11 17 -13 13 -15 19 -17 -18 -19 23 27 -22 -23 -24 -25 -26 -27 -28 -29
leaf_value=-0.72460730306740584 -0.10936881966939058 -0.18481066907696625 0.44316556902385518 -0.0181924447364777 0.27430665074814153 -0.75181804057691115 1.2798683874116918 0.12254443593659485 -1.6322793828432007 0.9594398408081507 -0.13754737051431584 0.12681715352632331 0.70711589344923054 0.4293739496737824 -0.77111951917188526 0.25033247284915788 0.22669540509645902 0.020369709309684247 2.6595857234933074 0.053298070665389601 -0.64505769697621917 -2.1824330263372662 -0.0012095591999777369 0.96197063177539266 -0.76985885411953148 0.34212974906823684 0.069383851852249545 -0.29948345190641512
leaf_weight=83250.822112739086 2785.9978616833687 252.23243707418442 8089.3040183782578 25240.591930270195 18843.646628081799 1158.3484716415405 6883.540465593338 3019.7638182044029 327.10936802625656 2936.4202295541763 13884.505333721638 28402.574170529842 10217.406940877438 33734.881993353367 1503.3593013286591 397.62519359588623 16511.184275984764 4017.9364956021309 46.304317951202393 260.92599868774414 1534.6407815217972 372.86514270305634 5449.6604753136635 364.95891690254211 731.15319514274597 1146.0600960254669 23.155896663665771 540.48956871032715
leaf_count=95664 2350 69 7135 30789 17025 149 4348 1014 78 1417 17332 30105 5933 28920 358 58 17446 4733 42 28 195 66 5537 207 82 995 3 58
internal_value=-0.000297418 0.00123096 0.00214549 0.000126427 0.00234199 0.00351903 0.00395598 0.000223676 0.00119997 0.00256107 6.35565e-05 0.000338081 0.00209663 0.00243647 -0.000406418 -0.000685504 0.0016741 -0.000759007 0.000437858 -0.00161402 -0.00358208 -0.00162566 -0.000203608 0.00339789 -0.00226616 0.000127476 0.00177925 0.000204849
internal_weight=271927 188677 103215 85461.5 95835.9 16528.8 14972.8 83278.6 11733 5956.18 71545.6 53643.2 79307.1 43952.3 7379.25 1555.97 35354.8 17902.4 4343.32 3035.93 2182.89 648.253 5776.77 411.263 2234.51 3932.06 275.388 801.416
internal_count=272136 176472 85134 91338 81014 11690 11483 91005 8046 2431 82959 60894 69324 34853 4120 207 34471 22065 3594 526 333 138 5615 249 440 3345 72 86
is_linear=0
shrinkage=0.0440977


Tree=6
num_leaves=29
num_cat=0
split_feature=3 0 1 1 0 1 1 3 0 1 1 3 3 0 3 0 3 3 0 1 0 3 3 3 0 0 3 3
split_gain=717.287 87.0169 24.457 15.7306 13.3085 14.3275 10.9409 6.18993 7.7186 8.26194 6.97094 6.25181 4.49184 5.23549 3.68572 3.45696 3.1012 2.85039 2.59479 2.21568 1.80858 2.86037 1.73189 1.52974 1.05459 0.889072 0.813744 0.562744
threshold=1.0000000180025095e-35 -1.1417810916900633 0.03024999983608723 0.28024999797344213 -3.0737084150314327 0.076249998062849059 0.047249998897314079 0.85696265101432811 2.4886081218719487 4.9005000591278085 3.2209999561309819 0.098052706569433226 0.00437593529932201 -2.5737432241439815 0.0075474686454981574 -3.498293280601501 0.26951168477535253 0.0050071375444531449 -2.4505094289779659 10.123000144958498 -0.59194540977478016 0.073867965489625945 0.21899907290935519 0.084958255290985121 -3.498293280601501 -0.72722128033637989 0.0053390958346426496 0.3488419800996781
decision_type=2 2 2 2 2 2 2 2 2 2 2 2 2 2 2 2 2 2 2 2 2 2 2 2 2 2 2 2
left_child=-1 2 14 20 5 6 -4 10 9 -9 11 -5 18 -14 17 -7 -12 24 -6 -10 21 25 23 -16 -2 -3 -19 -24
right_child=1 3 4 7 12 15 -8 8 19 -11 16 -13 13 -15 22 -17 -18 26 -20 -21 -22 -23 27 -25 -26 -27 -28 -29
leaf_value=-0.69265377797873395 -0.10454590481822842 -0.17666094118158543 0.70660839413714505 0.022662421195354113 0.25781234192388541 -0.71866458418750501 1.5655684762493742 -0.0466476943892732 -1.5602995946315577 0.93130797135829335 -0.131481846007449 0.27179716026799827 0.7038265259958344 0.41108264321927701 -0.73361680342883673 0.23929338323767657 0.046047699529972987 2.5423040748246191 0.19928926179922526 0.096889805353521374 -0.61661212760820905 -2.0861927204968391 0.050947747627000543 -0.73590983910724928 0.32704260949048952 0.066324182647254842 -0.16164913879571954 -0.28627691651321124
leaf_weight=83250.822112739086 2785.9978616833687 252.23243707418442 13571.803153753281 46872.672579944134 18032.516286313534 1158.3484716415405 1401.0413302183151 1211.9781956672668 327.10936802625656 2712.9217272996902 13884.505333721638 7723.7661375999451 9189.3907532691956 37097.711464345455 1636.8286951780319 397.62519359588623 6247.6741862893105 46.304317951202393 14987.501334369183 4297.9342926740646 1534.6407815217972 372.86514270305634 260.92599868774414 731.15319514274597 1146.0600960254669 23.155896663665771 231.48952305316925 540.48956871032715
leaf_count=95664 2350 69 10606 55565 16342 149 877 257 78 938 17332 5602 5521 31604 426 58 7109 42 15857 4124 195 66 28 82 995 3 139 58
internal_value=-0.000351282 0.00115315 0.00201487 0.000112395 0.00220323 0.00334156 0.00376007 0.000209276 0.00133317 0.0027712 8.06717e-05 0.000339303 0.00196594 0.00224628 -0.000431342 -0.000685504 -0.000620692 0.000423764 0.00157291 0.0001125 -0.00358208 -0.00162566 -0.00156694 -0.00216641 0.000118231 0.00177925 0.00473252 0.000204849
internal_weight=271927 188677 103215 85461.5 95835.9 16528.8 14972.8 83278.6 8549.94 3924.9 74728.6 54596.4 79307.1 46287.1 7379.25 1555.97 20132.2 4209.85 33020 4625.04 2182.89 648.253 3169.4 2367.98 3932.06 275.388 277.794 801.416
internal_count=272136 176472 85134 91338 81014 11690 11483 91005 5397 1195 85608 61167 69324 37125 4120 207 24441 3526 32199 4202 333 138 594 508 3345 72 181 86
is_linear=0
shrinkage=0.0440977


Tree=7
num_leaves=31
num_cat=0
split_feature=3 1 1 2 3 3 2 3 3 1 3 1 1 3 3 2 2 2 3 2 2 1 3 3 3 3 3 3 2 2
split_gain=697.814 60.0402 23.0612 11.7229 12.378 13.5886 10.464 9.38976 7.74715 7.2008 8.30484 5.99062 5.26856 4.73382 3.89816 4.44354 3.38772 2.98929 2.67305 2.4775 2.43591 2.38656 2.01814 1.58193 1.58548 1.53886 0.956441 0.900894 0.290507 0.424671
threshold=1.0000000180025095e-35 0.331499993801117 0.03024999983608723 0.082250000000000018 0.021855042316019539 0.00437593529932201 0.088250000000000009 0.0037882957840338354 0.49216526746749883 3.2209999561309819 0.098052706569433226 48.718500137329109 0.088250000029802336 0.010747369378805162 0.00573678594082594 0.082250000000000018 0.030250000000000003 6.823500000000001 0.85696265101432811 0.082250000000000018 0.04225000000000001 12.7814998626709 2.1339553594589238 0.032071718946099288 0.084958255290985121 0.85696265101432811 0.00082657829625532042 0.0093187596648931521 0.047250000000000007 0.03425000000000001
decision_type=2 2 2 2 2 2 2 2 2 2 2 2 2 2 2 2 2 2 2 2 2 2 2 2 2 2 2 2 2 2
left_child=28 2 13 4 5 -4 14 12 9 10 -8 25 -5 16 -3 18 26 -9 -16 -18 -6 -11 -13 -15 -25 -10 -2 -17 29 -1
right_child=1 6 3 7 20 -7 8 17 11 21 -12 22 -14 23 15 27 19 -19 -20 -21 -22 -23 -24 24 -26 -27 -28 -29 -30 -31
leaf_value=-0.66210933027759344 0.36615459118551924 0.19569990609723373 0.35196075001326771 -0.096882201650271269 -0.62629056704380703 1.0402800147936935 0.024788173246392639 0.3958176235593403 0.22915343438424005 -0.068766669523876112 0.32145793265318795 -0.35166252696551892 0.19424949454859239 -0.69785670007402256 0.23110515083975969 0.10566036987455892 0.31262077826800322 20.054564395522231 -0.89207236752483654 10.6712911997072 0.050376185391192388 -0.27237606106768192 0.052023898375522244 -0.51616100369140738 -0.6597288108917565 0.47299216997307908 -0.24692803305313593 -0.4520500002517821 -0.66210933027759344 0.20971984395337107
leaf_weight=81881.309508681297 1112.152417242527 46.311793327331543 27145.621065199375 4238.1126289963722 1155.5697619915009 11144.946770846844 45224.565720438957 39947.462809741497 2898.4235109686852 15577.432533025742 6558.1752235889435 655.04724264144897 11174.825856328011 544.73842453956604 499.57128572463989 54.030425548553467 1564.8780785799026 46.593928337097168 167.7381420135498 38.593161106109619 2804.5192479491234 2101.1689618825912 1772.5519163012505 803.61105358600616 1802.8135468959808 5850.5914070010185 1782.7073588371277 1963.8890504837036 1364.8814247250557 4.6311793327331534
leaf_count=95467 976 6 24533 1852 181 7993 54253 34944 2465 19325 5313 839 12327 167 55 7 1261 5 18 5 574 2711 1721 118 197 2947 1425 254 191 6
internal_value=-0.000397882 0.00108598 0.00178591 0.00196854 0.00252184 0.00276457 0.000201876 0.00154659 0.000292816 0.000119427 0.000381768 0.0013703 0.0006218 -0.00054569 -0.0024819 -0.00270208 0.000372474 0.00190296 0.00041697 0.00199785 0.000174764 -0.000648978 -0.000567667 -0.00185608 -0.00140336 0.00190804 -0.000528204 -0.00373322 -0.00376084 -0.00375002
internal_weight=271927 188677 105307 97657.7 42250.7 38290.6 83369.5 55407 80638 69461.3 51782.7 11176.6 15412.9 7649.49 2731.54 2685.23 4498.33 39994.1 667.309 1603.47 3960.09 17678.6 2427.6 3151.16 2606.42 8749.01 2894.86 2017.92 83250.8 81885.9
internal_count=272136 176472 86558 82409 33281 32526 89914 49128 89574 81602 59566 7972 14179 4149 340 334 3667 34949 73 1266 755 22036 2560 482 315 5412 2401 261 95664 95473
is_linear=0
shrinkage=0.0440977


Tree=8
num_leaves=39
num_cat=0
split_feature=1 0 2 2 2 0 1 1 2 1 0 2 1 0 0 0 0 1 2 0 1 0 0 2 1 0 2 2 1 2 2 0 0 0 1 0 1 1
split_gain=650.836 81.9857 27.9423 12.3817 12.3291 11.5388 12.2459 8.95288 5.74731 4.50316 6.03592 5.93416 5.91174 3.74449 5.02243 3.45696 3.06637 5.54628 3.63838 3.02684 2.72642 2.69803 2.3403 2.25009 2.1835 1.95464 1.87562 1.4704 1.40759 1.29162 1.1687 0.949755 1.44759 0.76042 0.708377 0.510464 0.466998 0.452647
threshold=0.03024999983608723 -1.1417810916900633 0.21825000000000003 0.030250000000000003 0.055250000000000007 -3.0737084150314327 0.076249998062849059 0.03824999928474427 0.051250000000000011 0.051249999552965171 -2.4505094289779659 10.104500000000002 0.12725000083446505 -3.498293280601501 -3.263633012771606 -3.498293280601501 2.4886081218719487 12.7814998626709 5.8745000000000003 -3.3740954399108882 6.8265001773834237 -3.1641684770584102 -2.9141628742218013 0.11050000000000001 0.46349999308586126 -0.66310319304466236 0.070250000000000021 0.030250000000000003 10.123000144958498 0.16725000000000004 0.28225000000000006 -0.86393621563911427 -0.79352030158042897 -1.012664198875427 0.18025000393390658 -2.7143269777297969 12.7814998626709 48.718500137329109
decision_type=2 2 2 2 2 2 2 2 2 2 2 2 2 2 2 2 2 2 2 2 2 2 2 2 2 2 2 2 2 2 2 2 2 2 2 2 2 2
left_child=3 5 25 13 35 6 7 23 -9 22 11 -11 -12 -1 -15 34 17 20 -19 29 -4 -21 26 -2 -17 31 -7 -24 -18 -6 -31 33 -33 -3 -8 -5 -30 -27
right_child=1 2 16 4 19 9 15 8 -10 10 12 -13 -14 14 -16 24 28 18 -20 21 -22 -23 27 -25 -26 37 -28 -29 36 30 -32 32 -34 -35 -36 -37 -38 -39
leaf_value=-0.63291182287336467 0.49311093463591871 -0.37215843244282421 0.034047315386599566 0.30207639105922102 -0.63291182287336467 0.20933491716078864 -0.68270083586211872 0.86691707549429708 1.4564138885074402 0.38905382339554573 0.20220853764714353 19.170203964924838 0.36300767051647559 0.70447151190302504 -2.0865481210882675 -0.34137259937303549 -1.512351823575637 -0.028157773282300191 1.2338309213214762 10.200711660093248 0.18080652177706219 -2.3249206156679394 0.78652918017828699 -0.62474466180902533 0.10744931731550865 -0.43190101568027728 -0.56923975606500588 -0.44212013144598167 0.19382896050725176 -1.7556335267100596 -0.70219642180659347 0.078635117056495771 -0.62979685227780513 -0.44182929733854065 -0.71378337497404765 -4.4058967371575211 -0.098179335967826048 -2.676030428749248
leaf_weight=85831.848160803318 7155.0334413051605 204.7730558514595 65929.396046638489 1776.5572071671486 1483.4142662882805 3989.5897536873817 780.26863098144531 6813.7503078579903 944.28494399785995 25322.245018541813 18027.38511043787 9.3187856674194318 30708.647962033749 697.57854002714157 547.99585145711899 304.43733692169189 327.10936802625656 60.900900840759277 339.15010106563568 37.383315324783325 7213.1623553037643 29.017242431640625 59.178830206394196 96.053362250328064 93.187856674194336 2805.5143921375275 200.95381838083267 1027.0772420167923 751.62211924791336 103.62915849685669 284.29694890975952 121.18991410732269 165.40970611572266 272.11354660987854 378.07984066009521 27.322576284408569 6892.8089377880096 115.77948331832886
leaf_count=97445 5786 44 74658 1307 214 3215 107 5244 450 20046 15914 1 29542 613 144 48 78 7 110 7 7311 5 20 14 10 359 35 570 666 12 31 18 24 45 42 4 7975 15
internal_value=-0.000432697 0.00109502 9.95481e-05 -0.00347921 -0.000994959 0.00197932 0.00303795 0.00342397 0.00446525 0.00175827 0.00184695 0.00239915 0.00155988 -0.00358594 -0.00118427 -0.000685504 0.00026936 0.000358407 0.00553009 -0.00343648 0.000330045 0.00575569 0.000513513 0.00230942 0.00285754 -0.00365606 0.000986322 -0.00130972 -0.000552097 -0.00376555 -0.00149503 -0.00166639 0.000339559 -0.00287011 -0.00190314 0.0016282 -0.000430644 -0.00417531
internal_weight=271927 181108 85198.9 90819 3741.62 95909.5 16565.1 15009.1 7758.04 79344.4 74067.6 25331.6 48736 87077.4 1245.57 1555.97 81514.1 73542.6 400.051 1937.74 73142.6 66.4006 5276.8 7251.09 397.625 3684.78 4190.54 1086.26 7971.54 1871.34 387.926 763.486 286.6 476.887 1158.35 1803.88 7644.43 2921.29
internal_count=272136 172354 91310 99782 1580 81044 11701 11494 5694 69343 65503 20047 45456 98202 757 207 90805 82086 117 269 81969 12 3840 5800 58 505 3250 590 8719 257 43 131 42 89 149 1311 8641 374
is_linear=0
shrinkage=0.0440977


Tree=9
num_leaves=39
num_cat=0
split_feature=1 0 2 2 2 0 1 1 2 1 1 0 2 1 0 0 0 0 0 1 2 0 0 1 1 0 2 2 1 2 2 2 2 1 0 1 0 2
split_gain=627.202 71.1208 26.437 12.1296 12.1269 9.89887 10.9126 8.73208 8.94255 4.47615 4.33617 4.21549 6.01134 4.96835 3.81014 4.91258 3.34263 3.02684 2.95426 4.54743 4.28078 2.71293 2.69803 2.53786 2.24401 1.89285 1.745 1.4339 1.40789 1.29162 1.1687 0.891744 1.21067 0.67636 0.503305 0.452647 0.437571 0.389121
threshold=0.03024999983608723 -1.1417810916900633 0.21825000000000003 0.030250000000000003 0.055250000000000007 -3.0737084150314327 0.070250000804662718 0.051249999552965171 0.038250000000000013 0.03824999928474427 0.051249999552965171 -2.4505094289779659 10.104500000000002 0.12725000083446505 -3.498293280601501 -3.263633012771606 -3.498293280601501 -3.3740954399108882 2.4886081218719487 12.7814998626709 6.823500000000001 -0.66310319304466236 -3.1641684770584102 6.8265001773834237 0.46349999308586126 -2.9141628742218013 0.070250000000000021 0.030250000000000003 10.123000144958498 0.16725000000000004 0.28225000000000006 0.088250000000000009 0.082250000000000018 0.18025000393390658 -2.7143269777297969 48.718500137329109 3.1623266935348515 0.03425000000000001
decision_type=2 2 2 2 2 2 2 2 2 2 2 2 2 2 2 2 2 2 2 2 2 2 2 2 2 2 2 2 2 2 2 2 2 2 2 2 2 2
left_child=3 5 21 14 34 6 7 9 -9 -2 25 12 -12 -13 -1 -16 33 29 19 23 -21 31 -19 -4 -18 26 -7 -27 -20 -6 -31 32 -3 -8 37 -23 -30 -5
right_child=1 2 18 4 17 10 16 8 -10 -11 11 13 -14 -15 15 -17 24 22 28 20 -22 35 -24 -25 -26 27 -28 -29 36 30 -32 -33 -34 -35 -36 -37 -38 -39
leaf_value=-0.6050018587790339 0.46936057997859942 -4.0283364675931299 0.032545906634849277 0.28551403874317971 -0.6050018587790339 0.20010372600508747 -0.65259529014869355 -0.55531953493761177 1.8593467943458657 0.81552643029108995 0.37189743944235104 0.193291603531934 18.32484180702895 0.34699986234489621 0.67340592915971398 -1.9945361203070484 -0.33600126139876729 9.7508836020909442 -1.4456605664865163 -0.44293858973070538 1.1994496923251821 -0.41285516852701054 -2.2223969329677593 0.17283336762122919 0.10271104812878142 0.751845041907241 -0.54413758451650773 -0.42262364465574026 -0.11448246574211859 -1.6782141028307163 -0.67123116533403293 -1.5327005908636153 -0.093959869603917057 -0.68230716036296135 -4.2116067661168008 -2.5580236061832688 -0.018318979972396319 0.47079281283591834
leaf_weight=85831.848160803318 7251.0868035554886 119.71495389938354 65929.396046638489 1173.8135242462158 1483.4142662882805 3989.5897536873817 789.37768030166626 120.25757241249084 477.26104372739792 7136.8390124440193 25322.245018541813 18027.38511043787 9.3187856674194318 30708.647962033749 697.57854002714157 547.99585145711899 319.00591087341309 37.383315324783325 327.10936802625656 75.978445768356323 324.07255613803864 2805.5143921375275 29.017242431640625 7213.1623553037643 93.187856674194336 59.178830206394196 200.95381838083267 1027.0772420167923 3774.0484209060669 103.62915849685669 284.29694890975952 165.21607106924057 478.55519771575928 378.07984066009521 27.322576284408569 115.77948331832886 3870.3826361298561 602.74368292093277
leaf_count=97445 5800 15 74658 915 214 3215 109 46 272 5366 20046 15914 1 29542 613 144 56 7 78 11 106 359 5 7311 10 20 35 570 4337 12 31 54 62 42 4 15 4304 392
internal_value=-0.000483223 0.00101651 8.93333e-05 -0.00347391 -0.00101507 0.00184013 0.00282064 0.0031881 0.00840844 0.00297073 0.00163539 0.0017224 0.00218389 0.00148249 -0.00357955 -0.00115697 -0.000665062 -0.00343648 0.000254508 0.000341912 0.00502481 -0.00356371 0.00575569 0.00031623 0.00274453 0.000413947 0.000839169 -0.00122573 -0.000551792 -0.00376555 -0.00149503 -0.00122115 -0.000426547 -0.0018702 0.0015865 -0.00417531 -0.000430326 0.00167867
internal_weight=271927 181108 85198.9 90819 3741.62 95909.5 16565.1 14985.4 597.519 14387.9 79344.4 74067.6 25331.6 48736 87077.4 1245.57 1579.65 1937.74 81514.1 73542.6 400.051 3684.78 66.4006 73142.6 412.194 5276.8 4190.54 1086.26 7971.54 1871.34 387.926 763.486 598.27 1167.46 1803.88 2921.29 7644.43 1776.56
internal_count=272136 172354 91310 99782 1580 81044 11701 11484 318 11166 69343 65503 20047 45456 98202 757 217 269 90805 82086 117 505 12 81969 66 3840 3250 590 8719 257 43 131 77 151 1311 374 8641 1307
is_linear=0
shrinkage=0.0440977


Tree=10
num_leaves=30
num_cat=0
split_feature=3 0 0 1 0 1 3 1 3 3 3 1 3 1 1 1 1 3 3 0 3 3 3 0 3 0 0 0 0
split_gain=605.759 52.4408 16.421 15.6993 12.8406 11.8418 6.51561 6.81015 6.41061 5.89936 5.62504 5.29921 4.51005 4.31264 5.30175 3.46969 3.06057 2.90138 2.57348 1.60685 1.09715 4.52993 0.904176 0.885949 1.89291 1.16888 0.133434 0.104308 0.537969
threshold=1.0000000180025095e-35 -1.1417810916900633 -3.498293280601501 0.28024999797344213 -3.1641684770584102 0.03824999928474427 0.85696265101432811 3.2209999561309819 0.010747369378805162 0.056930670514702804 0.0024311956949532036 0.03824999928474427 0.002640118589624763 48.718500137329109 6.8265001773834237 0.082250002771615996 0.03024999983608723 0.020081382244825367 0.26951168477535253 -2.8430203199386592 0.21899907290935519 0.3488419800996781 0.084958255290985121 -0.66310319304466236 0.073867965489625945 -1.012664198875427 3.1623266935348515 -0.1929783225059509 -0.25199328362941736
decision_type=2 2 2 2 2 2 2 2 2 2 2 2 2 2 2 2 2 2 2 2 2 2 2 2 2 2 2 2 2
left_child=-1 2 8 23 5 17 7 9 15 -5 19 -12 -7 14 -8 16 -2 -4 -9 -6 22 -22 -10 24 25 -3 -15 28 -25
right_child=1 3 4 6 10 12 13 18 20 -11 11 -13 -14 26 -16 -17 -18 -19 -20 -21 21 -23 -24 27 -26 -27 -28 -29 -30
leaf_value=-0.57832266027889034 0.07760829247687627 -0.78229361535240616 0.55953187249354652 -0.00017410233538014508 0.0087658637635137388 0.50917749291046466 -0.11407012561649958 -0.13487896368374366 -0.55328801931750082 0.19805211413231022 -0.63257595092121732 0.35452265000123956 1.3771376099517292 -0.8259149678994544 0.71888939859470691 -0.62381733015816943 0.67490605980065932 -0.27958688203530696 0.018910833568892314 0.12575739851193779 0.31367580831520581 -0.53759889358563939 -0.61977620348761842 -0.8196617041335944 -1.9046267402247883 0.023836540043151888 -0.066738077607732579 -0.77283304423379395 -0.59707461863610289
leaf_weight=83465.319951474667 3140.8464702963829 126.66171169281006 6680.8838779330254 40753.008140146732 5353.2956368327141 1852.3025286197662 1739.7545437216759 13940.493351995945 1341.5279044508934 13444.754634320736 850.55061268806458 66732.295897245407 2689.0257196426392 16.198421955108643 4462.8282107114792 663.80237102508545 1348.358636200428 512.70235335826874 6125.5500329732895 9635.0765452384949 296.60098791122437 689.59013938903809 906.74243116378784 312.68614315986633 336.55008125305176 140.7479362487793 2432.8646148443222 1185.4253883361816 86.23078727722168
leaf_count=95505 2584 45 5728 48887 5247 1597 416 17456 290 12040 357 56261 1486 2 2612 86 1070 80 7053 9960 32 74 101 45 63 22 2422 144 11
internal_value=-0.000537849 0.000851399 0.00152222 4.19219e-05 0.00168852 0.00305345 0.000139243 5.8113e-06 -0.00034756 0.00026276 0.0014945 0.00166591 0.00481638 0.00128446 0.00190304 0.000618302 0.0010584 0.00193999 -0.000688178 0.000721563 -0.00188605 -0.000658884 -0.0024238 -0.00364399 -0.00220109 0.000568298 -0.000282309 -0.00419229 -0.00354763
internal_weight=271263 187797 102694 85103.8 94306.1 11734.9 82915.5 74263.8 8387.47 54197.8 82571.2 67582.8 4541.33 8651.65 6202.58 5153.01 4489.21 7193.59 20066 14988.4 3234.46 986.191 2248.27 2188.3 603.96 267.41 2449.06 1584.34 398.917
internal_count=271676 176171 84953 91218 80716 8891 90888 85436 4237 60927 71825 56618 3083 5452 3028 3740 3654 5808 24509 15207 497 106 391 330 130 67 2424 200 56
is_linear=0
shrinkage=0.0440977


Tree=11
num_leaves=29
num_cat=0
split_feature=3 0 0 0 1 1 3 1 3 3 1 3 1 1 1 1 3 1 3 3 3 0 0 3 3 3 0 0
split_gain=593.539 45.728 15.8945 12.4394 12.2561 11.1614 6.60513 6.23639 5.92076 5.22773 4.8837 5.33239 4.52737 3.79514 4.99534 3.24578 2.75463 2.47114 2.29381 1.29998 1.1788 1.70124 1.84148 1.09715 4.52993 0.904176 0.140532 0.110298
threshold=1.0000000180025095e-35 -1.1417810916900633 -3.498293280601501 -3.1641684770584102 0.28024999797344213 0.03824999928474427 0.85696265101432811 3.2209999561309819 0.010747369378805162 0.056930670514702804 0.03824999928474427 0.0046808880288153895 0.070250000804662718 48.718500137329109 6.8265001773834237 0.082250002771615996 0.020081382244825367 0.03824999928474427 0.26951168477535253 0.010747369378805162 0.13121456652879718 -0.1929783225059509 -0.25199328362941736 0.21899907290935519 0.3488419800996781 0.084958255290985121 3.1623266935348515 1.3748541474342348
decision_type=2 2 2 2 2 2 2 2 2 2 2 2 2 2 2 2 2 2 2 2 2 2 2 2 2 2 2 2
left_child=-1 2 8 5 20 16 7 9 15 -6 19 -12 -7 14 -8 17 -4 -2 -9 -5 21 22 -3 25 -25 -10 -15 -23
right_child=1 4 3 10 6 12 13 18 23 -11 11 -13 -14 26 -16 -17 -18 -19 -20 -21 -22 27 -24 24 -26 -27 -28 -29
leaf_value=-0.55281995342465096 0.15047034890951105 -0.24340428634986078 0.53485779641130349 -0.062169015711930044 -0.00016642482051385722 1.13947999751729 -0.10903989392365708 -0.12893110981619627 -0.52888928288235515 0.18931846878951333 0.16624256416903521 0.39938595421525475 -0.068883375499682042 -0.78949400645431433 0.68718802001801405 -0.59630841239598786 -0.26725773987546364 2.5771850600529245 0.018076909052353068 -1.8371572635668294 -3.6086863787511345 -0.39354355082310782 21.351226045971583 0.29984342245837026 -0.51389201171857524 -0.59244549017066861 -0.063795080996766895 -0.72260353498583596
leaf_weight=83465.319951474667 4328.0258113145828 546.74432039260864 6680.8838779330254 412.22179508209229 40753.008140146732 4188.8637630939484 1739.7545437216759 13940.493351995945 1341.5279044508934 13444.754634320736 37659.463379323483 44035.424630761147 352.46448516845703 16.198421955108643 4462.8282107114792 663.80237102508545 512.70235335826874 161.17929518222809 6125.5500329732895 464.10888683795929 923.72493100166321 370.49434661865234 61.749057769775391 296.60098791122437 689.59013938903809 906.74243116378784 2432.8646148443222 285.58939218521118
leaf_count=95505 3539 125 5728 274 48887 3032 416 17456 290 12040 36523 34930 51 2 2612 86 80 115 7053 98 112 48 8 32 74 101 2422 37
internal_value=-0.000569538 0.000805627 0.00143204 0.00159565 4.97326e-05 0.00293909 0.000135721 1.37619e-06 -0.000407513 0.000247263 0.00140469 0.00143982 0.00465062 0.00128878 0.00186906 0.000520724 0.0018581 0.000946402 -0.000662736 -0.00186824 -0.00320698 -0.00232909 -0.00064781 -0.00188605 -0.000658884 -0.0024238 -0.000181015 -0.00388505
internal_weight=271263 187797 102694 94306.1 85103.8 11734.9 82915.5 74263.8 8387.47 54197.8 82571.2 81694.9 4541.33 8651.65 6202.58 5153.01 7193.59 4489.21 20066 876.331 2188.3 1264.58 608.493 3234.46 986.191 2248.27 2449.06 656.084
internal_count=271676 176171 84953 80716 91218 8891 90888 85436 4237 60927 71825 71453 3083 5452 3028 3740 5808 3654 24509 372 330 218 133 497 106 391 2424 85
is_linear=0
shrinkage=0.0440977


Tree=12
num_leaves=31
num_cat=0
split_feature=3 0 2 0 0 3 0 2 2 3 3 2 3 3 0 3 2 2 3 3 0 3 3 0 0 3 3 3 0 0
split_gain=576.764 40.6495 24.5315 15.8291 9.6354 7.27892 7.02122 6.75768 6.43685 5.19206 5.18282 5.05408 4.82711 6.00136 5.17046 3.96944 3.32856 3.97332 2.59842 5.44265 2.06017 1.98405 1.66535 1.41264 1.10397 1.09715 4.52993 0.904176 0.302981 0.32024
threshold=1.0000000180025095e-35 -1.1417810916900633 0.21825000000000003 -3.498293280601501 -3.1641684770584102 0.3488419800996781 2.4886081218719487 0.038250000000000013 3.2285000000000008 0.056930670514702804 0.010747369378805162 0.39125000000000004 0.3488419800996781 0.0046808880288153895 -1.2131820917129514 0.002640118589624763 0.055250000000000007 0.030250000000000003 0.016966353170573715 0.0080803995952010172 2.1290646791458134 0.85696265101432811 0.21899907290935519 -0.93840873241424549 -0.59194540977478016 0.21899907290935519 0.3488419800996781 0.084958255290985121 3.1623266935348515 -1.012664198875427
decision_type=2 2 2 2 2 2 2 2 2 2 2 2 2 2 2 2 2 2 2 2 2 2 2 2 2 2 2 2 2 2
left_child=-1 3 18 10 7 8 11 22 9 -4 16 -7 13 -6 -14 -9 17 -2 19 24 -10 -8 -5 -21 -3 27 -27 -12 29 -20
right_child=1 2 5 4 12 6 21 15 20 -11 25 -13 14 -15 -16 -17 -18 -19 28 23 -22 -23 -24 -25 -26 26 -28 -29 -30 -31
leaf_value=-0.5284418576250427 -0.044515291819699938 -0.066697127666528411 0.00071430939462386147 0.50388897902692242 0.15829604290480054 -0.406220383740522 -0.20547606484938338 0.33504322515510965 -0.067665312292879573 0.19460733790204096 -0.50556647493083362 0.41566744366072933 -0.13835383895473899 0.39727976515604985 8.589785623002566 1.1890831410957914 -0.57001257500182789 0.59535545323102257 -2.0764009664813829 0.1215707568845851 -0.21841392791504174 0.13430642320592093 -0.035858915270318509 -0.04124214401847219 -0.34530728378417747 0.28662101318697836 -0.49123054913076303 -0.56631999881320993 -0.87621029497707126 -0.65804084468602642
leaf_weight=83465.319951474667 2821.6071537733078 246.99623107910156 40249.62201654911 6764.1371022462845 37805.358281731606 229.44643425941467 1929.543025135994 1865.8240768909454 11819.837303042412 11461.483809351921 1341.5279044508934 7187.4710649847984 1888.2499823570251 42815.142366945744 62.468060970306396 3021.0842294096947 699.53158855438232 1631.8687351942062 110.76579737663269 38.593161106109619 3872.4917293190956 4444.9419827461243 83.869071006774902 131.21674776077271 864.48680877685547 296.60098791122437 689.59013938903809 906.74243116378784 163.69143009185791 2353.1664570569992
leaf_count=95505 2270 32 48854 5610 36624 30 2460 1627 14775 11423 290 3946 212 34979 10 1645 93 1377 31 5 4985 4214 9 17 112 32 74 101 21 313
internal_value=-0.000613168 0.000742424 2.97393e-05 0.00133303 0.0014963 0.000194031 0.00111704 0.00267868 5.16121e-06 0.000242553 -0.000502725 0.00203936 0.00132824 0.00138068 -0.000838975 0.00393133 0.000365761 0.000810065 -0.00338205 -0.00175192 -0.000777086 4.37294e-05 0.00178431 0.00557958 -0.00287601 -0.00188605 -0.000658884 -0.0024238 -0.00417597 -0.00429853
internal_weight=271263 187797 85103.8 102694 94306.1 81194.8 13791.4 11734.9 67403.4 51711.1 8387.47 7416.92 82571.2 80620.5 1950.72 4886.91 5153.01 4453.48 3908.92 1281.29 15692.3 6374.49 6848.01 169.81 1111.48 3234.46 986.191 2248.27 2627.62 2463.93
internal_count=271676 176171 91218 84953 80716 90687 10650 8891 80037 60277 4237 3976 71825 71603 222 3272 3740 3647 531 166 19760 6674 5619 22 144 497 106 391 365 344
is_linear=0
shrinkage=0.0440977


end of trees

feature_importances:
price_std_7d=128
price_log=115
price_lag_1d=86
price_lag_3d=76

parameters:
[boosting: gbdt]
[objective: quantile]
[metric: quantile]
[tree_learner: serial]
[device_type: cpu]
[data_sample_strategy: bagging]
[data: ]
[valid: ]
[num_iterations: 1000]
[learning_rate: 0.0440977]
[num_leaves: 39]
[num_threads: -1]
[seed: 91]
[deterministic: 0]
[force_col_wise: 0]
[force_row_wise: 0]
[histogram_pool_size: -1]
[max_depth: 6]
[min_data_in_leaf: 5]
[min_sum_hessian_in_leaf: 0.001]
[bagging_fraction: 0.7]
[pos_bagging_fraction: 1]
[neg_bagging_fraction: 1]
[bagging_freq: 5]
[bagging_seed: 2784]
[bagging_by_query: 0]
[feature_fraction: 0.7]
[feature_fraction_bynode: 1]
[feature_fraction_seed: 29510]
[extra_trees: 0]
[extra_seed: 8681]
[early_stopping_round: 0]
[early_stopping_min_delta: 0]
[first_metric_only: 0]
[max_delta_step: 0]
[lambda_l1: 0]
[lambda_l2: 1]
[linear_lambda: 0]
[min_gain_to_split: 0.1]
[drop_rate: 0.1]
[max_drop: 50]
[skip_drop: 0.5]
[xgboost_dart_mode: 0]
[uniform_drop: 0]
[drop_seed: 8477]
[top_rate: 0.2]
[other_rate: 0.1]
[min_data_per_group: 100]
[max_cat_threshold: 32]
[cat_l2: 10]
[cat_smooth: 10]
[max_cat_to_onehot: 4]
[top_k: 20]
[monotone_constraints: ]
[monotone_constraints_method: basic]
[monotone_penalty: 0]
[feature_contri: ]
[forcedsplits_filename: ]
[refit_decay_rate: 0.9]
[cegb_tradeoff: 1]
[cegb_penalty_split: 0]
[cegb_penalty_feature_lazy: ]
[cegb_penalty_feature_coupled: ]
[path_smooth: 0]
[interaction_constraints: ]
[verbosity: -1]
[saved_feature_importance_type: 0]
[use_quantized_grad: 0]
[num_grad_quant_bins: 4]
[quant_train_renew_leaf: 0]
[stochastic_rounding: 1]
[linear_tree: 0]
[max_bin: 63]
[max_bin_by_feature: ]
[min_data_in_bin: 3]
[bin_construct_sample_cnt: 200000]
[data_random_seed: 335]
[is_enable_sparse: 1]
[enable_bundle: 1]
[use_missing: 1]
[zero_as_missing: 0]
[feature_pre_filter: 0]
[pre_partition: 0]
[two_round: 0]
[header: 0]
[label_column: ]
[weight_column: ]
[group_column: ]
[ignore_column: ]
[categorical_feature: ]
[forcedbins_filename: ]
[precise_float_parser: 0]
[parser_config_file: ]
[objective_seed: 29977]
[num_class: 1]
[is_unbalance: 0]
[scale_pos_weight: 1]
[sigmoid: 1]
[boost_from_average: 1]
[reg_sqrt: 0]
[alpha: 0.9]
[fair_c: 1]
[poisson_max_delta_step: 0.7]
[tweedie_variance_power: 1.5]
[lambdarank_truncation_level: 30]
[lambdarank_norm: 1]
[label_gain: ]
[lambdarank_position_bias_regularization: 0]
[eval_at: ]
[multi_error_top_k: 1]
[auc_mu_weights: ]
[num_machines: 1]
[local_listen_port: 12400]
[time_out: 120]
[machine_list_filename: ]
[machines: ]
[gpu_platform_id: -1]
[gpu_device_id: -1]
[gpu_use_dp: 0]
[num_gpu: 1]

end of parameters

pandas_categorical:[]
