tree
version=v4
num_class=1
num_tree_per_iteration=1
label_index=0
max_feature_idx=54
objective=quantile
feature_names=price_lag_1d return_1d return_3d return_7d return_14d return_30d return_60d price_std_7d price_std_14d price_std_20d price_std_30d price_std_60d price_zscore_30d vol_regime_60_30 trend_divergence_30_60 price_accel_7d price_log price_tier log_return_1d log_return_7d autocorr_1d autocorr_7d bb_pct_b bb_width rsi_14 macd_line macd_signal macd_histogram distance_to_support distance_to_resistance volume_missing volume_lag_1d volume_lag_7d volume_mean_30d volume_std_30d volume_std_60d volume_log_change_1d volume_log_change_7d volume_zscore_30d volume_price_conf_7d volume_price_conf_1d rsi_missing macd_missing dow_sin dow_cos events_next_30d_major events_next_30d_operation events_next_30d_case_drop events_next_30d_update events_next_30d_game_update item_type_graffiti item_type_skin item_type_sticker item_type_unknown item_volume_vs_market_30d
feature_infos=[0.029999999329447746:960.7130126953125] [-99.536705017089844:500] [-99.492156982421875:500] [-99.509979248046875:500] [-99.901214599609375:500] [-99.499412536621094:500] [-99.499412536621094:500] [0:167.40560913085938] [0:119.09705352783203] [0:135.57257080078125] [0:112.72939300537109] [0:97.889312744140625] [-4.8795590400695801:5.2946515083312988] [0.70205938816070557:761.94976806640625] [-112984214994944:140802198077440] [-599.50994873046875:534.69384765625] [-3.5065579414367676:6.86767578125] [0:4] [-5.3745660781860352:6.8952875137329102] [-5.3184762001037598:6.9452981948852539] [-49768.35546875:222115.390625] [-49754.98828125:50974.09765625] [-0.51409953832626343:1.5621322393417358] [0.0062784175388514996:17.437114715576172] [0:99.844482421875] [-24.604433059692383:40.936752319335938] [-25.746257781982422:26.537761688232422] [-17.223386764526367:29.474584579467773] [0.0070656398311257362:106457.8984375] [0.010915839113295078:106457.8984375] none [1:197735] [1:197735] [1:125869.734375] [0:64217.12890625] [0:67507.5625] [-6.4329400062561035:6.5171170234680176] [-6.0185933113098145:7.2102642059326172] [-4.1069283485412598:5.2931628227233887] [-99.499412536621094:500] [-99.341239929199219:500] [0:1] [0:1] [-0.97492790222167969:0.97492790222167969] [-0.90096884965896606:1] [0:1] [0:1] [0:1] none [0:2] [0:1] [0:1] [0:1] none [0.00099037075415253639:352.26205444335938]
tree_sizes=1682 1758 1760 1765 1760 1755 1758 1767 1770 1752 1757 1759 1764 1766 1778 1779 1763 1775 1756 1773 1768 1776 1774 1769 1777 1769 1769 1767 1773 1780 1780 1770 1761 1771 1762 1786 1772 1790 1780 1782 1789 1775

Tree=0
num_leaves=15
num_cat=0
split_feature=8 32 22 23 49 16 23 1 6 35 2 5 0 5
split_gain=344.886 91.8729 69.5809 62.648 52.9451 33.3175 19.1341 22.2997 18.0531 16.3378 11.0175 9.26406 5.70784 5.17419
threshold=1.0000000180025095e-35 49.500000000000007 0.36530296504497534 0.35699190199375158 1.5000000000000002 -0.31129217147827143 0.24095628410577777 21.059002876281742 -7.6906502246856681 181.89566802978518 -5.8905069828033438 -32.528430938720696 4.5885000228881845 22.308292388916019
decision_type=2 2 2 2 2 2 2 2 2 2 2 2 2 2
left_child=-1 2 3 10 5 9 13 -8 -5 -3 -2 -7 -6 -4
right_child=1 4 6 8 12 11 7 -9 -10 -11 -12 -13 -14 -15
leaf_value=13.983279789870897 15.081451325144869 14.601672479420531 14.495502636868066 15.931372955975208 15.15313188716836 15.263436546028068 15.073395089085146 14.056203454874328 15.663374916576347 14.937782658459668 14.660642947469793 14.420354978115977 14.521926319131863 15.172436607379119
leaf_weight=28881.389093875885 989.77675938606262 30061.268860042095 3466.1772226691246 1489.4490692615509 1219.7298560738564 244.1933468580246 9302.4582543969154 1309.5915337204933 1808.5231621861458 6581.1011175513268 1957.7320185899734 14151.884611546993 117.70514583587646 111.00610685348511
leaf_count=35534 1146 27058 4276 992 1459 148 5545 535 1089 6110 2407 15278 164 104
internal_value=14.5454 14.5469 14.5491 14.5525 14.546 14.5458 14.5476 14.5484 14.5561 14.5464 14.5483 14.5442 14.5536 14.5451
internal_weight=101692 72810.6 20434.7 6245.48 52375.9 51038.4 14189.2 10612 3297.97 36642.4 2947.51 14396.1 1337.44 3577.18
internal_count=101845 66311 16094 5634 50217 48594 10460 6080 2081 33168 3553 15426 1623 4380
is_linear=0
shrinkage=1


Tree=1
num_leaves=15
num_cat=0
split_feature=7 32 12 18 52 4 54 36 6 8 7 2 4 34
split_gain=334.183 78.7261 49.1043 32.5932 25.5282 24.0515 18.7526 13.752 12.3251 11.8572 11.1729 11.1287 8.7642 8.54031
threshold=1.0000000180025095e-35 22.500000000000004 -0.43000601232051844 -0.050407411530613892 1.0000000180025095e-35 -14.624006748199461 0.12249751016497613 1.5739262104034426 -6.247955083847045 0.021469695493578914 0.028803108260035518 -8.5440688133239728 13.179415225982668 20.371957778930668
decision_type=2 2 2 2 2 2 2 2 2 2 2 2 2 2
left_child=-1 2 5 6 10 13 12 -6 -4 -8 -5 -7 -3 -2
right_child=1 3 8 4 7 11 9 -9 -10 -11 -12 -13 -14 -15
leaf_value=-0.54044737487395544 1.5582965135439408 0.69877975851381091 0.58256429120106601 0.049617166947162214 0.36083594249717332 1.1510960123267657 0.38828164681871469 1.7296817598648617 0.31437248920587718 0.029661636348428177 -0.061374007447259155 0.54644873590178178 -0.19373592581427077 0.54978875664877369
leaf_weight=30256.805648982525 1048.7667121887207 2121.5813031196594 1341.3348665833473 30691.162428557873 7396.548013985157 688.11090666055679 3376.5791918039322 135.49529850482941 4428.9397683739662 3173.7502025961876 15196.245519042015 1336.6055318713188 263.39847213029861 236.66229444742203
leaf_count=36379 712 1261 940 31239 6407 461 3111 84 3473 1719 14407 1277 156 219
internal_value=-0.000114053 0.0013273 0.00469054 0.000836468 0.000473733 0.00844935 0.00299799 0.00255926 0.00252206 0.00191545 0.000130051 0.00576195 0.00594279 0.0126218
internal_weight=101692 71435.2 9080.42 62354.8 53419.5 3310.15 8935.31 7532.04 5770.27 6550.33 45887.4 2024.72 2384.98 1285.43
internal_count=101845 65466 7082 58384 52137 2669 6247 6491 4413 4830 45646 1738 1417 931
is_linear=0
shrinkage=0.0386495


Tree=2
num_leaves=15
num_cat=0
split_feature=0 23 32 22 5 1 17 22 11 22 5 11 1 38
split_gain=313.139 69.1732 45.6928 50.8671 22.9344 21.3994 20.8871 19.6277 19.2676 14.9308 13.3011 13.7369 10.8027 9.52459
threshold=0.03024999983608723 0.28836928308010107 22.500000000000004 0.40069426596164709 -2.0873355865478511 -5.4342422485351554 1.0000000180025095e-35 0.34090702235698706 0.010680563282221557 0.18220862746238711 13.514032363891603 0.4553909450769425 21.059002876281742 0.67618486285209667
decision_type=2 2 2 2 2 2 2 2 2 2 2 2 2 2
left_child=7 6 3 9 5 -4 10 -1 -6 -3 13 -12 -5 -2
right_child=1 2 4 12 8 -7 -8 -9 -10 -11 11 -13 -14 -15
leaf_value=0.61235032017108826 0.017971612472700287 1.6322466336799217 0.66500797221618269 0.6206380995831049 1.1369344836865334 0.25980610987303165 -0.092371088088998451 -0.51955933076718397 0.076899256918733727 1.0182065361105033 0.28678590711425306 0.22334865486841987 -0.39948760306283659 0.1299743670368205
leaf_weight=584.82272684574127 19552.733465194702 512.41282379627228 2120.9852691292763 3306.9052357077599 1744.9631503820419 6907.4496390223503 12000.487165987492 32110.509329140186 12710.8999786973 2166.9036753177643 2100.4969218969345 46.629839181900024 701.55529481172562 5124.2316437363625
leaf_count=498 21719 417 1210 2169 1807 5211 15063 37362 6816 1285 2329 7 326 5626
internal_value=-0.000169965 0.00130581 0.00269412 0.00551674 0.00188743 0.00341796 0.000225333 -0.00328595 0.000927189 0.00964648 0.000826168 0.00374731 0.00273847 0.000569369
internal_weight=101692 68996.7 30172.1 6687.78 23484.3 9028.43 38824.6 32695.3 14455.9 2679.32 26824.1 2147.13 4008.46 24677
internal_count=101845 63985 19241 4197 15044 6421 44744 37860 8623 1702 29681 2336 2495 27345
is_linear=0
shrinkage=0.0386495


Tree=3
num_leaves=15
num_cat=0
split_feature=0 32 12 16 23 12 42 12 0 31 1 32 1 23
split_gain=298.579 63.3227 43.6618 33.9197 29.7088 19.6702 17.417 15.8887 13.687 11.8395 11.1285 9.88228 9.87911 10.6043
threshold=0.03024999983608723 31.500000000000004 -0.46633283793926233 -1.0744086503982542 0.31130290031433111 -0.62096670269966114 1.0000000180025095e-35 -1.4653121829032896 0.047249998897314079 37.500000000000007 -7.9082906246185294 88.500000000000014 21.059002876281742 0.24095628410577777
decision_type=2 2 2 2 2 2 2 2 2 2 2 2 2 2
left_child=5 2 4 8 -2 -1 10 -6 9 -3 -5 -10 13 -4
right_child=1 3 12 6 7 -7 -8 -9 11 -11 -12 -13 -14 -15
leaf_value=0.58868326008126459 0.17564371035952797 0.85623210606282973 -0.02165319297358213 0.58708851142643348 1.455367395958199 -0.4994786000213261 -0.21516864481799799 1.0317344917827358 0.29393068914395798 0.32753746942069079 -0.0084752184709183959 0.076396374248166019 -0.42535434467456712 0.55367196244747785
leaf_weight=705.28836864233017 1317.0515228509903 515.3631626367569 1549.2178247570992 616.99577063322067 407.39251792430878 31990.043687343597 3697.8638003468513 2418.2962812185287 8344.7813830375671 4555.0440306663513 20791.540170431137 18180.636280834675 916.79148477315903 5685.679872751236
leaf_count=634 1711 242 1980 479 347 37226 1616 1512 6098 3660 25218 17128 400 3594
internal_value=-0.000206874 0.00123417 0.00374952 0.000687639 0.00698561 -0.00324955 -0.000370948 0.00922529 0.00153061 0.00337634 4.95632e-05 0.00117538 0.0020965 0.00257857
internal_weight=101692 68996.7 12294.4 56702.2 4142.74 32695.3 25106.4 2825.69 31595.8 5070.41 21408.5 26525.4 8151.69 7234.9
internal_count=101845 63985 9544 54441 3570 37860 27313 1859 27128 3902 25697 23226 5974 5574
is_linear=0
shrinkage=0.0386495


Tree=4
num_leaves=15
num_cat=0
split_feature=7 33 22 49 16 29 22 1 42 1 29 16 29 33
split_gain=299.207 56.5631 54.6306 49.717 31.3746 27.0552 14.7627 13.6576 11.721 7.61853 7.8842 6.39654 6.23927 5.99153
threshold=1.0000000180025095e-35 32.069047927856452 0.38875257968902593 1.5000000000000002 -0.53358298540115345 33.339584350585945 0.19745583832263949 -4.0450160503387442 1.0000000180025095e-35 21.059002876281742 19.446323394775394 -2.7143269777297969 72.318859100341811 93.483333587646499
decision_type=2 2 2 2 2 2 2 2 2 2 2 2 2 2
left_child=-1 2 5 4 7 11 -7 -3 -6 10 -4 -2 13 -5
right_child=1 3 9 12 8 6 -8 -9 -10 -11 -12 -13 -14 -15
leaf_value=-0.48017398034384651 0.55001617874829078 0.31809187070428779 0.061181284079456048 0.052374767134680748 -0.039251569870538149 1.5504012003550935 0.99185842507807009 0.079827394057575829 -0.28693280335634264 -0.42016307054580354 0.54652860627654243 0.10526173071775767 1.8648016045880513 0.42332392196497048
leaf_weight=30256.805648982525 155.37979716062546 7856.2149708271027 2862.9043014645576 230.91240161657333 16304.149491727352 654.25406163930893 2218.1176174283028 31751.134668171406 2714.8135508298874 876.00235813856125 3445.7792463302612 1133.9815075397491 155.96588402986526 1075.570652961731
leaf_count=36379 142 5771 2980 280 19494 551 1131 28868 1187 386 1870 1330 75 1401
internal_value=-0.000258097 0.00110569 0.00360931 0.000631871 0.000455099 0.00713587 0.0092301 0.0010753 -0.000833401 0.00155706 0.00203037 0.00241849 0.00766839 0.00669652
internal_weight=101692 71435.2 11346.4 60088.8 58626.3 4161.73 2872.37 39607.3 19019 7184.69 6308.68 1289.36 1462.45 1306.48
internal_count=101845 65466 8390 57076 55320 3154 1682 34639 20681 5236 4850 1472 1756 1681
is_linear=0
shrinkage=0.0386495


Tree=5
num_leaves=15
num_cat=0
split_feature=41 32 4 49 16 3 1 40 1 6 33 45 1 6
split_gain=292.466 59.1209 44.358 41.5748 20.1266 18.8967 16.5695 12.1416 11.8684 11.1818 14.3886 8.96584 6.82062 5.88862
threshold=1.0000000180025095e-35 49.500000000000007 -9.3748078346252424 1.5000000000000002 -0.25424751639366144 -8.5249681472778303 -17.371451377868649 10.817419528961183 -3.7028359174728389 -12.605551719665526 24.516666412353519 1.0000000180025095e-35 21.059002876281742 -11.760987281799315
decision_type=2 2 2 2 2 2 2 2 2 2 2 2 2 2
left_child=1 2 5 4 8 6 -1 -2 -3 10 -4 -5 -11 -7
right_child=7 3 9 11 -6 13 -8 -9 -10 12 -12 -13 -14 -15
leaf_value=2.763922315837319 -0.46161547539656006 0.2297306807543148 0.90288344067189075 0.54718504113393462 -0.10307715779664502 0.52480046312174056 0.7103601846498101 7.1702117509906982 0.0339181673726692 0.23210065051775103 0.24053305757659935 -0.42483447984088157 -0.42996105594576833 0.32907825468813856
leaf_weight=386.44099694490433 31526.983289599419 7397.0837173461914 1106.5365024805069 1200.8642788529396 13132.902029812336 941.77990460395813 2098.4577876329422 135.94952648878098 28660.735228955746 11102.745875120163 1928.995866060257 113.0840750336647 1020.8102880120277 1739.6488874554634
leaf_count=187 35990 5553 795 1488 14881 676 1560 48 28156 9759 1426 118 430 1242
internal_value=-0.000291498 0.00108828 0.00284877 0.000378542 0.000195953 0.00594584 0.00839188 -0.00337976 0.000668761 0.00178879 0.00389509 0.00715944 0.00125607 0.0036529
internal_weight=102493 70830.1 20325.4 50504.7 49190.7 5166.33 2484.9 31662.9 36057.8 15159.1 3035.53 1313.95 12123.6 2681.43
internal_count=102309 66271 16075 50196 48590 3665 1747 36038 33709 12410 2221 1606 10189 1918
is_linear=0
shrinkage=0.0386495


Tree=6
num_leaves=15
num_cat=0
split_feature=7 1 49 54 23 16 16 36 35 36 27 45 16 23
split_gain=279.466 50.7885 35.213 34.3642 22.4863 17.9085 16.1551 13.6099 11.1342 10.1151 9.82771 7.26142 7.21922 6.94409
threshold=1.0000000180025095e-35 -4.4434370994567862 1.5000000000000002 0.12249751016497613 0.23350359499454501 -2.9141628742218013 -0.14329333603382108 1.1761944293975832 10.125693321228029 -0.78829839825630177 -0.0026777192251756783 1.0000000180025095e-35 -2.7143269777297969 1.6339424252510073
decision_type=2 2 2 2 2 2 2 2 2 2 2 2 2 2
left_child=-1 3 4 5 6 8 -3 -6 -2 12 -7 -4 -5 -11
right_child=1 2 11 9 7 10 -8 -9 -10 13 -12 -13 -14 -15
leaf_value=-0.44377424818604688 2.3355323206098482 0.029056111481134097 0.47147397596619878 1.2712291456301661 0.13768342238816084 1.2243660256490105 -0.12419709037728807 1.4937829109316421 0.96234796013025414 0.21428563338100928 0.45369584908501492 -0.28158938794355914 0.57192881195897105 -0.176007528961313
leaf_weight=30564.770000815392 242.09842813014984 19385.36692482233 1279.4194547533989 109.39637619256973 27214.889938414097 1211.7115861773491 10574.095705211163 810.80052495002747 1003.649905860424 5739.10030990839 2637.0556089282036 114.61954915523529 146.53876262903214 1459.5051784515381
leaf_count=36523 117 21376 1560 93 19737 732 13439 598 542 5175 1871 120 105 321
internal_value=-0.00034543 0.000969544 0.000496204 0.00320422 0.000349099 0.0056544 -0.000385581 0.00113651 0.00971854 0.0015209 0.00431952 0.00656426 0.00907775 0.00124173
internal_weight=102493 71928.2 59379.2 12549.1 57985.2 5094.52 29959.5 28025.7 1245.75 7454.54 3848.77 1394.04 255.935 7198.61
internal_count=102309 65786 56830 8956 55150 3262 34815 20335 659 5694 2603 1680 198 5496
is_linear=0
shrinkage=0.0386495


Tree=7
num_leaves=15
num_cat=0
split_feature=41 32 29 49 12 52 6 34 3 1 40 13 45 25
split_gain=275.057 49.6449 40.3746 31.0897 27.7079 18.3082 12.7889 12.5866 12.3041 11.935 8.43124 7.69369 7.29871 6.46079
threshold=1.0000000180025095e-35 49.500000000000007 28.002732276916507 1.5000000000000002 -0.46633283793926233 1.0000000180025095e-35 -5.4532411098480216 71.344646453857436 -14.892063617706297 -3.7028359174728389 10.817419528961183 1.4817777276039126 1.0000000180025095e-35 0.10424640774726869
decision_type=2 2 2 2 2 2 2 2 2 2 2 2 2 2
left_child=1 2 7 5 8 9 -6 -1 -4 -3 -2 -7 -5 -9
right_child=10 3 4 12 6 11 -8 13 -10 -11 -12 -13 -14 -15
leaf_value=0.041147307239409445 -0.42662257625550715 0.14148028980012778 1.2829745044510954 0.50781433555152611 0.69644922783241336 0.5247848422535718 0.27670032816273549 0.83207499483552028 0.53573692226670533 -0.042387661845150401 6.9015623407105124 0.034486028643520586 -0.41669686312563825 3.2464691594141541
leaf_weight=8842.1691730618477 31526.983289599419 7274.5000912547112 1658.7494340538979 1200.8642788529396 2048.9088420271873 4305.7895527482033 4653.5918244719505 347.24475741386414 2736.5039006471634 34825.287395298481 135.94952648878098 2785.1439368128777 113.0840750336647 38.248176634311676
leaf_count=9800 35990 5609 1009 1488 784 3943 1880 395 2189 36782 48 2256 118 18
internal_value=-0.000393309 0.000944732 0.00255795 0.000294277 0.00412949 0.000136226 0.00255016 0.000661143 0.00652244 -0.000168547 -0.00338821 0.00195342 0.00615802 0.00748667
internal_weight=102493 70830.1 20325.4 50504.7 11097.8 49190.7 6702.5 9227.66 4395.25 42099.8 31662.9 7090.93 1313.95 385.493
internal_count=102309 66271 16075 50196 5862 48590 2664 10213 3198 42391 36038 6199 1606 413
is_linear=0
shrinkage=0.0386495


Tree=8
num_leaves=15
num_cat=0
split_feature=41 32 29 22 49 52 11 16 34 34 16 35 33 16
split_gain=270.317 45.9519 37.6385 27.7746 27.068 17.1807 13.1472 12.9098 10.4973 8.98132 8.72816 6.82002 5.10941 4.92722
threshold=1.0000000180025095e-35 49.500000000000007 28.002732276916507 0.36530296504497534 1.5000000000000002 1.0000000180025095e-35 5.1694219112396249 -0.25424751639366144 71.344646453857436 16.573781967163089 -3.498293280601501 1196.0657348632815 78.911540985107436 -1.4938820600509641
decision_type=2 2 2 2 2 2 2 2 2 2 2 2 2 2
left_child=1 2 8 6 5 7 -4 -3 -1 -5 -2 -7 -10 -12
right_child=10 4 3 9 -6 11 -8 -9 12 -11 13 -13 -14 -15
leaf_value=0.039556982614940478 -0.41013380860842985 0.029832286841438453 0.87503899166032573 0.59979341848072565 0.41028388384360442 0.35201043147356126 -0.073267030552298204 -0.10702549553373818 0.14160275439555267 0.096009066076755883 0.093376486021720564 -0.3037223254316686 1.508643695357059 -0.18780242499659744
leaf_weight=8842.1691730618477 29516.243534386158 30095.435902655125 3674.9093141555786 4936.1152583956718 1313.9483538866043 6493.7425611615181 347.20447474718094 12004.351583898067 146.91410166025162 2139.5249539017677 953.68536823987961 597.19092839956284 238.57883238792419 1193.003913462162
leaf_count=9800 35602 28373 2716 1914 1606 5885 230 14018 175 1002 255 314 238 181
internal_value=-0.000420711 0.00090574 0.0024578 0.00397518 0.000279898 0.000132342 0.00654819 -0.000162858 0.000626164 0.00250294 -0.00338968 0.0018927 0.00686066 -0.000971737
internal_weight=102493 70830.1 20325.4 11097.8 50504.7 49190.7 4022.11 42099.8 9227.66 7075.64 31662.9 7090.93 385.493 2146.69
internal_count=102309 66271 16075 5862 50196 48590 2946 42391 10213 2916 36038 6199 413 436
is_linear=0
shrinkage=0.0386495


Tree=9
num_leaves=15
num_cat=0
split_feature=41 18 32 49 37 3 37 5 5 50 32 16 43 29
split_gain=262.536 41.4823 23.5918 23.1912 19.4877 13.2172 12.7162 12.3802 10.3414 9.865 9.41634 8.72816 9.70555 7.61037
threshold=1.0000000180025095e-35 -0.045451831072568886 28.500000000000004 1.5000000000000002 0.39774259924888616 -13.244138240814207 -0.84443548321723927 -10.377129077911375 -32.528430938720696 1.0000000180025095e-35 113.50000000000001 -3.498293280601501 -0.60785761475563038 831.12997436523449
decision_type=2 2 2 2 2 2 2 2 2 2 2 2 2 2
left_child=1 2 5 4 8 9 7 -4 -3 -1 -8 -2 -13 -7
right_child=11 3 6 -5 -6 13 10 -9 -10 -11 -12 12 -14 -15
leaf_value=1.7755518697192494 -0.39428232429714227 0.6056514316601006 1.072130828902065 0.37748309535138153 0.23762296549932829 0.4399380741239356 0.33542476817475797 0.65725559542807865 -0.0092625077711647637 -5.2851113301937511 -0.011892488984883527 4.3738970059693481 -0.14010429675071534 1.1223488938122586
leaf_weight=1046.2254987359047 29516.243534386158 1772.6931603550911 166.32384538650513 1415.0566998124123 8080.466638147831 2086.5637784600258 5162.7053405046463 381.85801368951797 47012.812783718109 77.145061373710632 3493.5581337213516 152.3079828619957 1994.3812988400459 134.67648440599442
leaf_count=569 35602 1125 120 1692 7292 1566 3238 323 47206 34 3076 51 385 30
internal_value=-0.000463769 0.000843433 0.00285972 0.00040821 0.000285418 0.00564735 0.00183947 0.00756323 -4.61327e-06 0.00910102 0.00146864 -0.00338968 -0.000971737 0.003868
internal_weight=102493 70830.1 12549.1 58281 56866 3344.61 9204.45 548.182 48785.5 1123.37 8656.26 31662.9 2146.69 2221.24
internal_count=102309 66271 8956 57315 55623 2199 6757 443 48331 603 6314 36038 436 1596
is_linear=0
shrinkage=0.0386495


Tree=10
num_leaves=15
num_cat=0
split_feature=7 1 5 16 29 29 36 4 16 9 49 54 10 15
split_gain=267.635 36.8951 26.7357 20.8702 15.4538 14.8796 12.5807 11.5319 11.3687 11.1713 10.759 10.1195 10.0421 9.37114
threshold=1.0000000180025095e-35 -4.9158039093017569 -10.377129077911375 -0.45689007639884943 52.639320373535163 182.57653808593753 0.83317095041275036 13.179415225982668 -0.53358298540115345 0.054951114580035217 1.5000000000000002 0.2210781127214432 0.0095567270182073134 -21.639245986938473
decision_type=2 2 2 2 2 2 2 2 2 2 2 2 2 2
left_child=-1 2 4 6 -2 13 10 -7 -8 -4 -3 -11 -6 -5
right_child=1 3 9 5 12 7 8 -9 -10 11 -12 -13 -14 -15
leaf_value=-0.37904349261189285 0.36730329771398523 0.090341886132922544 0.39224557199459348 0.54553398847187784 1.1233949213940642 0.79685180756336993 0.63638231978192583 -0.59319875405214051 18.606179646627865 0.28899640733575371 0.55288945916008803 -0.26332183264934844 1.1531053087204497 -0.07863965661180683
leaf_weight=30513.454080879688 1553.3289248347282 35833.768802046776 4739.0209096074104 809.21552258729935 226.01936095952988 860.79423087835312 1638.052754342556 280.96367734670639 40.193411111831665 2356.266104221344 835.65604990720749 1412.8973515033722 1525.280940413475 19384.77005314827
leaf_count=36455 1565 32303 3803 643 160 200 1321 42 19 1068 999 580 736 22105
internal_value=-0.000414435 0.000878226 0.00285255 0.000486405 0.00580922 -0.000480657 0.00102596 0.00379988 0.00430516 0.00169626 0.000874078 0.000109666 0.00831555 -0.000725899
internal_weight=102010 71496.2 11812.8 59683.4 3304.63 21335.7 38347.7 1141.76 1678.25 8508.18 36669.4 3769.16 1751.3 20194
internal_count=101999 65544 7912 57632 2461 22990 34642 242 1340 5451 33302 1648 896 22748
is_linear=0
shrinkage=0.0386495


Tree=11
num_leaves=15
num_cat=0
split_feature=16 16 12 33 12 29 10 28 35 16 33 42 23 34
split_gain=253.095 35.3552 28.6093 21.0769 24.2335 19.1936 15.3111 13.5437 13.464 11.0703 10.4856 9.12835 9.91188 8.86535
threshold=-3.498293280601501 -1.1417810916900633 -0.62096670269966114 43.883333206176765 -0.46633283793926233 182.57653808593753 0.15460559725761416 37.502887725830085 48.624279022216804 1.106745779514313 7.4833333492279062 1.0000000180025095e-35 0.14288789033889773 179.51711273193362
decision_type=2 2 2 2 2 2 2 2 2 2 2 2 2 2
left_child=2 3 8 4 10 11 -6 9 -1 -7 -2 12 -3 -5
right_child=1 5 -4 13 6 7 -8 -9 -10 -11 -12 -13 -14 -15
leaf_value=0.80838607628367065 1.836937176069827 -0.077563192048289709 -0.3643936348086082 0.10397017650966932 0.19192094846219343 0.27253252586727322 0.64013991053559138 -0.68299003508288814 0.01031583162649272 1.0043147572518436 0.56888950686252959 -0.14331320992479474 0.054662832104149635 0.51232121233631889
leaf_weight=308.53528708219528 348.5199898481369 9326.8254689574242 32452.079086363316 23874.385726630688 4648.0800669193268 1192.8543290495872 550.47769820690155 474.7571114897728 557.45403146743774 584.06424909830093 2066.3257381916046 4140.6494634747505 16660.841994404793 4823.8319326043129
leaf_count=205 203 12873 37198 21201 3004 295 121 73 559 154 1632 1765 18306 4410
internal_value=-0.000463916 0.000876192 -0.00322843 0.00170421 0.00351592 -5.06255e-05 0.00201245 0.00338767 0.00366615 0.00494649 0.0067242 -0.000309722 -3.88502e-05 0.00122135
internal_weight=102010 68691.6 33318.1 36311.6 7613.4 32380 5198.56 2251.68 865.989 1776.92 2414.85 30128.3 25987.7 28698.2
internal_count=101999 64037 37962 30571 4960 33466 3125 522 764 449 1835 32944 31179 25611
is_linear=0
shrinkage=0.0386495


Tree=12
num_leaves=15
num_cat=0
split_feature=7 32 29 16 12 2 33 16 52 31 12 13 40 0
split_gain=254.392 29.398 23.3097 21.3874 16.9166 14.0665 11.1406 10.6795 10.9726 9.75403 7.91382 6.73249 13.2711 5.82865
threshold=1.0000000180025095e-35 49.500000000000007 22.499552726745609 -0.53358298540115345 -1.1781969666481016 -12.838754653930662 81.880702972412124 -3.498293280601501 1.0000000180025095e-35 59.500000000000007 -0.77564582228660572 1.2054793238639834 -9.2576575279235822 48.652999877929695
decision_type=2 2 2 2 2 2 2 2 2 2 2 2 2 2
left_child=-1 2 6 7 5 -4 -2 10 -9 -8 -3 -5 -13 -6
right_child=1 3 4 11 13 -7 9 8 -10 -11 -12 12 -14 -15
leaf_value=-0.35030998731585433 0.014372553504771041 0.35746979387695155 1.3800833696822203 -0.14320044101243665 0.4902427645962622 0.46011243480206826 0.52536368781205101 0.064832770049656138 0.41380915889313302 0.41248288533007355 -0.49810894219600022 0.88600450468086567 -0.020171432039739548 -0.21883728722057227
leaf_weight=30513.454080879688 7638.6362333297729 334.08653599023819 529.78638255596161 8436.1476091146469 9980.1438356041908 955.43594080209732 107.90852105617523 26975.191807329655 5635.4494848251343 234.63389670848846 1828.7423310279846 62.032579898834229 8325.7850223779678 452.2479122877121
leaf_count=36455 8621 295 429 8006 4986 1066 84 25690 4844 227 759 50 10158 329
internal_value=-0.000492181 0.000768062 0.00203046 0.00028003 0.00311358 0.00699347 0.000405487 0.00082819 0.00100379 0.007206 -0.00179114 -0.000849483 -6.6813e-05 0.00255443
internal_weight=102010 71496.2 19898.8 51597.4 11917.6 1485.22 7981.18 34773.5 32610.6 342.542 2162.83 16824 8387.82 10432.4
internal_count=101999 65544 15742 49802 6810 1495 8932 31588 30534 311 1054 18214 10208 5315
is_linear=0
shrinkage=0.0386495


Tree=13
num_leaves=15
num_cat=0
split_feature=8 1 5 49 23 31 16 38 16 8 54 20 20 45
split_gain=247.091 32.0362 19.874 16.3663 17.8549 13.9935 12.1855 10.9285 10.2461 9.49587 9.33614 8.90216 5.49061 4.92441
threshold=1.0000000180025095e-35 -4.9158039093017569 -10.377129077911375 1.5000000000000002 0.1386688053607941 49.500000000000007 -2.9141628742218013 -0.24492253363132474 0.52502429485321056 0.021469695493578914 0.2210781127214432 39.140926361083991 62.690198898315437 1.0000000180025095e-35
decision_type=2 2 2 2 2 2 2 2 2 2 2 2 2 2
left_child=-1 2 5 4 8 6 -2 -6 -3 11 -11 -4 -7 -5
right_child=1 3 9 13 7 12 -8 -9 -10 10 -12 -13 -14 -15
leaf_value=-0.33677066636383246 1.3267437780084383 -0.024923622202544616 0.24835006321036276 0.43050065961574274 0.002641117483276762 0.11330126608268885 1.1706980418984143 0.1455239791113645 -0.17966322559934783 0.29071579209536552 -0.20932424615304215 1.3007048505244212 0.92208502780408375 -0.22825069003359777
leaf_weight=29176.540415287018 478.22805178165436 10427.760272741318 3344.6118133664131 1330.0792106986046 23260.55403059721 1429.6211838126183 1217.6156494617462 21655.130420446396 4229.7105814814568 2835.9806261062622 1931.8147550821304 395.77717077732086 179.16434115171432 117.09365099668503
leaf_count=35581 268 12175 2806 1632 19235 1259 816 19758 5575 1441 910 294 118 131
internal_value=-0.000519456 0.000683828 0.00252668 0.000326052 0.000226297 0.0050772 0.00754198 0.000609313 -0.000943368 0.00152827 0.000370366 0.00298775 0.00243692 0.0043865
internal_weight=102010 72833.1 11812.8 61020.3 59573.2 3304.63 1695.84 44915.7 14657.5 8508.18 4767.8 3740.39 1608.79 1447.17
internal_count=101999 66418 7912 58506 56743 2461 1084 38993 17750 5451 2351 3100 1377 1763
is_linear=0
shrinkage=0.0386495


Tree=14
num_leaves=15
num_cat=0
split_feature=7 23 31 12 23 0 5 9 42 36 25 27 5 23
split_gain=244.714 30.2673 16.8444 19.646 14.1663 14.052 12.7173 12.5516 17.5774 7.07779 5.54095 4.85152 4.49768 2.74974
threshold=1.0000000180025095e-35 0.21952228993177417 49.500000000000007 -0.65789130330085743 1.1566997766494753 2.461499929428101 -9.0495290756225568 0.034816436469554908 1.0000000180025095e-35 1.5739262104034426 -1.3844031343523963e-07 0.047275798395276077 10.001590251922609 0.12657687067985537
decision_type=2 2 2 2 2 2 2 2 2 2 2 2 2 2
left_child=10 5 3 4 -3 11 -5 9 -9 -4 -1 12 -2 -7
right_child=1 2 7 6 -6 13 -8 8 -10 -11 -12 -13 -14 -15
leaf_value=-0.32375463398044796 0.0025675864316150742 0.51019290029792685 0.19059235447240136 0.87547885878242648 1.218950087373714 -0.17351127813828862 0.21797400611955228 0.070662449683391346 -0.45227937328064977 0.54236106874927403 -0.32375463398044796 0.58012181555311804 0.20010043185498907 -0.074007169656343366
leaf_weight=7093.6094206571579 22791.7925786376 3265.3446452021599 12159.246440052986 2504.3652811050415 326.69181078672409 3278.4127722382545 9650.5474634766579 9294.7700564861298 2451.7000249028206 89.019801378250122 23419.84466022253 32.876388430595398 2366.3873660564423 3285.0734641551971
leaf_count=6038 25550 2952 11285 1162 126 4297 5802 6366 831 47 30417 12 2804 4310
internal_value=-0.00054808 0.000687934 0.00139893 0.00238278 0.00490149 -0.000200099 0.00163299 0.000750695 -0.00014745 0.00161666 -0.00344594 0.000212885 0.000190565 -0.00179357
internal_weight=102010 71496.2 39741.7 15746.9 3592.04 31754.5 12154.9 23994.7 11746.5 12248.3 30513.5 25191.1 25158.2 6563.49
internal_count=101999 65544 28571 10042 3078 36973 6964 18529 7197 11332 36455 28366 28354 8607
is_linear=0
shrinkage=0.0386495


Tree=15
num_leaves=15
num_cat=0
split_feature=7 18 52 31 3 40 38 49 16 38 20 25 5 42
split_gain=230.179 30.437 18.5091 18.4409 10.7941 11.3219 10.0528 9.60468 9.06499 6.83027 9.58196 5.74689 5.68703 4.94719
threshold=1.0000000180025095e-35 -0.037731315940618508 1.0000000180025095e-35 25.500000000000004 -17.371227264404293 -3.9389473199844356 0.040920976549386985 1.5000000000000002 -0.45689007639884943 0.040920976549386985 62.690198898315437 -1.3844031343523963e-07 62.073150634765632 1.0000000180025095e-35
decision_type=2 2 2 2 2 2 2 2 2 2 2 2 2 2
left_child=11 3 7 4 5 -2 12 8 -3 10 -5 -1 -4 -11
right_child=1 2 6 9 -6 -7 -8 -9 -10 13 -12 -13 -14 -15
leaf_value=-0.31124166530161507 0.88353388740823136 0.024173521206478383 0.1170635968552752 0.19648965722835332 0.56158368212051557 1.9299961119317641 0.62153921411802093 0.2807045906661455 -0.071255287825539776 0.12708576394884286 0.87422294026658609 -0.31124166530161507 1.3521022084901866 -0.2059976083391947
leaf_weight=6989.9585590362549 423.09863919019699 28569.136161804199 5975.1640658378601 6421.9131017923355 2620.6143452525139 376.12474083900452 2513.1219389438629 1098.1869947314262 18415.579550921917 3270.4186258912086 560.63985151052475 23464.267332017422 261.40954422950745 1224.9902455806732
leaf_count=5977 219 25787 5011 5257 1905 201 2480 1391 20061 2792 299 30374 171 323
internal_value=-0.000613814 0.000580751 0.000171993 0.00213597 0.00463369 0.0086101 0.00180728 -0.000124439 -0.000209181 0.00138605 0.00214325 -0.00342919 0.000962666 0.000196599
internal_weight=102185 71730.4 56832.6 14897.8 3419.84 799.223 8749.7 48082.9 46984.7 11478 6982.55 30454.2 6236.57 4495.41
internal_count=102248 65897 54901 10996 2325 420 7662 47239 45848 8671 5556 36351 5182 3115
is_linear=0
shrinkage=0.0386495


Tree=16
num_leaves=15
num_cat=0
split_feature=7 23 32 22 23 5 16 5 16 13 10 29 18 33
split_gain=224.031 28.6842 23.4593 23.6004 16.3913 13.6596 12.1264 12.0906 11.5994 10.3354 8.45397 7.44081 7.00147 6.66342
threshold=1.0000000180025095e-35 0.31130290031433111 31.500000000000004 0.37751579284667974 1.6339424252510073 19.351019859313968 -3.0737084150314327 -10.377129077911375 1.106745779514313 5.6551811695098886 0.0064951353706419477 52.639320373535163 0.19110786914825442 452.61666870117193
decision_type=2 2 2 2 2 2 2 2 2 2 2 2 2 2
left_child=-1 5 3 11 6 8 -4 -6 13 -7 -11 -3 -5 -2
right_child=1 2 4 12 7 9 -8 -9 -10 10 -12 -13 -14 -15
leaf_value=-0.29921231714500429 0.035413023320285036 0.30943777645355336 1.1153100983895692 0.48725638786716119 0.28935639798389556 0.26635634444392109 0.15893595615079392 -0.17365242421520805 -0.11466615503050431 0.71978573942653934 0.17456156953625612 1.2505825169042606 -0.33994161580946319 -0.086475904205084872
leaf_weight=30454.225891053677 25944.631679594517 972.18117564916611 2034.9689974188805 5167.6047294139862 939.99424856901169 1582.0976346731186 12516.833462774754 5499.8832562565804 7056.4894685745239 74.334097743034363 88.093781054019928 1944.0446677207947 897.4152095913887 7011.8253974914551
leaf_count=36351 29071 893 1542 2951 226 1722 9645 1200 8934 27 38 992 406 8250
internal_value=-0.000651687 0.000526799 0.00143917 0.00309402 0.000728155 -0.000126737 0.00144808 -0.000889568 -0.0002741 0.00321646 0.0125188 0.00595819 0.00170579 2.87034e-05
internal_weight=102185 71730.4 29972.9 8981.25 20991.7 41757.5 14551.8 6439.88 40012.9 1744.53 162.428 2916.23 6065.02 32956.5
internal_count=102248 65897 17855 5242 12613 48042 11187 1426 46255 1787 65 1885 3357 37321
is_linear=0
shrinkage=0.0386495


Tree=17
num_leaves=15
num_cat=0
split_feature=7 1 32 52 0 22 5 23 1 36 49 25 13 5
split_gain=218.886 26.8681 16.1681 14.9484 14.7538 13.3229 10.2061 8.76746 7.89215 6.42252 6.00886 5.85609 4.65693 7.42334
threshold=1.0000000180025095e-35 -4.0450160503387442 133.50000000000003 1.0000000180025095e-35 0.055250000208616264 0.35295087099075323 -17.856905937194821 0.1386688053607941 13.346055984497072 -0.93130770325660694 1.5000000000000002 -1.3844031343523963e-07 1.1723701357841494 62.073150634765632
decision_type=2 2 2 2 2 2 2 2 2 2 2 2 2 2
left_child=11 2 4 7 5 -2 -6 10 -9 -4 -3 -1 -5 -14
right_child=1 3 9 12 6 -7 -8 8 -10 -11 -12 -13 13 -15
leaf_value=-0.28764789779839944 1.5360166223824483 -0.084670391283719615 0.70050640505948869 0.55447723196205134 0.92442540565643516 0.75769356722300274 0.21882696162523249 0.047198779914729261 -0.41912404601436387 -0.04917884851847075 0.17105723117430158 -0.28764789779839944 0.078090349140312085 1.3066537727310867
leaf_weight=6989.9585590362549 817.16361886262894 13112.130599737167 82.346854567527771 3948.1212796568871 1309.6030962467194 798.97403967380524 7062.8287107944489 32581.739997506142 2778.4843388199806 3663.9921756386757 598.72356998920441 23464.267332017422 4862.7307521700859 113.55877286195755
leaf_count=5977 526 16176 83 3600 923 418 4725 29837 1265 3296 839 30374 4148 61
internal_value=-0.000681108 0.000483753 0.00202096 0.000118644 0.00283319 0.00623163 0.00216894 -0.000144913 0.0001754 -0.000129527 -0.000975132 -0.00342652 0.00157402 0.000770403
internal_weight=102185 71730.4 13734.9 57995.5 9988.57 1616.14 8372.43 49071.1 35360.2 3746.34 13710.9 30454.2 8924.41 4976.29
internal_count=102248 65897 9971 55926 6592 944 5648 48117 31102 3379 17015 36351 7809 4209
is_linear=0
shrinkage=0.0386495


Tree=18
num_leaves=15
num_cat=0
split_feature=16 52 24 32 16 29 32 42 16 32 35 35 16 35
split_gain=208.071 23.9972 22.828 16.6688 15.4517 10.8339 8.36952 7.43021 7.39395 11.5835 17.2538 8.10416 17.0786 6.50292
threshold=-3.498293280601501 1.0000000180025095e-35 49.999616622924812 28.500000000000004 -1.012664198875427 28.002732276916507 107.50000000000001 1.0000000180025095e-35 -2.9907571077346797 107.50000000000001 689.67239379882824 4.7085537910461435 -1.7189747691154478 32.99365425109864
decision_type=2 2 2 2 2 2 2 2 2 2 2 2 2 2
left_child=2 3 13 5 6 -2 -5 -6 9 10 -3 12 -10 -1
right_child=1 8 -4 4 7 -7 -8 -9 11 -11 -12 -13 -14 -15
leaf_value=0.51352312139884371 0.021066206650092449 1.188233455451555 -0.2765304379757213 0.15945534410298734 -0.040525648376078846 0.55884095721431182 -0.0095781453569706715 -0.17067925374164272 2.0813510030177649 0.21571978142287832 4.3972341179211645 0.22002094827085333 -0.42216485265172304 -0.08475480479839434
leaf_weight=463.39970934391022 3355.8992919921875 1162.4499043822289 31951.427994847298 12618.139545500278 19358.214326798916 4835.4051315784454 14178.4170114398 3441.0322624444962 117.78465217351913 879.69734448194504 56.076051652431488 8800.1654670834541 87.006669223308563 879.50833463668823
leaf_count=227 3686 824 36948 8030 23824 2388 15419 1473 61 909 9 7703 43 704
internal_value=-0.000705718 0.000506014 -0.00321457 0.00018869 -7.69834e-05 0.00180396 0.000550968 -0.000817558 0.002152 0.00423549 0.00667902 0.00165926 0.00927681 0.00169099
internal_weight=102185 68890.3 33294.3 57787.1 49595.8 8191.3 26796.6 22799.2 11103.2 2098.22 1218.53 9004.96 204.791 1342.91
internal_count=102248 64369 37879 54820 48746 6074 23449 25297 9549 1742 833 7807 104 931
is_linear=0
shrinkage=0.0386495


Tree=19
num_leaves=15
num_cat=0
split_feature=7 31 29 7 22 33 1 5 3 42 32 6 25 4
split_gain=211.79 22.7847 18.7316 12.7995 11.8144 11.3278 8.69923 8.64193 8.56659 7.56769 7.45361 6.0261 5.95408 5.50379
threshold=1.0000000180025095e-35 31.500000000000004 33.339584350585945 0.045139992609620101 0.37751579284667974 81.880702972412124 -4.9158039093017569 4.831005573272706 -17.371227264404293 1.0000000180025095e-35 107.50000000000001 50.014417648315437 -1.3844031343523963e-07 -26.895245552062985
decision_type=2 2 2 2 2 2 2 2 2 2 2 2 2 2
left_child=12 2 5 6 8 -2 10 -8 -4 13 -3 -6 -1 -5
right_child=1 3 4 9 11 -7 7 -9 -10 -11 -12 -13 -14 -15
leaf_value=-0.26584266289558728 0.017991526141443646 0.3996136707058876 1.4136661685969105 0.24308474191790158 0.55883092417268643 1.5689432604517106 -0.011704204864356631 0.16293730695345787 0.48499732172384807 -0.26929377314813119 0.046026031331213524 -0.7932770812586134 -0.26584266289558728 -0.059147768741515144
leaf_weight=6989.9585590362549 6192.3052602410316 3042.8428068757057 1066.8591469526291 487.3227196931839 3174.0030065774918 150.95911866426468 28761.531021237373 9650.2151673436165 1769.235487818718 2451.7213488817215 2546.5639804601669 323.10455173254013 23464.267332017422 12113.734190046787
leaf_count=5977 6310 2025 585 225 1363 141 28858 10058 1224 845 2414 106 30374 11743
internal_value=-0.000722485 0.000423317 0.0019102 0.000103109 0.00339803 0.000414984 0.000436793 0.000227725 0.00526251 -0.000868368 0.00186259 0.00186726 -0.00342301 -0.000480356
internal_weight=102185 71730.4 12676.5 59053.9 6333.2 6343.26 44001.2 38411.7 2836.09 15052.8 5589.41 3497.11 30454.2 12601.1
internal_count=102248 65897 9729 56168 3278 6451 43355 38916 1809 12813 4439 1469 36351 11968
is_linear=0
shrinkage=0.0386495


Tree=20
num_leaves=15
num_cat=0
split_feature=8 1 37 51 16 29 35 35 1 4 31 11 23 29
split_gain=202.042 21.8146 14.6042 12.909 10.6261 15.6208 9.18219 9.05471 10.4485 7.32852 6.36572 4.61775 4.24699 3.96609
threshold=1.0000000180025095e-35 -7.9082906246185294 0.59786707162857067 1.0000000180025095e-35 -0.20028206706047055 182.57653808593753 14.666572093963625 4.7085537910461435 -17.371451377868649 -5.6843996047973624 49.500000000000007 1.0000000180025095e-35 3.2683293819427495 42.255369186401374
decision_type=2 2 2 2 2 2 2 2 2 2 2 2 2 2
left_child=11 3 4 7 6 -6 -3 8 -2 10 -5 -1 -4 -11
right_child=1 2 12 9 5 -7 -8 -9 -10 13 -12 -13 -14 -15
leaf_value=-0.25556796543902238 1.6369975821010514 0.23156442484797968 0.3110157618356249 1.3723996717885301 -0.085081002962206026 0.47738902585535253 0.017568759967015225 0.64311402649146621 -0.036092567716952531 0.28379950204288229 0.039666814878385484 -0.25556796543902238 -0.29029671752513958 -0.25110599773873837
leaf_weight=24990.803514957428 98.830421209335327 5348.2243915200233 5099.9065278172493 1053.8401852250099 17186.603291988373 1078.8070319890976 37087.546595096588 1638.9652526974678 90.089573502540588 1007.2466916441917 968.50581949949265 4072.6545072793961 476.31653821468353 2045.6208377480507
leaf_count=32397 40 3752 4723 617 19225 228 34546 1264 46 791 656 3124 105 578
internal_value=-0.000686806 0.000395237 0.000178902 0.00246324 4.02725e-06 -0.000774397 0.000340467 0.00525869 0.0133804 0.00144334 0.00324884 -0.00341318 0.00207147 0.000226982
internal_weight=102244 73180.5 66277.4 6903.1 60701.2 18265.4 42435.8 1827.89 188.92 5075.21 2022.35 29063.5 5576.22 3052.87
internal_count=102092 66571 62579 3992 57751 19453 38298 1350 86 2642 1273 35521 4828 1369
is_linear=0
shrinkage=0.0386495


Tree=21
num_leaves=15
num_cat=0
split_feature=8 52 32 49 4 18 14 18 18 26 8 27 27 16
split_gain=197.712 19.9621 12.7546 11.9775 11.9155 10.1237 9.61167 7.04979 5.66324 5.30726 5.00454 6.83989 4.85705 4.93429
threshold=1.0000000180025095e-35 1.0000000180025095e-35 49.500000000000007 1.5000000000000002 -5.6843996047973624 -0.082385264337062822 0.54417505860328685 -0.1908149719238281 0.19110786914825442 -3.2586838116799293e-08 0.035346012562513358 -0.0080156256444752199 -0.014302591793239115 -3.0737084150314327
decision_type=2 2 2 2 2 2 2 2 2 2 2 2 2 2
left_child=9 2 4 6 7 12 -4 -2 -6 -1 11 -7 -3 -14
right_child=1 5 3 -5 8 10 -8 -9 -10 -11 -12 -13 13 -15
leaf_value=-0.2456903803446121 1.3565947487074421 3.3045426400736129 -0.068638877719479602 0.26556396129600995 0.10226437156116837 0.19827401033279829 0.0447554814447211 0.31564074510494167 -0.67603582696237297 -0.2456903803446121 -0.043939244182911147 0.30315929414732168 1.4247065126721599 0.46671444356460784
leaf_weight=6265.6463797092438 453.98045593500137 41.125550448894501 31278.70266109705 1113.4216178655624 9707.049925506115 71.213620364665985 12540.273059368134 4817.4768171310425 974.91285729408264 22797.81164252758 2255.1468906998634 8442.2414709925652 429.73395371437073 1055.2242777347565
leaf_count=5783 187 27 28465 1407 7962 51 14018 3601 348 29738 1757 7651 353 744
internal_value=-0.000716202 0.000354167 6.63084e-05 -0.000266001 0.0010058 0.00177474 -0.000367864 0.00251031 0.000257582 -0.00341318 0.00134915 0.00177876 0.00473424 0.00430451
internal_weight=102244 73180.5 60885.8 44932.4 15953.4 12294.7 43819 5271.46 10682 29063.5 10768.6 8513.46 1526.08 1484.96
internal_count=102092 66571 55988 43890 12098 10583 42483 3788 8310 35521 9459 7702 1124 1097
is_linear=0
shrinkage=0.0386495


Tree=22
num_leaves=15
num_cat=0
split_feature=8 52 37 49 29 18 35 26 16 8 27 35 16 8
split_gain=194.245 16.9768 12.0489 9.39634 9.25339 8.69986 5.38783 5.30726 4.23909 4.1958 6.50341 4.37933 3.93201 5.743
threshold=1.0000000180025095e-35 1.0000000180025095e-35 0.59786707162857067 1.5000000000000002 14.95292377471924 -0.12589920312166211 4.7085537910461435 -3.2586838116799293e-08 -2.7143269777297969 0.035346012562513358 -0.0080156256444752199 68.537250518798842 -0.45689007639884943 0.31796894967556005
decision_type=2 2 2 2 2 2 2 2 2 2 2 2 2 2
left_child=7 2 3 4 -2 6 -3 -1 -8 10 -7 -11 13 -4
right_child=1 5 12 -5 -6 9 8 -9 -10 11 -12 -13 -14 -15
leaf_value=-0.23619455940100101 -0.055913194350610179 1.687622202861486 0.29556193548019155 0.25367526689518438 0.041645762990348147 0.19061081042545508 1.2990692804757158 -0.23619455940100101 0.30169157528595053 0.20603443411761629 0.29147131700548451 -0.30344019799722283 0.05839917285871022 0.29099367575668578
leaf_weight=6265.6463797092438 26595.730442047119 58.354787170886993 2816.6285489201546 1277.7888290882111 28408.037910282612 75.896474897861481 461.28283202648163 22797.81164252758 366.20487254858017 1226.5298209190369 8965.3096796274185 1141.1072967648506 1624.7290649414062 162.90259891748428
leaf_count=5783 30025 23 2234 1538 20706 55 337 29738 233 1222 8094 619 1458 27
internal_value=-0.000739966 0.000320965 5.54288e-05 -9.91285e-05 -0.000176295 0.00163102 0.00533867 -0.00341318 0.00441716 0.00133717 0.00171674 -8.80432e-05 0.00195652 0.00279343
internal_weight=102244 73180.5 60885.8 56281.6 55003.8 12294.7 885.842 29063.5 827.488 11408.8 9041.21 2367.64 4604.26 2979.53
internal_count=102092 66571 55988 52269 50731 10583 593 35521 570 9990 8149 1841 3719 2261
is_linear=0
shrinkage=0.0386495


Tree=23
num_leaves=15
num_cat=0
split_feature=9 52 23 5 28 23 1 49 5 35 26 11 13 5
split_gain=189.519 15.9369 12.055 15.3333 14.4361 14.0231 8.62529 7.26998 7.28471 5.51265 4.59042 4.45465 3.92469 11.8231
threshold=1.0000000180025095e-35 1.0000000180025095e-35 0.21952228993177417 -4.2774264812469474 30.341218948364261 3.2683293819427495 -11.829627990722654 1.5000000000000002 19.351019859313968 4.7085537910461435 -3.2586838116799293e-08 0.010680563282221557 1.8295034766197207 40.288143157958991
decision_type=2 2 2 2 2 2 2 2 2 2 2 2 2 2
left_child=10 2 7 4 -4 -5 9 8 -2 -3 -1 -11 -8 -14
right_child=1 6 3 5 -6 -7 12 -9 -10 11 -12 -13 13 -15
leaf_value=-0.22706574759819004 -0.057640788853745038 1.6223963758007867 0.1543227029626007 0.080382426414935412 0.90726994275165918 -0.22706574759819004 0.28860396749376194 0.20977040339729738 0.28814801141572144 1.2619779582959707 -0.22706574759819004 0.39454793223021944 -0.043594013848427794 1.8092642747561447
leaf_weight=5478.5485594272614 27691.789144694805 58.354787170886993 10363.875872015953 16801.717869877815 732.04731076955795 4423.9402313232422 8532.417081952095 883.71989905834198 615.8746325969696 233.42175143957138 22737.206320166588 594.06595313549042 3028.0778313279152 68.903935432434082
leaf_count=5260 32300 23 8268 12693 405 787 7924 1217 631 236 29697 334 2273 44
internal_value=-0.00075142 0.000275179 1.84175e-05 0.000533506 0.00169788 -7.25562e-05 0.00153234 -0.000549915 -0.000659427 0.00522521 -0.00344674 0.00429572 0.00124521 4.72462e-05
internal_weight=102244 74028.2 61513 32321.6 11095.9 21225.7 12515.2 29191.4 28307.7 885.842 28215.8 827.488 11629.4 3096.98
internal_count=102092 67135 56301 22153 8673 13480 10834 34148 32931 593 34957 570 10241 2317
is_linear=0
shrinkage=0.0386495


Tree=24
num_leaves=15
num_cat=0
split_feature=8 37 1 16 16 42 52 26 16 37 15 44 2 2
split_gain=191.384 14.8743 11.3052 8.18858 9.5275 6.57234 6.10494 5.30726 5.14015 4.79259 3.75569 3.17441 3.38808 3.03252
threshold=1.0000000180025095e-35 0.43538200855255133 -5.4342422485351554 -0.31129217147827143 -3.498293280601501 1.0000000180025095e-35 1.0000000180025095e-35 -3.2586838116799293e-08 -2.7143269777297969 -0.73393136262893666 -21.639245986938473 0.81174489855766307 -10.869906425476072 1.8732593655586245
decision_type=2 2 2 2 2 2 2 2 2 2 2 2 2 2
left_child=7 2 6 4 -4 -5 9 -1 -8 -2 11 13 -13 -3
right_child=1 10 3 5 -6 -7 8 -9 -10 -11 -12 12 -14 -15
leaf_value=-0.21828976020057486 0.28648470098428569 0.50058681756259416 -0.34933441763394785 -0.045416415595679965 0.051683358468311368 -0.21129478251085124 1.0154232603575204 -0.21828976020057486 0.25044104091444752 0.077111758021564933 0.16674395144039483 -0.14290364672612574 5.8915302439256969 -0.16302869167333206
leaf_weight=6265.6463797092438 640.25568854808807 716.43872648477554 3312.0016801953316 15772.373750686646 33641.319886207581 2322.0492671132088 761.40818428993225 22797.81164252758 971.44757831096649 6327.598714530468 8260.9403091669083 48.530179798603058 144.4964873790741 261.64270544052124
leaf_count=5783 431 483 1715 18526 31428 1013 666 29738 720 3987 7322 28 99 153
internal_value=-0.00075974 0.000293338 8.04115e-05 -0.000123262 0.00020535 -0.000797521 0.00137541 -0.00341318 0.00343824 0.000853238 0.00172598 0.00380305 0.00846663 0.00280813
internal_weight=102244 73180.5 63748.5 55047.7 36953.3 18094.4 8700.71 29063.5 1732.86 6967.85 9432.05 1171.11 193.027 978.081
internal_count=102092 66571 58486 52682 33143 19539 5804 35521 1386 4418 8085 763 127 636
is_linear=0
shrinkage=0.0386495


Tree=25
num_leaves=15
num_cat=0
split_feature=8 52 54 4 34 35 8 24 9 37 5 5 27 8
split_gain=196.261 16.1412 11.874 11.3947 12.4707 10.7599 16.8944 8.52513 6.75233 6.98276 6.2714 4.13411 14.3471 5.59258
threshold=1.0000000180025095e-35 1.0000000180025095e-35 0.12249751016497613 -5.6843996047973624 119.7843475341797 4.7085537910461435 0.053125344216823585 42.40753364562989 0.038039643317461021 0.87561139464378368 -42.347188949584954 62.073150634765632 -0.0063027634751051656 0.035346012562513358
decision_type=2 2 2 2 2 2 2 2 2 2 2 2 2 2
left_child=-1 2 3 7 -5 6 -3 -2 9 -4 -10 13 -13 -7
right_child=1 5 8 4 -6 11 -8 -9 10 -11 -12 12 -14 -15
leaf_value=-0.20985296070610124 0.076259086111866894 1.4852220367224134 -0.0016150778685974974 0.010356721507837492 -3.8194076974738738 0.29742334024598793 6.339034070049741 0.87919560088769633 0.75027678570668244 0.42846497337779682 -0.089648609602482054 1.4202315532250198 0.49352315412661318 -0.083040614875118851
leaf_weight=29306.365932941437 2410.6780132055283 163.64215457439423 27680.295005977154 9906.0746469497681 103.63951826095581 9342.8538279533386 79.785469591617584 2538.0280742645264 342.42106795310974 836.49290543794632 16857.243310987949 88.58624142408371 529.62390369176865 2180.3154162168503
leaf_count=35593 2161 100 29251 7403 81 8347 25 1243 145 865 14958 41 371 1716
internal_value=-0.00077868 0.000292435 3.18948e-05 0.000977893 0.000221336 0.00156396 0.00961724 0.00249576 -0.000276397 8.65523e-05 -0.000881472 0.00139617 0.00450594 0.00122355
internal_weight=102366 73059.7 60674.9 14958.4 10009.7 12384.8 243.428 4948.71 45716.5 28516.8 17199.7 12141.4 618.21 11523.2
internal_count=102300 66707 56107 10888 7484 10600 125 3404 45219 30116 15103 10475 412 10063
is_linear=0
shrinkage=0.0386495


Tree=26
num_leaves=15
num_cat=0
split_feature=16 23 12 24 18 36 16 34 24 49 4 52 24 26
split_gain=192.981 18.1656 17.6423 12.4547 13.8666 13.3677 9.84174 8.06779 11.3206 7.99782 5.27622 4.57166 5.52444 4.47875
threshold=-3.498293280601501 0.19934358447790149 -0.62096670269966114 24.755545616149906 0.12527538836002353 1.1761944293975832 0.52502429485321056 32.997980117797859 38.710224151611335 1.5000000000000002 -36.14793395996093 1.0000000180025095e-35 1.0000000180025095e-35 -3.2586838116799293e-08
decision_type=2 2 2 2 2 2 2 2 2 2 2 2 2 2
left_child=2 6 7 10 9 -6 11 8 -1 -5 -3 12 -2 -4
right_child=1 3 13 4 5 -7 -8 -9 -10 -11 -12 -13 -14 -15
leaf_value=4.3092027465737903 0.13729933894673005 0.58828699153772046 -0.2017422396572888 0.17241737110647512 -0.38935044506589556 1.7165023800400809 -0.1034372689992291 -0.079107019214387453 0.13917830445203014 0.59040035924474876 -0.17404160082146183 0.27649552824994422 -0.021765435290658816 -0.2017422396572888
leaf_weight=115.51185369491577 208.93699097633362 772.60959857702255 7470.5896437764168 33579.082789778709 3254.9584922790527 274.53463864326477 7042.9640013575554 606.95302081108093 149.01283657550812 605.30149471759796 3321.5303154587746 1991.8763743042946 17718.162965714931 25254.020472764969
leaf_count=55 40 414 6295 25863 1627 173 9275 603 112 562 2899 2246 21228 30908
internal_value=-0.000798244 0.000373935 -0.00319926 0.000878806 0.00109939 -0.00119786 -0.00040679 0.002184 0.00779565 0.00133833 -0.0011385 2.94816e-05 -0.000162803 -0.00334451
internal_weight=102366 68770 33596.1 41808 37713.9 3529.49 26961.9 871.478 264.525 34184.4 4094.14 19919 17927.1 32724.6
internal_count=102300 64327 37973 31538 28225 1800 32789 770 167 26425 3313 23514 21268 37203
is_linear=0
shrinkage=0.0386495


Tree=27
num_leaves=15
num_cat=0
split_feature=8 52 54 4 33 17 42 0 28 13 5 33 8 32
split_gain=190.688 13.89 10.1391 8.85661 8.92808 6.9503 8.03633 7.35114 6.82098 6.64893 10.142 8.89119 18.2974 8.45129
threshold=1.0000000180025095e-35 1.0000000180025095e-35 0.12249751016497613 -4.3954143524169913 108.4388885498047 1.0000000180025095e-35 1.0000000180025095e-35 0.03024999983608723 9.8903141021728533 1.1511833667755129 62.073150634765632 7.4833333492279062 0.053125344216823585 43.500000000000007
decision_type=2 2 2 2 2 2 2 2 2 2 2 2 2 2
left_child=-1 2 3 8 -5 7 -7 -4 -2 11 -11 12 -3 -12
right_child=1 9 5 4 -6 6 -8 -9 -10 10 13 -13 -14 -15
leaf_value=-0.19394499427119893 0.069015461292054228 1.4224108805769728 -0.32457067881789703 -0.02172795552129957 0.630403303636204 -0.048013795685688504 -0.18572734734505114 0.010666372941833806 0.55877967000249429 0.052128242291715123 -0.98749012531627089 0.47791852088859177 6.5282612651014569 -0.38644803439605413
leaf_weight=29306.365932941437 2312.2096483707428 274.18199115991592 2361.183763384819 9077.6461859345436 402.08960556983948 9396.447555243969 1873.2787463665009 32085.54222536087 3166.4748128056526 6497.0158989429474 81.091612219810486 5375.3657319545746 77.540639638900757 79.611139535903931
leaf_count=35593 1879 178 1144 6678 347 11946 813 31316 1984 5522 37 4803 19 41
internal_value=-0.000815998 0.000239782 -4.60747e-08 0.000872368 0.000150706 -0.000286794 -0.00111992 -1.24923e-05 0.00210997 0.00141922 0.000576846 0.00238782 0.00837631 0.01012
internal_weight=102366 73059.7 60674.9 14958.4 9479.74 45716.5 11269.7 34446.7 5478.68 12384.8 6657.72 5727.09 351.723 160.703
internal_count=102300 66707 56107 10888 7025 45219 12759 32460 3863 10600 5600 5000 197 78
is_linear=0
shrinkage=0.0386495


Tree=28
num_leaves=15
num_cat=0
split_feature=16 23 12 24 1 16 28 52 16 20 5 13 52 26
split_gain=189.279 15.3281 14.7955 10.3599 12.1011 8.32667 8.09415 6.24433 6.00016 8.74233 4.59339 13.3932 4.42479 3.89095
threshold=-3.498293280601501 0.18841612339019778 -0.35529348254203791 24.755545616149906 13.346055984497072 0.52502429485321056 94.60632705688478 1.0000000180025095e-35 -2.8430203199386592 16.935451507568363 9.1019811630249041 8.9345102310180682 1.0000000180025095e-35 -3.2586838116799293e-08
decision_type=2 2 2 2 2 2 2 2 2 2 2 2 2 2
left_child=2 5 -1 8 6 10 -5 -6 9 -3 12 -12 -2 -4
right_child=1 3 13 4 7 -7 -8 -9 -10 -11 11 -13 -14 -15
leaf_value=0.00083876920330277723 -0.033290637620763758 -0.10649353846192647 -0.18644910885669552 0.14246416547818563 -0.43981165043268855 -0.10077328628546528 1.197050115779738 0.54105337761005501 -0.16129916236951813 0.88589938811632218 0.11879681257047514 0.69493825669801645 0.27741304152640983 -0.18644910885669552
leaf_weight=1891.674852669239 14925.31972682476 324.32637852430344 6890.4990009069443 34862.090140223503 2658.1091555953026 6727.7371410131454 1062.017393052578 887.01325690746307 3747.7641866207123 137.67890185117722 1844.506728887558 89.783878207206726 1503.6107740998268 24813.913974046707
leaf_count=1447 17690 158 5865 27901 1227 8873 549 594 3228 50 2358 29 1670 30661
internal_value=-0.000836935 0.000323928 -0.00321478 0.000761731 0.000956903 -0.0004359 0.00117032 -0.0011888 -0.00105394 0.0030508 -6.51136e-06 0.00177068 -0.000219471 -0.00341294
internal_weight=102366 68770 33596.1 43679 39469.2 25091 35924.1 3545.12 4209.77 462.005 18363.2 1934.29 16428.9 31704.4
internal_count=102300 64327 37973 33707 30271 30620 28450 1821 3436 208 21747 2387 19360 36526
is_linear=0
shrinkage=0.0386495


Tree=29
num_leaves=15
num_cat=0
split_feature=7 23 11 35 23 49 28 31 17 2 11 26 13 42
split_gain=183.292 12.6344 10.3052 10.1919 21.6343 9.66525 10.3202 8.34942 8.18984 5.52869 5.34318 4.90477 41.9611 4.37078
threshold=1.0000000180025095e-35 0.27744746208190924 0.010680563282221557 164.09745025634768 0.5262318253517152 1.5000000000000002 11.47597122192383 34.500000000000007 1.0000000180025095e-35 -5.8905069828033438 1.0000000180025095e-35 0.00077072740532457839 5.6551811695098886 1.0000000180025095e-35
decision_type=2 2 2 2 2 2 2 2 2 2 2 2 2 2
left_child=10 8 3 9 -5 7 -7 -4 11 -3 -1 -2 -13 -10
right_child=1 2 5 4 -6 6 -8 -9 13 -11 -12 12 -14 -15
leaf_value=-0.179242935988569 -0.014904064164684721 0.43430684945147302 0.34463059256823447 0.40027542321276793 5.2431444706613206 1.8562098564750262 0.22175181971520508 -0.0058228330214306805 -0.057178389146555889 0.12436525455040645 -0.179242935988569 0.056840424414434897 0.73024551374671265 -0.14009920984888075
leaf_weight=25076.951064229012 21418.057010471821 1089.9695822000504 8535.7526195049286 646.66802823543549 218.25007116794586 137.5328477025032 275.59618151187897 19130.475165784359 10470.206345796585 2751.4574100971222 5593.0133000612259 5513.1572999954224 152.65099340677261 1356.3075692653656
leaf_count=32450 22603 1061 4650 739 146 84 226 11465 14239 2776 4001 7156 59 645
internal_value=-0.000858232 0.000210691 0.000770053 0.00244646 0.00625502 0.000486853 0.00634989 0.000396755 -0.000259151 0.00157105 -0.00335875 0.000109445 0.00112174 -0.00110805
internal_weight=102366 71696.1 32785.7 4706.35 864.918 28079.4 413.129 27666.2 38910.4 3841.43 30670 27083.9 5665.81 11826.5
internal_count=102300 65849 21147 4722 885 16425 310 16115 44702 3837 36451 29818 7215 14884
is_linear=0
shrinkage=0.0386495


Tree=30
num_leaves=15
num_cat=0
split_feature=16 12 16 37 5 26 42 7 49 32 16 15 26 35
split_gain=182.65 16.3586 13.2611 10.8686 9.30565 9.03576 8.84624 7.14142 6.86828 6.75476 6.0643 4.80541 4.27655 3.66736
threshold=-3.498293280601501 -0.35529348254203791 -0.25424751639366144 0.48321945965290075 -42.347188949584954 -1.0000000180025095e-35 1.0000000180025095e-35 0.44437283277511602 1.5000000000000002 126.50000000000001 -3.263633012771606 -26.023934364318844 -3.2586838116799293e-08 11.281390666961672
decision_type=2 2 2 2 2 2 2 2 2 2 2 2 2 2
left_child=1 13 3 4 5 -2 8 10 11 -6 -5 -4 -3 -1
right_child=2 12 6 7 9 -7 -8 -9 -10 -11 -12 -13 -14 -15
leaf_value=3.0133504377197138 0.41554259466490345 -0.17231527840927252 0.39779431941352067 0.61654953708894589 0.10754220941569867 1.5285768602639136 -0.18312013740688143 0.2931039989896877 0.24455966078133967 -0.021990200132280945 0.24273147848463453 -0.040878839491950709 -0.17231527840927252 0.00096068580024495588
leaf_weight=39.665758430957794 846.53132593631744 6637.7496730685234 1230.9247130155563 420.47272861003876 21946.68619042635 235.24913150072098 2744.7396983504295 83.385389804840088 547.58123624324799 18314.814686119556 5061.1403979659081 17438.20803052187 24762.943861663342 1817.8959173560143
leaf_count=23 487 5824 602 336 15744 82 1184 14 683 20886 4321 19869 30483 1435
internal_value=-0.000834082 -0.00318619 0.000301005 0.00066848 0.000450829 0.00399019 -0.000481249 0.00227429 -0.000184719 0.000354097 0.00208816 -0.000312932 -0.00339482 0.000309247
internal_weight=102128 33258.3 68869.7 46908.3 41343.3 1081.78 21961.5 5565 19216.7 40261.5 5481.61 18669.1 31400.7 1857.56
internal_count=101973 37765 64208 41870 37199 569 22338 4671 21154 36630 4657 20471 36307 1458
is_linear=0
shrinkage=0.0386495


Tree=31
num_leaves=15
num_cat=0
split_feature=16 22 16 36 42 26 35 32 23 2 26 2 22 31
split_gain=180.768 15.2231 12.7613 12.5884 9.10349 8.02555 10.9053 7.13958 6.17879 6.65603 4.9994 4.98407 13.1226 4.26308
threshold=-3.498293280601501 0.40069426596164709 -0.20028206706047055 1.1761944293975832 1.0000000180025095e-35 0.019222303293645385 137.06092834472659 107.50000000000001 0.26714770495891577 29.205974578857425 -3.2586838116799293e-08 2.086424827575684 0.64991405606269848 19.500000000000004
decision_type=2 2 2 2 2 2 2 2 2 2 2 2 2 2
left_child=1 -1 3 5 8 7 -7 -2 -4 -10 -3 12 -5 -6
right_child=2 10 4 11 13 6 -8 -9 9 -11 -12 -13 -14 -15
leaf_value=0.1442175999064971 0.11288301642480361 -0.16565537163014726 -0.050355424701834545 0.51147279836024073 0.045105338182495583 0.28911191501857375 0.8785855633701174 -0.0081209642057485289 0.17042888717480351 -1.1845479588646626 -0.16565537163014726 0.33343400631472669 14.020583163723648 -0.19129208791765084
leaf_weight=1488.997154712677 23172.077099680901 6938.5456439256668 11530.890026450157 496.33710831403732 276.70615816116333 1486.2092677354813 192.45193290710449 21584.487744450569 6408.7211266160011 705.03567838668823 24830.712411880493 503.57177972793579 133.05329489707947 2380.192311167717
leaf_count=1187 16588 6083 15757 429 89 700 165 24340 4435 212 30495 378 72 1043
internal_value=-0.000848534 -0.00318848 0.00028068 0.000633279 -0.000503968 0.00053355 0.00316112 0.000433567 -0.000198865 0.000692558 -0.00336777 0.00466152 0.00697969 -0.00262145
internal_weight=102128 33258.3 68869.7 47568.2 21301.5 46435.2 1678.66 44756.6 18644.6 7113.76 31769.3 1132.96 629.39 2656.9
internal_count=101973 37765 64208 42672 21536 41793 865 40928 20404 4647 36578 879 501 1132
is_linear=0
shrinkage=0.0386495


Tree=32
num_leaves=15
num_cat=0
split_feature=16 12 16 49 32 35 32 5 24 16 14 26 34 13
split_gain=179.711 15.2945 11.9207 11.6325 10.5898 28.9304 9.02966 9.02471 11.3406 7.11767 5.11025 4.27655 3.76422 8.67891
threshold=-3.498293280601501 -0.35529348254203791 -3.0737084150314327 1.5000000000000002 113.50000000000001 235.33368682861331 106.50000000000001 -42.347188949584954 58.764158248901374 -0.076341379433870302 0.79696378111839306 -3.2586838116799293e-08 110.75571823120119 0.7072756588459016
decision_type=2 2 2 2 2 2 2 2 2 2 2 2 2 2
left_child=1 -1 4 7 5 10 -7 8 -4 -9 -2 -3 -6 -14
right_child=2 11 3 -5 12 6 -8 9 -10 -11 -12 -13 13 -15
leaf_value=0.071222930478111499 0.20225154986792709 -0.15925286720510287 0.31788495238192788 0.29044272677090233 -0.16331844471727786 0.4107612914544162 2.2382766136388605 0.031158604299291102 1.1773191821398359 -0.060632586016975722 1.084763503766601 -0.15925286720510287 0.26822429796511965 0.11943499561262801
leaf_weight=1857.561675786972 2409.1855881214142 6637.7496730685234 1188.663526058197 1536.4606035351753 1235.3557881116867 74.694940090179443 133.61330825090408 40956.883210361004 183.96070504188538 19062.859766185284 721.34448999166489 24762.943861663342 42.907847762107849 1323.8037549853325
leaf_count=1458 1231 5824 620 1816 1141 63 22 38139 47 19170 538 30483 14 1407
internal_value=-0.000860051 -0.00319314 0.000265853 0.000108613 0.00192107 0.00336125 0.0172844 2.44775e-05 0.00312145 -4.54847e-05 0.00240584 -0.00339482 4.96741e-05 0.00146763
internal_weight=102128 33258.3 68869.7 62928.8 5940.91 3338.84 208.308 61392.4 1372.62 60019.7 3130.53 31400.7 2602.07 1366.71
internal_count=101973 37765 64208 59792 4416 1854 85 57976 667 57309 1769 36307 2562 1421
is_linear=0
shrinkage=0.0386495


Tree=33
num_leaves=15
num_cat=0
split_feature=8 1 37 32 0 35 14 23 25 27 13 23 35 26
split_gain=175.259 10.3598 7.63121 7.56321 6.32642 12.5673 5.81474 6.00668 5.10503 4.7073 4.5821 3.5893 4.20865 3.38269
threshold=1.0000000180025095e-35 -3.7028359174728389 0.36057583987712866 133.50000000000003 0.055250000208616264 203.45764923095706 1.0702188014984133 3.2683293819427495 -1.3844031343523963e-07 0.0094739007763564604 3.7164028882980351 3.2683293819427495 16.750217437744144 -0.019609021022915837
decision_type=2 2 2 2 2 2 2 2 2 2 2 2 2 2
left_child=8 3 6 4 5 -2 7 -3 -1 -8 -6 13 -13 -4
right_child=1 2 11 -5 10 -7 9 -9 -10 -11 -12 12 -14 -15
leaf_value=-0.15309781665076197 0.33640888436260952 -0.03309524900153641 -0.083048064807632008 -0.032829602811617509 0.11884695089263726 2.7274158582478356 0.14644867406628828 -0.2632083085886871 -0.15309781665076197 -0.13882840000783542 0.3760835440560622 -0.074172762090728261 -0.28565001095505727 0.1834783077762876
leaf_weight=5830.015842795372 1675.2113614082336 39969.230984210968 1099.6503098011017 4249.6888369321823 8107.5718181729317 99.528474807739258 5695.4491379857063 2943.4899370670319 23046.078560173512 822.14493024349213 632.11438310146332 220.61399525403976 559.91228920221329 7177.2878778576851
leaf_count=5205 939 39798 1090 3874 5801 50 6186 520 30137 902 294 39 118 7020
internal_value=-0.000874661 0.000129844 -0.000100192 0.00104494 0.00160192 0.00371968 -0.000290074 -0.0004543 -0.0034247 0.000782132 0.00116449 0.000929504 -0.00154136 0.00116983
internal_weight=102128 73251.9 58487.8 14764.1 10514.4 1774.74 49430.3 42912.7 28876.1 6517.59 8739.69 9057.46 780.526 8276.94
internal_count=101973 66631 55673 10958 7084 989 47406 40318 35342 7088 6095 8267 157 8110
is_linear=0
shrinkage=0.0386495


Tree=34
num_leaves=15
num_cat=0
split_feature=8 36 49 18 32 42 25 5 18 42 27 33 23 35
split_gain=173.506 10.4619 10.5983 8.47469 7.09043 6.90145 5.10503 4.90856 4.31997 9.37451 4.23161 3.58804 4.96988 2.9754
threshold=1.0000000180025095e-35 1.1761944293975832 1.5000000000000002 -0.037731315940618508 113.50000000000001 1.0000000180025095e-35 -1.3844031343523963e-07 -13.945504665374754 0.053493779152631767 1.0000000180025095e-35 -0.0032697543501853939 16.149999618530277 1.1566997766494753 46.484657287597663
decision_type=2 2 2 2 2 2 2 2 2 2 2 2 2 2
left_child=6 2 3 4 -2 -5 -1 13 11 10 -10 12 -3 -4
right_child=1 8 7 5 -6 -7 -8 -9 9 -11 -12 -13 -14 -15
leaf_value=-0.14718065598808441 0.22155509477577201 0.46081579888658958 0.15392030915214808 -0.008541489679617471 -0.04361560145010792 -0.11100304472357728 -0.14718065598808441 0.23092385749466984 1.5039394927448655 15.354677778641637 0.5201352627289263 0.06261577017447259 17.120546181603395 1.3178513289391141
leaf_weight=5830.015842795372 9432.7511680722237 254.95537161827087 53.570416033267975 48649.486465036869 4555.7535225749016 7287.9883908033371 23046.078560173512 1510.4253928661346 83.547138810157776 63.198143661022186 392.59171539545059 852.0888666510582 58.660915434360504 56.876829087734222
leaf_count=5205 6165 238 45 50074 4130 3010 30137 1795 41 16 314 731 16 56
internal_value=-0.000887456 0.000112006 3.98397e-05 -3.09998e-05 0.000818829 -0.000244578 -0.0034247 0.00312792 0.0031027 0.00600115 0.00394757 0.00170404 0.00523804 0.0110782
internal_weight=102128 73251.9 71546.9 69926 13988.5 55937.5 28876.1 1620.87 1705.04 539.337 476.139 1165.71 313.616 110.447
internal_count=101973 66631 65275 63379 10295 53084 35342 1896 1356 371 355 985 254 101
is_linear=0
shrinkage=0.0386495


Tree=35
num_leaves=15
num_cat=0
split_feature=7 16 35 33 26 33 12 23 25 33 23 23 1 52
split_gain=171.909 9.99564 9.81181 18.3692 12.08 10.6516 9.64676 6.87359 6.57 6.27128 5.56129 5.12476 4.69774 4.51113
threshold=1.0000000180025095e-35 -0.31129217147827143 137.06092834472659 452.61666870117193 0.03859208524227143 113.56904602050783 -0.65789130330085743 0.35699190199375158 -1.3844031343523963e-07 202.08333587646487 0.90654444694519054 0.11046723276376726 21.059002876281742 1.0000000180025095e-35
decision_type=2 2 2 2 2 2 2 2 2 2 2 2 2 2
left_child=8 2 5 4 -4 6 -2 -5 -1 11 -7 13 -13 -3
right_child=1 9 3 7 -6 10 -8 -9 -10 -11 -12 12 -14 -15
leaf_value=-0.14149219088144999 0.22781351569471101 -0.11590869306411225 0.59059469042221169 -0.059217800556499264 0.94427038571465782 -0.029859176566921605 0.039312348228409656 0.48897291388142661 -0.14149219088144999 -0.13062368976653829 -0.21212144889063492 0.025733045913954714 -0.78218059009532992 0.30502453013624187
leaf_weight=6960.1033456325531 5847.9670759439468 2947.4194746017456 2838.6945669651031 4293.0674818754196 39.386018812656403 14929.620966076851 17583.600369095802 1795.247612953186 23328.025184988976 5053.2393215894699 1973.7245450615883 13979.848408818245 759.80586022138596 112.65099543333054
leaf_count=6009 5308 3809 2160 5016 14 16604 11420 1358 30342 5403 604 13884 231 141
internal_value=-0.000915438 0.000109595 0.000419976 0.001577 0.00412218 0.000161269 0.00069582 0.000363363 -0.0033591 -0.000557439 -0.000576297 -0.000212515 8.26245e-05 -0.00165219
internal_weight=102442 72154.3 49301.3 8966.4 2878.08 40334.9 23431.6 6088.32 30288.1 22853 16903.3 17799.7 14739.7 3060.07
internal_count=102303 65952 42484 8548 2174 33936 16728 6374 36351 23468 17208 18065 14115 3950
is_linear=0
shrinkage=0.0386495


Tree=36
num_leaves=15
num_cat=0
split_feature=7 16 29 28 34 31 12 9 49 16 25 42 14 15
split_gain=170.824 9.1196 8.16824 11.0645 7.70188 8.79149 9.62359 8.35215 7.10017 6.73264 6.57 6.1435 5.42401 4.12173
threshold=1.0000000180025095e-35 -0.31129217147827143 182.57653808593753 24.054379463195804 144.93672180175784 52.500000000000007 -0.85809448361396778 0.35457295179367071 1.5000000000000002 0.32678250968456274 -1.3844031343523963e-07 1.0000000180025095e-35 0.27753731608390814 28.360026359558109
decision_type=2 2 2 2 2 2 2 2 2 2 2 2 2 2
left_child=10 4 11 9 5 6 -2 12 -7 -4 -1 -3 -6 -12
right_child=1 2 3 -5 7 8 -8 -9 -10 -11 13 -13 -14 -15
leaf_value=-0.13602358235210935 0.43984159856584187 -0.034053743855970514 -0.1191253261247559 -0.31319676851725969 -0.023628409108008355 -0.029818592060886624 0.091677078011089333 0.44887315971289343 0.39799520909655167 1.1273908766286742 -0.13602358235210935 -0.16869706797580761 0.35721353181618792 1.3366689551373034
leaf_weight=6960.1033456325531 2357.7413862943649 18191.933785557747 455.21706253290176 575.82363969087601 2256.1260268688202 27788.069260537624 10899.911304652691 43.091583132743835 697.84051251411438 682.38961881399155 23303.720038592815 2947.5999540686607 5258.5285627841949 24.305146396160126
leaf_count=6009 2105 21862 101 92 2284 25526 6921 13 852 186 30325 1227 4783 17
internal_value=-0.000923162 9.8629e-05 -0.000538472 0.00201748 0.000395135 0.000187969 0.00101077 0.00153135 -0.000192978 0.0042426 -0.0033591 -0.000748554 0.00142307 -0.00367436
internal_weight=102442 72154.3 22853 1713.43 49301.3 41743.6 13257.7 7557.75 28485.9 1137.61 30288.1 21139.5 7514.65 23328
internal_count=102303 65952 23468 379 42484 35404 9026 7080 26378 287 36351 23089 7067 30342
is_linear=0
shrinkage=0.0386495


Tree=37
num_leaves=15
num_cat=0
split_feature=8 23 23 34 4 10 35 31 17 14 10 24 27 23
split_gain=167.597 8.34591 12.1617 8.5135 9.48247 9.33143 6.53544 9.46136 8.6978 5.55686 5.38039 5.25858 4.24102 2.97567
threshold=1.0000000180025095e-35 3.2683293819427495 0.32559643685817724 25.639027595520023 6.0213003158569345 0.33170607686042791 181.89566802978518 52.500000000000007 1.0000000180025095e-35 0.64898070693016063 0.064014248549938216 1.0000000180025095e-35 1.1071717409549821e-07 0.084464035928249373
decision_type=2 2 2 2 2 2 2 2 2 2 2 2 2 2
left_child=12 2 9 4 5 -3 7 -4 -8 11 -11 -2 13 -1
right_child=1 3 6 -5 -6 -7 8 -9 -10 10 -12 -13 -14 -15
leaf_value=0.50684449675300403 0.039014790672755296 -0.11332238117130268 0.25228376646761208 -0.23418882768932428 -0.60482114807197107 0.71754685621374958 0.63572473661780282 -0.023402319353115313 -0.36420073565827693 0.086265154855258513 -0.04550360183536746 -0.046467663667878925 -0.13076633304380331 -0.13076633304380331
leaf_weight=72.688176929950714 358.92969995737076 1495.4318341016769 11108.712363064289 2440.7754619717598 1066.199460208416 847.83126956224442 2910.5151026844978 9733.7916029691696 398.31285816431046 7365.5295902490616 3384.1053534150124 32439.80874556303 4967.1160979270935 23852.653611302376
leaf_count=93 77 242 6782 491 156 138 2135 7155 175 9363 4373 35760 4603 30760
internal_value=-0.000936376 4.26714e-05 0.000164477 -0.00135655 -9.11484e-05 0.00126616 0.000860536 0.000603391 0.00246146 -0.000220238 0.000539799 -0.000471122 -0.00343052 -0.00364863
internal_weight=102442 73549.9 67699.7 5850.24 3409.46 2343.26 24151.3 20842.5 3308.83 43548.4 10749.6 32798.7 28892.5 23925.3
internal_count=102303 66847 65820 1027 536 380 16247 13937 2310 49573 13736 35837 35456 30853
is_linear=0
shrinkage=0.0386495


Tree=38
num_leaves=15
num_cat=0
split_feature=8 23 23 5 5 13 35 24 35 25 19 38 45 24
split_gain=159.664 8.86051 10.6756 8.51885 8.01573 8.08394 6.69001 6.37681 8.32825 5.89277 5.81717 5.44863 4.47211 3.4139
threshold=1.0000000180025095e-35 3.2683293819427495 0.32559643685817724 -2.9602266550064082 13.514032363891603 8.9345102310180682 10.125693321228029 34.787364959716804 137.06092834472659 -1.3844031343523963e-07 -0.061689646914601319 -0.24492253363132474 1.0000000180025095e-35 49.999616622924812
decision_type=2 2 2 2 2 2 2 2 2 2 2 2 2 2
left_child=9 2 4 6 11 -6 -3 12 -9 -1 -8 -2 -4 -5
right_child=1 3 7 13 5 -7 10 8 -10 -11 -12 -13 -14 -15
leaf_value=-0.12571227401920954 -0.067681469406958503 0.58620496654675902 0.080519249102988341 -0.060281190114662223 0.13479941007466598 0.1574212669242834 0.25051074790319416 0.15836644728609062 0.7536783984916815 -0.12571227401920954 -0.14830410330000734 0.0069941818383205054 -0.28619650458710677 -0.24839472360705844
leaf_weight=5814.3362722992897 19783.832572698593 229.35629415512085 3012.1438929438591 1049.1958107352257 3403.4320278167725 145.9862921833992 551.81353801488876 16087.336235642433 2727.786617398262 23078.12161386013 859.08901393413544 20215.12249648571 2324.0651808977127 3160.7833690047264
leaf_count=5258 21986 40 2322 187 3841 77 106 10269 2012 30198 150 23669 1644 544
internal_value=-0.000929678 2.58963e-05 0.000151388 -0.00141596 -0.000208994 0.00154763 0.000920805 0.000803574 0.00113876 -0.00336407 -3.73037e-05 -0.000366391 -0.000367397 -0.00234016
internal_weight=102442 73549.9 67699.7 5850.24 43548.4 3549.42 1640.26 24151.3 18815.1 28892.5 1410.9 39999 5336.21 4209.98
internal_count=102303 66847 65820 1027 49573 3918 296 16247 12281 35456 256 45655 3966 731
is_linear=0
shrinkage=0.0386495


Tree=39
num_leaves=15
num_cat=0
split_feature=8 23 23 5 35 8 31 35 14 3 26 26 33 4
split_gain=159.686 8.14871 10.409 8.09399 6.8715 14.2246 9.84575 6.69001 6.66433 5.81717 5.69671 5.56743 4.51898 4.26527
threshold=1.0000000180025095e-35 3.2683293819427495 0.42094911634922033 -2.9602266550064082 126.49353790283205 0.0082616885192692297 49.500000000000007 10.125693321228029 0.59709358215332042 -5.9825372695922843 -3.2586838116799293e-08 -0.024099708534777161 671.28332519531261 -4.3954143524169913
decision_type=2 2 2 2 2 2 2 2 2 2 2 2 2 2
left_child=10 2 8 7 6 -6 -4 -3 12 -9 -1 -10 -2 -5
right_child=1 3 4 13 5 -7 -8 9 11 -11 -12 -13 -14 -15
leaf_value=-0.12085355206670081 -0.021560106000517523 0.56354841242862119 0.27227206350618061 0.20766357901396956 2.6163673138276184 0.29169976035877981 -0.069598005128481646 0.24082862195588498 -0.093807424986047577 -0.14257221746807378 -0.12085355206670081 0.076238307392961044 -0.15400369242214376 -0.23879438103197681
leaf_weight=6166.9692126512527 31640.42157047987 229.35629415512085 8456.459792137146 767.34182852506638 719.90276247262955 2765.5870034098625 6475.1141157150269 551.81353801488876 2203.3936256766319 859.08901393413544 22725.488673508167 11407.765752017498 4031.0606941580772 3442.6373512148857
leaf_count=5818 33808 40 4557 137 670 1554 4044 106 2913 150 29638 14161 4113 594
internal_value=-0.000929507 2.61342e-05 0.000146511 -0.00135655 0.000930843 0.00248049 0.000564942 0.000920805 -0.000145446 -3.73037e-05 -0.00336407 0.000580297 -0.000424009 -0.00225761
internal_weight=102442 73549.9 67699.7 5850.24 18417.1 3485.49 14931.6 1640.26 49282.6 1410.9 28892.5 13611.2 35671.5 4209.98
internal_count=102303 66847 65820 1027 10825 2224 8601 296 54995 256 35456 17074 37921 731
is_linear=0
shrinkage=0.0386495


Tree=40
num_leaves=15
num_cat=0
split_feature=7 52 1 25 32 23 49 23 41 1 23 26 26 4
split_gain=166.06 10.051 8.27007 8.05414 8.02645 8.41319 6.37438 3.89961 6.28133 4.65487 2.77299 4.50001 3.35659 1.73113
threshold=1.0000000180025095e-35 1.0000000180025095e-35 21.059002876281742 -1.3844031343523963e-07 22.500000000000004 0.5262318253517152 1.0000000180025095e-35 0.39619936048984533 1.0000000180025095e-35 -1.6970227360725401 0.21774221211671832 0.060365587472915656 -0.0013843809138052163 -36.14793395996093
decision_type=2 2 2 2 2 2 2 2 2 2 2 2 2 2
left_child=3 2 4 -1 5 -2 -6 10 9 -9 12 -12 -3 -5
right_child=1 7 -4 13 6 -7 -8 8 -10 -11 11 -13 -14 -15
leaf_value=-0.11618261749769121 -0.0069236184720854084 0.33502623086580041 -0.75049004566842359 1.156203406702548 -0.043210855702555513 0.58916086701417258 0.049323141453801282 0.73172427667874973 0.56757759405980024 0.13844801592839587 -0.039305953541566664 0.41206746511635628 0.089667075991124987 -0.11618261749769121
leaf_weight=6895.5465580224991 3087.3939942121506 1108.4790239334106 1880.5034617185593 22.904422640800476 38286.496168613434 2808.3012273907661 13987.595053076744 2165.10722219944 127.96530270576477 2913.1015193462372 3749.4308946728706 107.66473484039307 1824.8859856128693 23488.030078053474
leaf_count=5923 3358 1302 660 18 36612 1180 13713 1460 28 2012 3445 66 1925 30568
internal_value=-0.000913483 9.66129e-05 -0.000106556 -0.00330862 -2.39558e-05 0.0013265 -0.00017742 0.00111827 0.00191786 0.00168875 0.000496316 -0.000171524 0.00139373 -0.00365286
internal_weight=102453 72046.9 60050.3 30406.5 58169.8 5895.7 52274.1 11996.6 5206.17 5078.21 6790.46 3857.1 2933.37 23510.9
internal_count=102270 65761 55523 36509 54863 4538 50325 10238 3500 3472 6738 3511 3227 30586
is_linear=0
shrinkage=0.0386495


Tree=41
num_leaves=15
num_cat=0
split_feature=0 25 52 1 32 0 26 13 5 12 0 24 27 6
split_gain=162.698 9.82399 9.18142 7.25895 6.71287 6.73537 5.1893 4.69948 12.5939 4.51898 4.35851 5.00374 4.62971 3.90447
threshold=0.03024999983608723 -1.3844031343523963e-07 1.0000000180025095e-35 21.059002876281742 22.500000000000004 0.31724999845027929 0.014480911660939457 1.8295034766197207 62.073150634765632 -0.65789130330085743 0.055250000208616264 75.427597045898452 -0.0049601800274103871 1.0000000180025095e-35
decision_type=2 2 2 2 2 2 2 2 2 2 2 2 2 2
left_child=1 6 3 4 13 -6 -1 10 -9 -3 11 -4 -12 -2
right_child=2 9 7 -5 5 -7 -8 8 -10 -11 12 -13 -14 -15
leaf_value=-0.11169221241560913 0.29073180324637227 4.4239283319083116 0.62563265915752941 -0.6598198475017254 0.034401327799648863 -0.042449871040140433 8.2947432282193212 -0.07382774227135426 2.7756623837117655 -0.11169221241560913 0.47829900645900986 1.1334274125540242 0.13070340279298578 0.0040396842798714637
leaf_weight=7946.0103459358215 3469.7887960672379 65.497877955436707 1925.5526058077812 1654.0826314091682 26435.668860554695 24489.648605763912 40.579959571361542 2805.9412930607796 45.370774745941162 24708.805194437504 849.23110604286194 67.793187081813812 5672.338898062706 2277.0955105423927
leaf_count=6659 2522 39 1775 600 22264 27369 10 2094 25 31225 778 43 4930 1937
internal_value=-0.000919587 -0.00316597 0.000135616 -5.92837e-05 1.34034e-05 -0.000126886 -0.00196996 0.00114068 -0.000199332 -0.003549 0.00159615 0.00319256 0.00109849 0.00126626
internal_weight=102453 32760.9 69692.5 58326.3 56672.2 50925.3 7986.59 11366.2 2851.31 24774.3 8514.92 1993.35 6521.57 5746.88
internal_count=102270 37933 64337 54692 54092 49633 6669 9645 2119 31264 7526 1818 5708 4459
is_linear=0
shrinkage=0.0386495


end of trees

feature_importances:
price_log=51
bb_width=39
return_30d=30
return_1d=27
volume_lag_7d=27
volume_std_60d=26
price_std_14d=22
events_next_30d_game_update=21
macd_signal=19
item_type_sticker=19
price_std_7d=17
price_zscore_30d=17
distance_to_resistance=17
volume_mean_30d=16
macd_missing=15
return_14d=13
price_lag_1d=12
vol_regime_60_30=12
bb_pct_b=12
macd_line=12
volume_lag_1d=12
log_return_1d=11
rsi_14=11
macd_histogram=10
volume_std_30d=10
volume_log_change_1d=9
volume_log_change_7d=9
return_3d=8
return_60d=7
price_std_60d=7
return_7d=6
trend_divergence_30_60=6
distance_to_support=6
item_volume_vs_market_30d=6
price_std_20d=5
price_std_30d=5
volume_zscore_30d=5
rsi_missing=5
events_next_30d_major=5
price_accel_7d=4
price_tier=4
autocorr_1d=4
volume_price_conf_1d=4
log_return_7d=1
dow_sin=1
dow_cos=1
item_type_graffiti=1
item_type_skin=1

parameters:
[boosting: gbdt]
[objective: quantile]
[metric: quantile]
[tree_learner: serial]
[device_type: cpu]
[data_sample_strategy: bagging]
[data: ]
[valid: ]
[num_iterations: 1000]
[learning_rate: 0.0386495]
[num_leaves: 15]
[num_threads: -1]
[seed: 73]
[deterministic: 0]
[force_col_wise: 0]
[force_row_wise: 0]
[histogram_pool_size: -1]
[max_depth: 5]
[min_data_in_leaf: 30]
[min_sum_hessian_in_leaf: 0.001]
[bagging_fraction: 0.7]
[pos_bagging_fraction: 1]
[neg_bagging_fraction: 1]
[bagging_freq: 5]
[bagging_seed: 5921]
[bagging_by_query: 0]
[feature_fraction: 0.65]
[feature_fraction_bynode: 1]
[feature_fraction_seed: 22355]
[extra_trees: 0]
[extra_seed: 3536]
[early_stopping_round: 0]
[early_stopping_min_delta: 0]
[first_metric_only: 0]
[max_delta_step: 0]
[lambda_l1: 1.5]
[lambda_l2: 2]
[linear_lambda: 0]
[min_gain_to_split: 0.1]
[drop_rate: 0.1]
[max_drop: 50]
[skip_drop: 0.5]
[xgboost_dart_mode: 0]
[uniform_drop: 0]
[drop_seed: 14602]
[top_rate: 0.2]
[other_rate: 0.1]
[min_data_per_group: 100]
[max_cat_threshold: 32]
[cat_l2: 10]
[cat_smooth: 10]
[max_cat_to_onehot: 4]
[top_k: 20]
[monotone_constraints: ]
[monotone_constraints_method: basic]
[monotone_penalty: 0]
[feature_contri: ]
[forcedsplits_filename: ]
[refit_decay_rate: 0.9]
[cegb_tradeoff: 1]
[cegb_penalty_split: 0]
[cegb_penalty_feature_lazy: ]
[cegb_penalty_feature_coupled: ]
[path_smooth: 0]
[interaction_constraints: ]
[verbosity: -1]
[saved_feature_importance_type: 0]
[use_quantized_grad: 0]
[num_grad_quant_bins: 4]
[quant_train_renew_leaf: 0]
[stochastic_rounding: 1]
[linear_tree: 0]
[max_bin: 63]
[max_bin_by_feature: ]
[min_data_in_bin: 3]
[bin_construct_sample_cnt: 200000]
[data_random_seed: 277]
[is_enable_sparse: 1]
[enable_bundle: 1]
[use_missing: 1]
[zero_as_missing: 0]
[feature_pre_filter: 0]
[pre_partition: 0]
[two_round: 0]
[header: 0]
[label_column: ]
[weight_column: ]
[group_column: ]
[ignore_column: ]
[categorical_feature: ]
[forcedbins_filename: ]
[precise_float_parser: 0]
[parser_config_file: ]
[objective_seed: 8155]
[num_class: 1]
[is_unbalance: 0]
[scale_pos_weight: 1]
[sigmoid: 1]
[boost_from_average: 1]
[reg_sqrt: 0]
[alpha: 0.9]
[fair_c: 1]
[poisson_max_delta_step: 0.7]
[tweedie_variance_power: 1.5]
[lambdarank_truncation_level: 30]
[lambdarank_norm: 1]
[label_gain: ]
[lambdarank_position_bias_regularization: 0]
[eval_at: ]
[multi_error_top_k: 1]
[auc_mu_weights: ]
[num_machines: 1]
[local_listen_port: 12400]
[time_out: 120]
[machine_list_filename: ]
[machines: ]
[gpu_platform_id: -1]
[gpu_device_id: -1]
[gpu_use_dp: 0]
[num_gpu: 1]

end of parameters

pandas_categorical:[]
