tree
version=v4
num_class=1
num_tree_per_iteration=1
label_index=0
max_feature_idx=19
objective=quantile
feature_names=event_decay_major event_density_30d_major event_density_90d_major event_decay_operation event_density_30d_operation event_density_90d_operation event_decay_case_drop event_density_30d_case_drop event_density_90d_case_drop event_decay_update event_density_30d_update event_density_90d_update event_decay_game_update event_density_30d_game_update event_density_90d_game_update event_decay_major_weighted event_decay_operation_weighted event_decay_case_drop_weighted event_decay_update_weighted event_decay_game_update_weighted
feature_infos=[0.031220927834510803:0.98347145318984985] [0:2] [0:3] [1.5229979055675358e-08:0.95349693298339844] [0:1] [0:1] [0:0.93106275796890259] [0:1] [0:3] none none none [0:0.86687791347503662] [0:2] [0:3] [0:0.98347145318984985] [0:0.95349693298339844] [0:0.93106275796890259] none [0:0.26006338000297546]
tree_sizes=4218 4426 4418 4450 4412 4450 4463 4458 4461 4433 4488 4437

Tree=0
num_leaves=39
num_cat=0
split_feature=16 15 0 17 15 3 17 3 3 14 3 0 0 17 3 3 0 17 3 16 0 3 13 16 16 0 0 0 16 16 19 0 19 15 8 16 0 3
split_gain=77.4712 209.1 61.2422 108.97 55.0011 64.4704 51.1418 28.0273 116.695 25.1113 16.7361 15.9116 14.7307 34.7266 14.029 13.1972 12.6845 11.8442 10.292 15.1808 14.1824 9.2774 9.2073 10.8849 9.65918 8.59419 8.34756 8.20889 7.09704 5.98541 5.85874 7.43111 4.77181 4.65072 4.31927 4.26294 3.85118 4.87699
threshold=4.1121879235106469e-08 0.05249301344156266 0.20359309017658236 3.2049462106442666e-07 0.11112770810723306 0.0027929162606596951 4.5040064833301594e-06 0.0010775665869005027 0.0044963988475501546 2.5000000000000004 7.8760091781759924e-08 0.52643263339996349 0.097786840051412596 6.0955099456805339e-07 9.2124505499668902e-06 0.00028404347540345048 0.32466374337673193 0.20265353471040728 0.43472141027450567 0.0028402352472767238 0.62190663814544689 0.014099423773586752 1.0000000180025095e-35 8.8097582562340917e-08 6.3124673488346175e-08 0.048559507355093963 0.097786840051412596 0.27482193708419805 1.0000000180025095e-35 0.0023476403439417486 0.012085974216461183 0.71060970425605785 0.00092368613695725809 1.0000000180025095e-35 1.5000000000000002 1.2678929692810927e-06 0.27482193708419805 9.2124505499668902e-06
decision_type=2 2 2 2 2 2 2 2 2 2 2 2 2 2 2 2 2 2 2 2 2 2 2 2 2 2 2 2 2 2 2 2 2 2 2 2 2 2
left_child=1 28 3 7 5 9 12 22 29 10 -3 14 -5 -14 27 36 -16 18 19 -17 -20 34 23 -2 -24 -10 -7 -6 33 -9 -19 -32 -30 -1 -13 -8 37 -4
right_child=2 4 15 6 11 26 35 8 25 -11 -12 21 13 -15 16 17 -18 30 20 -21 -22 -23 24 -25 -26 -27 -28 -29 32 -31 31 -33 -34 -35 -36 -37 -38 -39
leaf_value=10.213964017106429 10.801238514880934 14.373939217703857 10.654941149870703 10.8789032791856 10.769923711695979 15.358697120543361 10.889914376115176 11.298334026737889 10.834757076659555 10.497598602469653 11.158915027902692 10.80193351344051 11.62530380774575 11.530313662127567 11.290364883748154 10.774221844201387 10.859296421903487 10.536075548493125 10.922677254176199 10.684037305961821 10.500312801884863 10.551533724711241 10.462401841639847 10.56994227091042 10.875429716252842 10.603061479771108 13.594788589486258 10.3686928341446 10.594116706163947 12.56675930297413 10.688968444024063 11.39707336281875 10.322655561397156 10.477619748953803 10.6255426603348 10.591944404602991 10.616915527059266 11.014192827545067
leaf_weight=41243.696459412575 3380.125454723835 583.24404394626617 4726.4269765019417 798.27672189474106 8317.1013434529305 406.89258676767349 550.76392084360123 2758.2748882174492 2142.7819472551346 2009.3259809613228 6391.7525270581245 13559.637504935265 976.10508859157562 4824.3590173721313 4197.4029719829559 25106.770869493484 11036.807322323322 7124.7586653232574 5505.1772254109383 40800.291542589664 1364.4898616075516 17879.898163855076 841.75017350912094 10988.779453098774 4028.7058333158493 5921.2013039588928 353.80158573389053 2447.7384695410728 5795.634253680706 35.53311812877655 5166.4786552786827 135.20611989498138 2623.4207105636597 3467.5574582219124 6986.7321654558182 1315.7864734530449 22036.076334297657 1443.0146698951721
leaf_count=50187 3263 404 4745 683 9667 466 497 3010 2033 2534 6689 14632 807 4501 4972 21465 12641 6780 4739 35214 1283 21115 893 10520 4105 4855 432 1366 4351 46 4487 109 2576 3473 8028 1308 18698 1588
internal_value=10.6852 10.6844 10.6859 10.6874 10.6859 10.689 10.6918 10.6861 10.6879 10.6879 10.6892 10.6854 10.6936 10.6944 10.6863 10.6853 10.6871 10.6856 10.6858 10.6857 10.6875 10.6849 10.6851 10.6846 10.6868 10.6852 10.7013 10.6851 10.6823 10.6957 10.6844 10.6855 10.6834 10.682 10.6855 10.6853 10.6845 10.6855
internal_weight=279272 127301 151971 38562.4 74170.3 9745.02 8465.29 30097.2 10857.8 8984.32 6975 64425.3 6598.74 5800.46 25999.1 113409 15234.2 85203.2 72776.7 65907.1 6869.67 38426.3 19239.4 14368.9 4870.46 8063.98 760.694 10764.8 53130.3 2793.81 12426.4 5301.68 8419.05 44711.3 20546.4 1866.55 28205.5 6169.44
internal_count=279162 143533 135629 36521 82946 10525 7796 28725 9944 9627 7093 72421 5991 5308 28646 99108 17613 74077 62701 56679 6022 43775 18781 13783 4998 6888 898 11033 60587 3056 11376 4596 6927 53660 22660 1805 25031 6333
is_linear=0
shrinkage=1


Tree=1
num_leaves=39
num_cat=0
split_feature=16 15 0 6 17 15 3 3 3 14 0 6 0 0 6 0 3 0 3 3 3 3 0 3 6 16 3 0 16 16 3 16 19 15 3 8 16 3
split_gain=74.4762 198.115 53.1614 108.577 52.4391 47.1377 51.818 25.668 104.534 22.5344 19.1445 25.6869 15.1936 14.659 36.2265 13.4043 12.8767 11.3583 17.7851 10.3204 23.2417 9.16978 8.95755 8.8007 8.54276 8.47892 7.80542 7.7408 7.58683 7.40033 7.12116 5.15744 5.10828 4.90332 4.81953 4.09821 4.038 3.61987
threshold=4.1121879235106469e-08 0.05249301344156266 0.20359309017658236 7.4751966394615021e-07 4.5040064833301594e-06 0.11112770810723306 0.0027929162606596951 0.0010775665869005027 0.0044963988475501546 2.5000000000000004 0.10807117074728013 5.5234647788893207e-06 0.065548479557037367 0.52643263339996349 2.7039660608352283e-06 0.097786840051412596 0.00028404347540345048 0.54427608847618114 0.52593708038330089 0.0096328733488917368 0.0054398581851273784 0.078289981931447997 0.52643263339996349 0.014099423773586752 0.0001032937398122158 9.0848502054541324e-07 1.1335085901009736e-06 0.097786840051412596 0.0060847864951938399 1.0000000180025095e-35 2.1708387976104863e-05 0.0023476403439417486 0.00092368613695725809 1.0000000180025095e-35 0.0065812794491648683 1.5000000000000002 1.2678929692810927e-06 0.078289981931447997
decision_type=2 2 2 2 2 2 2 2 2 2 2 2 2 2 2 2 2 2 2 2 2 2 2 2 2 2 2 2 2 2 2 2 2 2 2 2 2 2
left_child=1 29 3 7 10 6 9 25 31 12 15 -12 -3 14 34 -5 -4 18 24 20 -19 -21 -20 35 -18 26 -2 -8 -10 33 -16 -9 -31 -1 -7 -15 -6 -25
right_child=2 5 16 4 36 13 27 8 28 -11 11 -13 -14 23 30 -17 17 19 22 21 -22 -23 -24 37 -26 -27 -28 -29 -30 32 -32 -33 -34 -35 -36 -37 -38 -39
leaf_value=-0.45041245664210766 0.0021397262833208175 1.3146986350950631 -0.047271207056963062 0.37549364661463047 0.19573003724597418 -0.15254362675354466 4.4674496815157179 0.58613931521906726 -0.13611736852913453 -0.17928550789950914 0.75539925103816641 0.9236848716383016 0.38987163015207976 0.11162892942734862 0.59817122543179102 0.84281319797399123 -0.003762946696099063 0.0016134999881828652 0.63571478609946308 -0.090256657745720698 0.19214950409918644 0.03767816129118215 0.30179678579981384 -0.20590020037575194 0.122481443113587 -0.21032307850902984 0.22096737816032103 2.7813254831070156 0.10108666001242247 -0.087023631867910359 0.25609171990705265 1.7986299373112697 -0.34651396090708431 -0.19838333966142549 0.10909935633724628 -0.056983490413521617 -0.089100139897481015 -0.058867968801922903
leaf_weight=41243.696459412575 14202.531291484833 1750.134003162384 28205.517980694771 366.40509796142578 550.76392084360123 8671.2168366312981 406.89258676767349 2758.2748882174492 3694.3998713493347 2009.3259809613228 3466.2980144619942 1169.6257125139236 5224.8625678420067 13559.637504935265 4874.9172667264938 1164.5403789877892 7729.6160442233086 18494.787306308746 367.26936560869217 20595.692798852921 6825.8579136133194 18363.637230098248 711.9924590587616 7966.7759050726891 12114.319821834564 3701.2595047950745 1767.4417423009872 353.80158573389053 4369.5833798646927 5795.634253680706 8539.922908782959 35.53311812877655 2623.4207105636597 3467.5574582219124 3912.9930951595306 6986.7321654558182 1315.7864734530449 9913.1222587823868
leaf_count=50187 13408 1557 25031 315 497 8895 466 3010 3122 2534 3232 1104 5536 14632 5342 972 6232 15874 312 17651 5791 16715 622 9395 10880 4051 1690 432 3766 4351 9579 46 2576 3473 4830 8028 1308 11720
internal_value=-6.32928e-07 -0.000787452 0.000658457 0.00207284 0.00663401 0.000684914 0.00354314 0.000872436 0.00259341 0.00260657 0.00859385 0.00717903 0.00379181 0.000252528 0.00106119 0.0128706 0.000177509 0.000447863 0.00134025 0.000157373 0.000850454 -0.000293089 0.00685056 -0.00029462 0.00104023 -7.75608e-05 0.000363217 0.0145867 4.62492e-05 -0.00284286 0.0026554 0.00994282 -0.0016432 -0.00306871 -0.000638335 0.000327927 0.000157821 -0.00100999
internal_weight=279272 127301 151971 38562.4 8033.42 74170.3 9745.02 30529 10857.8 8984.32 6166.87 4635.92 6975 64425.3 25999.1 1530.95 113409 85203.2 20923.2 64280 25320.6 38959.3 1079.26 38426.3 19843.9 19671.2 15970 760.694 8063.98 53130.3 13414.8 2793.81 8419.05 44711.3 12584.2 20546.4 1866.55 17879.9
internal_count=279162 143533 135629 36521 7428 82946 10525 29093 9944 9627 5623 4336 7093 72421 28646 1287 99108 74077 18046 56031 21665 34366 934 43775 17112 19149 15098 898 6888 60587 14921 3056 6927 53660 13725 22660 1805 21115
is_linear=0
shrinkage=0.0440977


Tree=2
num_leaves=39
num_cat=0
split_feature=17 3 6 15 0 6 3 3 3 0 14 19 3 15 3 6 0 3 0 17 17 19 0 3 0 3 3 3 0 0 0 3 0 14 0 19 15 15
split_gain=55.1226 88.988 82.3212 77.196 41.8602 39.3273 36.2231 30.5808 78.539 21.2303 20.317 16.8655 15.5709 13.2846 12.7416 17.7786 29.5434 12.8897 12.2098 11.29 13.2644 11.1542 9.73662 18.6114 11.6846 15.9424 10.4174 9.35218 8.99762 7.83592 7.03759 5.81488 6.16287 5.66497 5.04078 4.74259 3.70468 2.53894
threshold=1.0000000180025095e-35 4.300155296732556e-06 7.4751966394615021e-07 0.05249301344156266 0.11746299266815187 4.7080668082344353e-05 0.0027929162606596951 0.0010775665869005027 0.0044963988475501546 0.10807117074728013 2.5000000000000004 0.032853083685040481 7.8760091781759924e-08 0.10055250674486162 0.024967188946902755 2.7039660608352283e-06 0.50917410850524913 5.1154045650037012e-05 0.097786840051412596 2.3681526499785836e-06 4.5040064833301594e-06 4.1935285466365719e-08 0.54427608847618114 0.52593708038330089 0.65379247069358837 0.0096328733488917368 7.8524684795411317e-05 2.14092125361276e-07 0.12767100334167483 0.072442274540662779 0.72255244851112377 0.078289981931447997 0.43825021386146551 2.5000000000000004 0.52643263339996349 0.00016634877101751047 1.0000000180025095e-35 0.082325432449579253
decision_type=2 2 2 2 2 2 2 2 2 2 2 2 2 2 2 2 2 2 2 2 2 2 2 2 2 2 2 2 2 2 2 2 2 2 2 2 2 2
left_child=3 2 29 5 6 7 10 11 36 18 12 33 -5 -8 15 17 -17 -6 -4 28 -21 -3 23 26 35 -26 -23 -13 -11 -2 -10 32 -16 -1 -25 -24 -9 -12
right_child=1 21 9 4 14 -7 13 8 30 19 37 27 -14 -15 31 16 -18 -19 -20 20 -22 22 24 34 25 -27 -28 -29 -30 -31 -32 -33 -34 -35 -36 -37 -38 -39
leaf_value=-0.13302192745964675 0.1637238402016086 -0.1566025166621573 0.35893523544909828 3.4681421468669931 -0.17832909583700599 -0.43055029727297267 4.1877619863136815 0.41786027121648228 -0.023975416537948043 1.3481301761512421 -0.30275098719379179 -0.23268855318958309 0.41169566007796171 1.6109275899861222 0.13172761824025112 0.5353650008487908 0.042122372359736968 0.27049045971249064 0.80564706322414525 0.78073017276602286 0.16792286901701436 -0.017250202474477144 0.1107317847326531 0.79526278406413453 0.091595654104120988 -0.031699795117537427 0.12772461368067964 0.17840257846764798 0.19319001446260226 -0.13813184486130919 -0.30154988141164707 -0.021725433245203554 -0.28822749164638523 -0.37861608202441382 0.42398570524218454 -0.11450921413538762 1.1276734585686317 0.13295548399331983
leaf_weight=46779.140603303909 2040.1794450283051 2836.9854648113251 366.40509796142578 583.24404394626617 10484.772454440594 19213.48968565464 494.53356087207794 3663.8480719923973 25661.703006505966 1793.4509648084641 1313.2783572077751 939.65273106098175 6761.9971153140068 350.42843276262283 1109.3060835003853 9670.5997442603111 20575.776522994041 2349.5444165468216 1164.5403789877892 1536.4840208888054 577.02752989530563 8322.5951821208 2306.9759584665298 238.40644758939743 21218.853745102882 23722.682862341404 12851.333937048912 3398.8913985490799 1305.9887412786484 3161.1697880029678 2724.3303757309914 14484.046883821487 5983.4755558371544 4189.5042838454247 484.61559844017029 13823.776657104492 92.695090770721436 696.04762375354767
leaf_count=43529 2119 3251 315 404 10833 24181 573 4171 23965 1615 1652 1005 7130 425 1392 10626 22632 2818 972 1455 531 8566 2144 216 17979 20415 11563 3453 1266 2640 2649 17215 7136 4514 433 12377 120 882
internal_value=-2.77e-05 0.000816539 0.00438238 -0.000482338 0.000603188 -0.00124417 0.00322859 -0.000847248 0.000234462 0.00759698 0.00243805 -0.00147589 0.00351282 0.0119674 0.000188995 0.000627088 0.00121062 -0.000748095 0.0121629 0.00625396 0.00873951 0.000320087 0.000413069 0.00121084 0.000127019 0.000492448 0.000973066 0.00116329 0.00455679 0.000213777 -0.000558589 -0.000685699 -0.0017201 -0.00170056 0.00816324 -0.000891063 0.00622564 -0.00149065
internal_weight=279272 97751.5 11945.2 181520 74857.1 106663 10199.5 87449.8 32142.6 6743.9 9354.57 55307.2 7345.24 844.962 64657.5 43080.7 30246.4 12834.3 1530.95 5212.95 2113.51 85806.2 82969.2 21897 61072.3 44941.5 21173.9 4338.54 3099.44 5201.35 28386 21576.8 7092.78 50968.6 723.022 16130.8 3756.54 2009.33
internal_count=279162 87857 10913 191305 83718 107587 11066 83406 30905 6154 10068 52501 7534 998 72652 46909 33258 13651 1287 4867 1986 76944 73693 20778 52915 38394 20129 4458 2881 4759 26614 25743 8528 48043 649 14521 4291 2534
is_linear=0
shrinkage=0.0440977


Tree=3
num_leaves=39
num_cat=0
split_feature=16 15 0 17 16 15 3 3 3 14 3 0 3 3 16 3 0 0 0 3 0 0 17 3 16 16 16 16 0 0 16 19 15 19 17 0 3 0
split_gain=67.4265 175.892 39.2448 75.3582 36.5771 36.5315 34.1926 19.8267 79.1829 19.0433 15.2205 11.9981 11.8579 10.8066 15.2994 18.9242 18.8438 18.3094 15.7795 13.4855 10.6564 8.33761 28.3579 7.70023 7.31781 7.71446 7.30423 7.28935 6.90929 6.55195 5.39269 5.2278 4.86953 4.25263 6.59825 6.05911 5.4695 3.96995
threshold=4.1121879235106469e-08 0.05249301344156266 0.20359309017658236 3.2049462106442666e-07 1.2678929692810927e-06 0.11112770810723306 0.0027929162606596951 0.0010775665869005027 0.0044963988475501546 2.5000000000000004 7.8760091781759924e-08 0.52643263339996349 9.2124505499668902e-06 0.0013672488275915386 0.0028402352472767238 0.078289981931447997 0.67595285177230846 0.73469588160514843 0.52643263339996349 0.0054398581851273784 0.32466374337673193 0.097786840051412596 6.0955099456805339e-07 0.014099423773586752 9.0848502054541324e-07 3.3421297018776391e-07 0.0060847864951938399 1.0000000180025095e-35 0.27482193708419805 0.097786840051412596 0.0023476403439417486 0.00092368613695725809 1.0000000180025095e-35 4.1935285466365719e-08 0.017866481095552448 0.52643263339996349 0.00028404347540345048 0.35880893468856817
decision_type=2 2 2 2 2 2 2 2 2 2 2 2 2 2 2 2 2 2 2 2 2 2 2 2 2 2 2 2 2 2 2 2 2 2 2 2 2 2
left_child=1 27 3 7 21 6 9 24 30 10 -3 12 28 33 16 37 18 -17 -15 -18 -14 -5 -23 -13 25 -2 -10 32 -7 -8 -9 -29 -1 35 36 -4 -35 -16
right_child=2 5 13 4 -6 11 29 8 26 -11 -12 23 20 14 15 17 19 -19 -20 -21 -22 22 -24 -25 -26 -27 -28 31 -30 -31 -32 -33 -34 34 -36 -37 -38 -39
leaf_value=-0.41156401371274848 -0.0027888275519743449 3.3152050088725584 -0.033091348247779769 0.16958240799486438 -0.083032721356776099 0.065156202942243197 4.0857746390409861 0.5418652293267805 -0.1290576427956216 -0.16782261349486727 0.40028091573811214 0.046566543257616722 0.55282629575813647 0.13771091935782839 0.048878201521932799 0.12747682446576639 0.070376334623745887 -0.064856686456491786 -0.1186365909011711 0.25350697784663445 0.14561186549393287 0.82599714862808837 0.645159010713096 -0.12051221696560056 -0.19518234888092989 0.21597594251894123 0.097686230507296287 -0.077320125884932603 -0.28791609616149677 2.5362344108758563 1.6695866491999216 -0.31453738418576754 -0.18379721785780731 -0.010379965264526921 -0.08041327318491924 -0.1681933422308495 0.1187062533153615 -0.084531754330579106
leaf_weight=41243.696459412575 13672.557363152504 583.24404394626617 11783.091656506062 798.27672189474106 1342.8225415945053 8317.1013434529305 406.89258676767349 2758.2748882174492 3694.3998713493347 2009.3259809613228 6391.7525270581245 20546.369670391083 4197.4029719829559 4354.6132808327675 2414.8048244714737 20153.31440782547 4265.9363570809364 8692.4613733291626 6488.8698705434799 4644.962516605854 11036.807322323322 976.10508859157562 5348.0868700742722 17879.898163855076 3701.2595047950745 1865.5440467000008 4369.5833798646927 5795.634253680706 2447.7384695410728 353.80158573389053 35.53311812877655 2623.4207105636597 3467.5574582219124 12655.635509729385 5741.6673077940941 3910.4682051539421 4761.252422273159 23541.613188147545
leaf_count=50187 12913 404 8636 683 1343 9667 466 3010 3122 2534 6689 22660 4972 3708 1718 17965 3729 8052 5594 3983 12641 807 4963 21115 4051 1817 3766 4351 1366 432 46 2576 3473 12434 4872 4147 3843 20427
internal_value=-5.18227e-05 -0.000800477 0.000575299 0.00179053 0.00546598 0.000586852 0.00310306 0.00075661 0.00226314 0.00234224 0.00343181 0.000206207 0.000937796 0.000162069 0.000472811 9.35371e-05 0.00152493 0.000870855 0.000290208 0.00302723 0.00172941 0.00672445 0.00726051 -0.000288795 -9.36748e-05 0.000326098 4.62492e-05 -0.00273717 -0.000182535 0.012074 0.0086596 -0.00154656 -0.00296132 -0.000434237 -5.44378e-05 -0.000994656 0.000372945 -0.000770309
internal_weight=279272 127301 151971 38562.4 8465.29 74170.3 9745.02 30097.2 10857.8 8984.32 6975 64425.3 25999.1 113409 74556.6 54802.2 19754.4 28845.8 10843.5 8910.9 15234.2 7122.47 6324.19 38426.3 19239.4 15538.1 8063.98 53130.3 10764.8 760.694 2793.81 8419.05 44711.3 38852.1 23158.6 15693.6 17416.9 25956.4
internal_count=279162 143533 135629 36521 7796 82946 10525 28725 9944 9627 7093 72421 28646 99108 65176 48162 17014 26017 9302 7712 17613 6453 5770 43775 18781 14730 6888 60587 11033 898 3056 6927 53660 33932 21149 12783 16277 22145
is_linear=0
shrinkage=0.0440977


Tree=4
num_leaves=39
num_cat=0
split_feature=17 15 6 6 6 0 14 0 19 6 0 19 0 6 17 6 0 0 0 0 19 0 14 0 0 0 19 6 0 15 19 0 19 19 14 15 15 17
split_gain=46.9889 69.9428 65.5459 60.5056 35.3005 32.187 22.8183 14.2449 10.3126 9.62565 31.8913 9.20404 9.18998 8.15265 9.4412 13.0124 9.38903 8.15183 7.8913 12.6074 7.52061 7.4672 7.13226 12.6765 24.7842 9.21293 9.10177 6.6101 5.92797 4.64787 4.6221 6.39836 4.24212 4.1511 3.61408 2.54209 2.40623 2.27669
threshold=1.0000000180025095e-35 0.05249301344156266 1.1282931154710242e-05 7.4751966394615021e-07 0.00076324320980347704 0.11746299266815187 2.5000000000000004 0.10807117074728013 4.1935285466365719e-08 2.7039660608352283e-06 0.50917410850524913 2.7783073619502834e-09 0.16948933899402621 0.50766482949256908 0.048566129058599479 0.10546645149588586 0.54427608847618114 0.12767100334167483 0.065548479557037367 0.059310715645551688 1.1990982859422242e-10 0.080061092972755446 2.5000000000000004 0.097786840051412596 0.059310715645551688 0.048559507355093963 0.021401781588792804 0.0052508653607219466 0.080061092972755446 0.17930785566568377 0.024688346311450008 0.71060970425605785 0.13708717375993731 0.00022136233747005465 1.0000000180025095e-35 0.1228151135146618 0.082325432449579253 6.0955099456805339e-07
decision_type=2 2 2 2 2 2 2 2 2 2 2 2 2 2 2 2 2 2 2 2 2 2 2 2 2 2 2 2 2 2 2 2 2 2 2 2 2 2
left_child=1 4 3 21 22 6 18 20 -4 34 29 17 -13 14 16 -16 -10 -9 19 -3 -5 -2 23 24 -1 33 -25 -12 -20 -11 -15 -32 -27 -24 35 -7 -8 -22
right_child=2 5 8 7 -6 9 36 11 13 10 27 12 -14 30 15 -17 -18 -19 28 -21 37 -23 25 26 -26 32 -28 -29 -30 -31 31 -33 -34 -35 -36 -37 -38 -39
leaf_value=-0.15933433458773005 0.13135849148229733 -0.065982372491510635 -0.14771277803266739 0.42585802414780893 -0.39341498184114798 -0.22095732911296601 -0.28199976747516725 1.2602306811118951 0.11067545210123575 0.54354119305259985 0.16332164530613397 0.68320809603109045 0.15124373858131956 -0.13408578526092615 0.96889747095675272 0.069470086825323546 -0.018162813563522871 0.15230304865489874 0.24867744601065214 1.6925177596292498 0.879434906324289 -0.22755659391240496 0.12487423420441082 -0.099095938506990375 0.17590415231187706 -0.33549783341027312 0.086400259083620673 -0.057013277368517683 0.77832438410982463 0.32022663462563894 0.023217494428816876 0.65683288171565213 0.050356879713453172 -0.24536011019224924 -0.25322240811358748 -0.02695071018591106 0.13449304467285114 0.38529741525375383
leaf_weight=9185.7707898616791 3256.13763910532 429.30415290594101 2836.9854648113251 566.84290719032288 16681.260157048702 948.16337716579437 1313.2783572077751 1797.3132602572441 13378.854425370693 1893.3362780213356 4961.4356448054314 1689.393962085247 550.76392084360123 6452.3806587457657 1202.5155234932899 22329.972913503647 37004.902147531509 1175.4801136851311 2367.7593865394592 1320.829850256443 790.34400206804276 1945.2115939259529 1253.6097121834755 58623.210423231125 9111.3716220855713 6100.7919426560402 4869.4272989630699 28919.13090056181 4072.3097631931305 10455.439495444298 2465.4085996747017 135.20611989498138 476.77193593978882 361.04136544466019 3399.7554804086685 14080.260484993458 696.04762375354767 173.7585676908493
leaf_count=9585 3129 412 3251 492 21046 1058 1652 1620 13279 2077 5756 1589 497 5957 915 19688 31635 1161 2251 1145 649 1630 1453 53936 9462 6539 4703 32559 4724 11751 2110 109 483 380 4220 15231 882 146
internal_value=-8.98788e-05 -0.000509636 0.00068959 0.00374992 -0.00123479 0.000523635 0.0028258 0.00650586 0.000263517 0.000160438 0.000500143 0.00540564 0.00754037 0.000352922 0.000505903 0.00123512 0.000165292 0.00379502 0.00385881 0.00648449 0.0102462 0.00017611 -0.000889361 -0.00076509 0.00025757 -0.00212982 -0.0010598 -0.000199118 0.00314437 0.00241852 -0.000896064 0.000673252 -0.00286242 0.000854507 -0.000691733 -0.000397943 -0.0013847 0.0126172
internal_weight=279272 181520 97751.5 11945.2 106663 74857.1 10199.5 6743.9 85806.2 64657.5 46229.3 5212.95 2240.16 82969.2 73916.2 23532.5 50383.8 2972.79 8190.2 1750.13 1530.95 5201.35 89982 81789.8 18297.1 8192.21 63492.6 33880.6 6440.07 12348.8 9053 2600.61 6577.56 1614.65 18428.2 15028.4 2009.33 964.103
internal_count=279162 191305 87857 10913 107587 83718 11066 6154 76944 72652 52143 4867 2086 73693 65517 20603 44914 2781 8532 1557 1287 4759 86541 77686 19047 8855 58639 38315 6975 13828 8176 2219 7022 1833 20509 16289 2534 795
is_linear=0
shrinkage=0.0440977


Tree=5
num_leaves=39
num_cat=0
split_feature=16 0 6 19 6 3 3 3 0 12 16 0 12 3 0 3 3 8 5 19 0 16 3 16 0 16 3 16 19 6 0 16 3 3 12 3 3 0
split_gain=64.0898 33.6622 53.9242 30.2923 19.0551 45.6908 19.0125 68.4537 13.1222 15.6315 8.81725 8.56475 8.28809 12.5486 12.2782 9.4332 8.20317 19.6998 9.33454 18.1704 12.3862 8.10361 7.21874 6.9033 7.2879 6.8154 6.10765 6.03431 5.51245 5.46515 4.51513 4.00523 3.83098 3.72975 3.25776 2.95165 11.2734 4.30795
threshold=4.1121879235106469e-08 0.20359309017658236 7.4751966394615021e-07 1.3373437024455372e-08 1.0000000180025095e-35 0.00028404347540345048 0.0010775665869005027 0.0044963988475501546 0.10807117074728013 1.0683193440996776e-08 9.0848502054541324e-07 0.43825021386146551 3.7361638760557985e-06 0.0010775665869005027 0.14109827578067782 1.3946797139396952e-07 0.29700618982315069 1.5000000000000002 1.0000000180025095e-35 0.00039198731246870017 0.32466374337673193 0.0060847864951938399 8.1219440062341174e-07 0.26183025538921362 0.50917410850524913 0.023083658888936046 1.1335085901009736e-06 9.825445431488335e-06 4.1935285466365719e-08 0.10546645149588586 0.67595285177230846 0.0023476403439417486 0.0027929162606596951 0.63629209995269786 0.0072553034406155356 1.1335085901009736e-06 8.1219440062341174e-07 0.14109827578067782
decision_type=2 2 2 2 2 2 2 2 2 2 2 2 2 2 2 2 2 2 2 2 2 2 2 2 2 2 2 2 2 2 2 2 2 2 2 2 2 2
left_child=4 2 6 8 12 35 10 31 22 -10 26 34 13 15 32 -1 18 23 19 27 25 -9 -4 24 -18 -20 -2 -3 -22 -21 -17 -8 -15 -16 -7 36 -6 -37
right_child=1 16 3 -5 5 11 7 21 9 -11 -12 -13 -14 14 33 30 17 -19 20 29 28 -23 -24 -25 -26 -27 -28 -29 -30 -31 -32 -33 -34 -35 -36 37 -38 -39
leaf_value=-0.057713577658248014 0.0079944585719680019 0.0044181004817939991 0.35918514979774724 -0.027402245414253859 0.22145395358984207 -0.023152104374761524 0.52333317864865692 -0.1155306405806289 0.6761612408699097 0.65939380386690516 -0.21111051285003432 -0.16143001953376057 -0.30400267635912581 0.073919826835021074 -0.18807056136143591 -0.32613485943876408 0.068036054315373087 -0.16400175798607031 0.0090281176530486919 0.041843638847965825 -0.22103335912638469 0.10427852391107768 0.78756143329050821 -0.16550465265639525 0.24211291910134641 0.18245226853224389 0.19864675548540292 -0.075787588463007302 -0.059789540529112305 0.10615890924624932 -0.01218562474624664 1.4012606261686955 1.0673970506522727 0.23419152598473217 0.5856279576858503 -0.17275533567544779 0.76120123327226663 0.21147558484927606
leaf_weight=9241.7216888666153 14237.054721653461 16911.88825404644 581.41041243076324 1683.4515605568886 4597.2188952565193 1934.6349030733109 2771.4721793532372 3777.7824887633324 3171.0169764757156 1775.7559295296669 3743.981821835041 49734.970328867435 13832.117722213268 1538.5480539798737 6475.1733872294426 18000.371349334717 2830.9287012815475 3148.7526309490204 2050.2147483229637 18892.029301941395 2742.8371692299843 4430.2715410590172 981.87057662010193 713.96240395307541 5823.1429876089096 1530.7097039818764 1809.2754114866257 12099.696291089058 31385.322702229023 15015.712005972862 1903.5449801683426 35.53311812877655 2260.9995470643044 654.64639830589294 1520.989649951458 1731.6990239024162 909.93370461463928 12373.337699472904
leaf_count=8280 13357 14230 488 1582 4661 2304 3011 3178 2934 1655 4078 58479 16693 1743 8134 18147 2497 3078 1455 16073 2796 3745 841 646 4612 1137 1724 11552 28302 12802 2289 46 2807 793 1805 1978 1027 14302
internal_value=-0.00010767 0.000502428 0.00161966 0.00479895 -0.000840228 -0.000374885 0.000773921 0.00224227 0.00616226 0.00504745 -4.34152e-05 -0.0010457 -0.00146867 -0.00114738 0.000126902 -0.00162521 0.000117328 0.00118192 -1.51034e-05 0.000313696 -0.000563715 0.00020904 0.00968446 0.00219612 0.00253997 0.00190323 0.00040622 -0.000496453 -0.000822609 0.00100686 -0.00216578 0.0081855 0.00215127 -0.000952055 0.00107694 0.0014444 0.00231017 0.00110622
internal_weight=278854 152144 38998.9 8193.51 126710 72802.8 30805.4 11015.1 6510.05 4946.77 19790.3 53190.6 53907.1 40075 10929.4 29145.6 113145 12516.8 100628 62919.3 37709.1 8208.05 1563.28 9368.03 8654.07 3580.92 16046.3 29011.6 34128.2 33907.7 19903.9 2807.01 3799.55 7129.82 3455.62 19612.2 5507.15 14105
internal_count=279261 135819 36639 7500 143442 84556 29139 9980 5918 4589 19159 62588 58886 42193 13477 28716 99180 10833 88347 54657 33690 6923 1329 7755 7109 2592 15081 25782 31098 28875 20436 3057 4550 8927 4109 21968 5688 16280
is_linear=0
shrinkage=0.0440977


Tree=6
num_leaves=39
num_cat=0
split_feature=16 0 6 12 6 3 3 3 17 3 6 16 12 3 0 3 3 0 16 3 8 5 19 0 16 0 16 16 3 19 17 0 3 16 3 3 0 3
split_gain=57.4561 27.3729 43.5446 24.267 17.8813 40.9812 15.772 55.3682 12.7259 10.3943 9.38691 8.4918 7.78055 11.7346 11.3696 8.92255 8.63368 7.62797 7.4383 6.94256 17.679 8.72902 16.5997 11.3403 6.23773 6.04909 6.04016 5.58062 5.54055 5.48561 5.09111 4.27885 3.00964 2.98495 2.88897 3.37803 2.44632 2.32649
threshold=4.1121879235106469e-08 0.20359309017658236 7.4751966394615021e-07 5.1423764801938894e-08 1.0000000180025095e-35 0.00028404347540345048 0.0010775665869005027 0.0044963988475501546 6.0955099456805339e-07 8.1219440062341174e-07 5.5234647788893207e-06 9.0848502054541324e-07 3.7361638760557985e-06 0.0010775665869005027 0.10807117074728013 1.3946797139396952e-07 0.0027929162606596951 0.50917410850524913 0.0060847864951938399 0.29700618982315069 1.5000000000000002 1.0000000180025095e-35 0.00039198731246870017 0.32466374337673193 0.26183025538921362 0.50917410850524913 0.023083658888936046 9.825445431488335e-06 1.1335085901009736e-06 4.1935285466365719e-08 0.04210090450942517 0.67595285177230846 0.63629209995269786 0.0023476403439417486 0.030205942690372471 0.11459131538867952 0.89735960960388195 1.1335085901009736e-06
decision_type=2 2 2 2 2 2 2 2 2 2 2 2 2 2 2 2 2 2 2 2 2 2 2 2 2 2 2 2 2 2 2 2 2 2 2 2 2 2
left_child=4 2 6 8 12 37 11 33 9 -4 -10 28 13 15 16 36 -15 -7 -9 21 24 22 27 26 25 -21 -23 -3 -2 -25 -24 -17 -16 -8 -19 -36 -1 -6
right_child=1 19 3 -5 5 17 7 18 10 -11 -12 -13 -14 14 32 31 -18 34 -20 20 -22 23 30 29 -26 -27 -28 -29 -30 -31 -32 -33 -34 -35 35 -37 -38 -39
leaf_value=-0.094366526906389622 0.0076419212300610773 0.0042232723535213703 0.36125371385543442 -0.062091474067289924 0.36801627639586837 0.042494800896703724 0.50025538218856702 -0.11043600351766235 0.58675674114038434 0.8145894685164714 0.63071284122518534 -0.20180102198473393 -0.2905968535017745 0.070660131505807106 -0.15301261159637272 -0.31175305791778546 1.9045154219781748 -0.12120761981406189 0.09968007946275792 0.065035819899714326 -0.15676965548557048 0.0086299983093586878 0.037193649768225333 -0.21128629343110378 -0.15820627593763881 0.23143629301429633 0.17440654070787526 -0.072445529117053681 0.18988688781871502 -0.057152958513930201 0.098276501756436332 -0.011648266560092525 0.22386421522008842 1.339468236850361 -0.29710484933390097 -0.15895847722013906 0.087369498468601994 0.17533368547813666
leaf_weight=8075.342273235321 14237.054721653461 16911.88825404644 575.23073971271515 1495.0009440779686 5507.1525998711586 7174.7006400227547 2771.4721793532372 3777.7824887633324 3751.5909984707832 765.63156342506409 1606.0512099266052 3743.981821835041 13832.117722213268 1538.5480539798737 7600.5690287947655 18000.371349334717 1135.6039054989815 27644.135588407516 4430.2715410590172 2830.9287012815475 3148.7526309490204 2050.2147483229637 16845.882356584072 2742.8371692299843 713.96240395307541 5823.1429876089096 1530.7097039818764 12099.696291089058 1809.2754114866257 31385.322702229023 17061.858951330185 1903.5449801683426 654.64639830589294 35.53311812877655 8326.7427283525467 10045.015925109386 1166.3794156312943 14105.03672337532
leaf_count=7213 13357 14230 480 1438 5688 8448 3011 3178 3465 657 1460 4078 16693 1743 9547 18147 1394 31944 3745 2497 3078 1455 14322 2796 646 4612 1137 11552 1724 28302 14553 2289 793 46 10135 12061 1067 16280
internal_value=-0.000132724 0.000444936 0.00145241 0.00430938 -0.000826335 -0.000375552 0.00069241 0.00202978 0.00544299 0.0092849 0.00447992 -5.20209e-05 -0.00143511 -0.00112381 0.000108444 -0.00158589 0.00260687 -0.00101085 0.000201184 9.76703e-05 0.00107705 -2.41609e-05 0.000293796 -0.00055468 0.00203783 0.00236468 0.00180582 -0.000480548 0.000389238 -0.000802402 0.000956321 -0.00211162 -0.000701102 0.00737486 -0.00121937 -0.00164799 -0.000453508 0.00134742
internal_weight=278854 152144 38998.9 8193.51 126710 72802.8 30805.4 11015.1 6698.5 1340.86 5357.64 19790.3 53907.1 40075 10929.4 29145.6 2674.15 53190.6 8208.05 113145 12516.8 100628 62919.3 37709.1 9368.03 8654.07 3580.92 29011.6 16046.3 34128.2 33907.7 19903.9 8255.22 2807.01 46015.9 18371.8 9241.72 19612.2
internal_count=279261 135819 36639 7500 143442 84556 29139 9980 6062 1137 4925 19159 58886 42193 13477 28716 3137 62588 6923 99180 10833 88347 54657 33690 7755 7109 2592 25782 15081 31098 28875 20436 10340 3057 54140 22196 8280 21968
is_linear=0
shrinkage=0.0440977


Tree=7
num_leaves=39
num_cat=0
split_feature=16 15 0 6 12 0 16 16 17 12 16 12 15 16 16 6 15 16 16 8 17 16 0 12 6 12 16 15 12 0 6 6 0 5 0 0 6 0
split_gain=50.746 149.881 23.3708 37.1372 20.8824 19.7608 12.4837 42.0776 12.0213 11.7951 11.1872 9.51201 13.1646 9.31681 7.5571 7.32688 6.97311 5.89856 5.62112 15.5888 8.33344 9.87282 5.51251 5.18311 4.86791 4.70252 4.60935 4.42859 3.81782 8.62865 3.46272 4.83567 2.96367 2.94309 2.72003 2.54286 2.08552 1.97513
threshold=4.1121879235106469e-08 0.05249301344156266 0.20359309017658236 7.4751966394615021e-07 5.1423764801938894e-08 0.29870507121086126 0.00031771855719853198 0.0013257549726404252 6.0955099456805339e-07 0.002313763834536076 1.0000000180025095e-35 8.9537559233576768e-07 0.11112770810723306 2.3947405480839739e-07 9.0848502054541324e-07 5.5234647788893207e-06 0.060988180339336402 0.18760957568883899 0.087571736425161376 1.5000000000000002 0.048566129058599479 0.0060847864951938399 0.32466374337673193 0.0030789537122473125 3.6594201446860103e-07 0.10951028019189836 0.26183025538921362 1.0000000180025095e-35 0.00017683237820165235 0.43825021386146551 1.0000000180025095e-35 0.0016745353932492437 0.072442274540662779 1.0000000180025095e-35 0.059310715645551688 0.64298623800277721 0.10546645149588586 0.080061092972755446
decision_type=2 2 2 2 2 2 2 2 2 2 2 2 2 2 2 2 2 2 2 2 2 2 2 2 2 2 2 2 2 2 2 2 2 2 2 2 2 2
left_child=1 10 3 6 8 9 14 34 13 11 27 12 -3 -5 24 -10 18 -9 20 26 22 -22 -4 32 -2 28 -20 30 -7 -30 -1 -32 -12 36 -8 -34 -27 -11
right_child=2 5 16 4 -6 25 7 17 15 37 23 -13 -14 -15 -16 -17 -18 -19 19 -21 21 -23 -24 -25 -26 33 -28 -29 29 -31 31 -33 35 -35 -36 -37 -38 -39
leaf_value=-0.35468999512972171 0.047678009359239291 0.6728216033454687 0.033514640705167353 0.34532325116179285 -0.059353382046959877 -0.037620877101071135 -0.16369258439528397 0.054739283746837522 0.56088211060656468 -0.23811493652175464 -0.27872290712161163 0.94183845527582744 0.10601211677521295 0.77866793569583459 -0.19290205837836111 0.60289984719307621 -0.13017170008037277 -0.33290905365998186 0.18382688988146018 -0.14408644199853096 0.087380386153355624 -0.052461715275629456 -0.037249827960156058 -0.23617158119487899 -0.18000937773543027 -0.073955985229588336 -0.20331943446501152 -0.19662647370934963 0.99072369969810092 0.049553078988993984 -0.24209532991299942 -0.35584594159869559 0.19419441135566781 -0.21501565066626011 0.47819526377982591 -0.042688869801049217 0.13298705468167576 0.00092756931066847602
leaf_weight=19076.337770462036 14117.08932954073 7511.4222604632378 15858.236757695675 575.23073971271515 1495.0009440779686 16613.816242277622 55.617054462432861 7239.749268591404 3751.5909984707832 1210.7353084087372 1407.05529743433 1058.363317489624 9690.2417334914207 765.63156342506409 3688.3647673726082 1606.0512099266052 1960.5011678934097 1029.3290293216705 8654.0716888904572 3083.0936083197594 20052.141964316368 11000.60317927599 51993.2995890975 2599.1025471687317 1929.2408035993576 4204.5611625909805 543.24894511699677 3535.4066289663315 1265.3352720141411 23954.778895676136 6290.1559050679207 15761.78618901968 1149.5690525174141 4502.3170798420906 2745.9810293912888 3184.5404537320137 1261.4400895833969 2432.942126095295
leaf_count=22467 13493 7679 12171 480 1438 18141 72 6042 3465 1524 1088 1195 11387 657 4006 1460 2394 960 7109 2993 16623 10731 46734 2585 1588 4668 425 3577 1468 26871 7652 19935 918 5404 2978 2329 1473 3081
internal_value=-0.000147608 -0.000799459 0.000395274 0.00132619 0.0039646 0.000486679 0.000624329 0.00180949 0.00501619 0.00159706 -0.0025879 0.00205415 0.00180426 0.00875005 -4.05728e-05 0.00408025 7.43973e-05 0.000226803 0.000120377 0.00101016 9.88828e-06 0.00060822 -0.000263948 -0.00110518 0.000373172 1.7153e-05 0.00191978 -0.00286475 0.000222251 0.000564159 -0.0029935 -0.00261685 -0.000365348 -0.000843515 0.00647912 0.000205629 -0.000155757 -0.000693596
internal_weight=278854 126710 152144 38998.9 8193.51 73706 30805.4 11070.7 6698.5 21903.7 53004 18260 17201.7 1340.86 19734.7 5357.64 113145 8269.08 111185 12280.4 98904.3 31052.7 67851.5 8340.27 16046.3 51802.2 9197.32 44663.7 41833.9 25220.1 41128.3 22051.9 5741.16 9968.32 2801.6 4334.11 5466 3643.68
internal_count=279261 143442 135819 36639 7500 82891 29139 10052 6062 24866 60551 20261 19066 1137 19087 4925 99180 7002 96786 10527 86259 27354 58905 6920 15081 58025 7534 53631 46480 28339 50054 27587 4335 11545 3050 3247 6141 4605
is_linear=0
shrinkage=0.0440977


Tree=8
num_leaves=39
num_cat=0
split_feature=16 0 6 19 6 3 3 3 17 3 16 0 6 16 3 3 3 0 3 8 5 19 0 6 19 16 16 3 0 16 3 3 3 0 0 16 19 8
split_gain=49.1098 20.1212 32.7791 18.2504 15.6058 34.5644 10.8429 40.5706 9.75461 8.02314 7.34524 6.65556 6.59277 6.56843 5.03865 4.88494 15.5916 6.98486 4.4635 14.6609 7.47002 14.9016 9.5861 5.51248 5.44461 5.02975 4.90164 4.82868 4.41154 3.08296 2.81859 3.1414 2.75644 9.39471 3.15694 2.5539 5.43029 1.78591
threshold=4.1121879235106469e-08 0.20359309017658236 7.4751966394615021e-07 1.3373437024455372e-08 1.0000000180025095e-35 0.00028404347540345048 0.0010775665869005027 0.0044963988475501546 6.0955099456805339e-07 8.1219440062341174e-07 9.0848502054541324e-07 0.50917410850524913 5.5234647788893207e-06 0.0060847864951938399 1.1335085901009736e-06 0.0010775665869005027 0.014099423773586752 0.68731313943862926 0.29700618982315069 1.5000000000000002 1.0000000180025095e-35 0.00069412915036082279 0.32466374337673193 0.079255644232034697 4.1935285466365719e-08 0.26183025538921362 0.023083658888936046 0.0054398581851273784 0.50917410850524913 0.0023476403439417486 0.030205942690372471 0.11459131538867952 0.0027929162606596951 0.097786840051412596 0.065548479557037367 2.3222270328915332e-08 0.0090823350474238413 1.5000000000000002
decision_type=2 2 2 2 2 2 2 2 2 2 2 2 2 2 2 2 2 2 2 2 2 2 2 2 2 2 2 2 2 2 2 2 2 2 2 2 2 2
left_child=4 2 6 8 15 -6 10 29 9 -4 14 -7 -10 -9 -2 17 32 35 20 25 21 27 26 -23 -24 28 -22 -3 -20 -8 37 -32 34 -34 -17 -1 -37 -13
right_child=1 18 3 -5 5 11 7 13 12 -11 -12 30 -14 -15 -16 16 -18 -19 19 -21 22 23 24 -25 -26 -27 -28 -29 -30 -31 31 -33 33 -35 -36 36 -38 -39
leaf_value=-0.27306934323367449 0.0079404913037107051 -0.034054146573065616 0.33009528544437633 -0.028912725877519131 0.20048946693463135 0.042279872002632793 0.45710794614751749 -0.10797990553877095 0.53614849211115889 0.74433046032997185 -0.18439551871755941 -0.0724883867057739 0.64683170538363743 0.092870538659612673 0.17941081909841752 0.48208053416405183 -0.2306889165078399 -0.027318324777095542 0.054061543478589262 -0.14350258956125159 0.0067715161019576099 0.032401964179171523 -0.19954970651633044 0.10132899645602812 -0.053547189736923899 -0.1426448011790738 0.16523769206582678 0.13194452711166446 0.21312413624070253 1.2779868733592268 -0.27877315773710393 -0.14993499352748579 2.3191470858964589 0.26950332187081627 -0.1377529759390036 0.098642529067978824 -0.34054463677169328 -0.16292021649364144
leaf_weight=29217.943412661552 14237.054721653461 29685.459808111191 575.23073971271515 1683.4515605568886 19612.189323246479 7174.7006400227547 2771.4721793532372 3777.7824887633324 3751.5909984707832 765.63156342506409 3743.981821835041 15109.940692842007 1417.6005934476852 4430.2715410590172 1809.2754114866257 469.49745470285416 12024.107251703739 6203.057513833046 2830.9287012815475 3148.7526309490204 2050.2147483229637 14884.889584064484 2742.8371692299843 16355.943093121052 31385.322702229023 713.96240395307541 1530.7097039818764 1993.0333677530289 5823.1429876089096 35.53311812877655 8326.7427283525467 10045.015925109386 714.22070080041885 1677.5410379767418 1069.0505992770195 1567.2743980288506 964.4307581782341 12534.19489556551
leaf_count=30698 13357 26504 480 1582 21968 8448 3011 3178 3465 657 4078 17041 1316 3745 1724 524 15038 6132 2497 3078 1455 12530 2796 13952 28302 646 1137 1671 4612 46 10135 12061 867 2106 1219 1294 1008 14903
internal_value=-0.000167522 0.000366537 0.00123031 0.00370908 -0.000808779 -0.000387653 0.000570918 0.00167979 0.00476728 0.00811868 -4.63213e-05 -0.000971098 0.00389654 0.000114514 0.000364069 -0.0013775 -0.000729989 -0.00164967 6.88028e-05 0.000854094 -2.88841e-05 0.00026525 -0.000519655 0.000948615 -0.000747413 0.00172903 0.00165061 -0.000408682 0.00202254 0.0062552 -0.00116587 -0.00158924 0.00168093 0.00261726 0.000224591 -0.00191409 -0.000570234 -0.000884462
internal_weight=278854 152144 38998.9 8193.51 126710 72802.8 30805.4 11015.1 6510.05 1340.86 19790.3 53190.6 5169.19 8208.05 16046.3 53907.1 15954.4 37952.7 113145 12516.8 100628 62919.3 37709.1 31240.8 34128.2 9368.03 3580.92 31678.5 8654.07 2807.01 46015.9 18371.8 3930.31 2391.76 1538.55 31749.6 2531.71 27644.1
internal_count=279261 135819 36639 7500 143442 84556 29139 9980 5918 1137 19159 62588 4781 6923 15081 58886 19754 39132 99180 10833 88347 54657 33690 26482 31098 7755 2592 28175 7109 3057 54140 22196 4716 2973 1743 33000 2302 31944
is_linear=0
shrinkage=0.0440977


Tree=9
num_leaves=39
num_cat=0
split_feature=16 15 0 0 19 19 3 3 3 0 16 3 0 16 0 12 12 3 0 3 3 15 3 12 12 3 8 3 3 0 13 0 3 0 15 16 0 0
split_gain=44.6282 143.443 17.3261 15.8273 15.5738 26.5773 13.572 13.402 33.2301 11.8595 11.3338 9.59721 9.97367 9.34378 8.2585 7.97367 9.03683 7.33279 7.2242 6.36841 7.25492 6.24328 5.7768 5.59902 4.56607 4.47867 13.241 6.16996 15.792 7.8001 4.97463 4.4181 4.4006 8.58129 4.38392 2.87015 2.77008 2.29622
threshold=4.1121879235106469e-08 0.05249301344156266 0.20359309017658236 0.29870507121086126 1.1990982859422242e-10 1.3373437024455372e-08 9.2124505499668902e-06 0.0010775665869005027 0.0044963988475501546 0.10807117074728013 1.0000000180025095e-35 0.014099423773586752 0.080061092972755446 6.3124673488346175e-08 0.16948933899402621 5.1423764801938894e-08 1.0000000180025095e-35 0.63629209995269786 0.18421864509582522 0.030205942690372471 0.078289981931447997 0.060988180339336402 2.14092125361276e-07 1.0683193440996776e-08 0.0030789537122473125 0.29700618982315069 1.5000000000000002 0.0096328733488917368 0.0013672488275915386 0.32466374337673193 1.0000000180025095e-35 0.32466374337673193 5.1154045650037012e-05 0.50917410850524913 1.0000000180025095e-35 0.0023476403439417486 0.072442274540662779 0.94336822628974926
decision_type=2 2 2 2 2 2 2 2 2 2 2 2 2 2 2 2 2 2 2 2 2 2 2 2 2 2 2 2 2 2 2 2 2 2 2 2 2 2
left_child=1 10 4 6 7 9 15 13 35 -6 34 12 -8 -2 -10 16 -3 22 -15 32 -21 25 -7 -11 36 27 30 28 -4 -29 -27 -22 37 -34 -1 -9 -12 -5
right_child=2 3 21 19 5 17 11 8 14 23 24 -13 -14 18 -16 -17 -18 -19 -20 20 31 -23 -24 -25 -26 26 -28 29 -30 -31 -32 -33 33 -35 -36 -37 -38 -39
leaf_value=-0.32700724381997281 0.19240057875028627 0.0076245317919199761 -0.013782165812846033 -0.11131917233922557 0.66857170384700382 -0.15492445162634577 0.1871323232828293 0.43695053100192749 -0.10032900689647649 0.58440828520163046 -0.2627256766048372 0.046771257917435451 1.3538137517463178 -0.087310337366751783 0.38171331025313537 -0.066846446092573161 0.47451120004994901 -0.34060292129115854 0.16009553015769992 -0.24211822085162116 0.64849120706968799 -0.12655564516850473 0.12392893284981725 0.55261579503660396 -0.22159387860590282 0.10328054423325028 -0.13140442334336219 0.088725940991955535 0.093663783549810586 -0.052302458439337098 0.52281532531822972 -0.022631975831168785 0.47039315033061302 0.053024844551483596 -0.17779822227720676 1.2216305746467935 0.022976750330505287 3.5746160626129724
leaf_weight=41128.279864549637 1641.3871256113052 4796.2945175170898 37778.008640944958 6764.6079434752464 971.05614936351776 851.4292243719101 1088.8427683115005 2771.4721793532372 4076.3485159873962 3134.7113992571831 1407.05529743433 1593.978641808033 2749.1933541893959 12855.69295501709 1414.0799276828766 5199.1963936090469 6476.1990705132484 976.02935212850571 1246.4830109477043 4967.9039479494095 188.36467891931534 1960.5011678934097 7289.0657231807709 1735.5880568623543 2599.1025471687317 7127.4776045680046 3083.0936083197594 3522.9900205731392 19574.944112241268 38028.338716626167 2069.8430294394493 13795.343774020672 3285.5894506573677 22669.854291021824 3535.4066289663315 35.53311812877655 4334.1095062494278 130.58465594053268
leaf_count=50054 1486 5588 33007 6416 827 887 1106 3011 3429 2887 1088 2002 3191 12321 1021 6292 6687 891 1203 6004 226 2394 7027 1603 2585 5726 2993 2517 16840 33895 1808 16411 3665 25160 3577 46 3247 143
internal_value=-0.000177031 -0.000788329 0.000332076 0.000469882 0.00113361 0.00225076 0.00146362 0.000438483 0.00187255 0.00457267 -0.00253794 0.00337489 0.00456916 -0.000317395 -0.000123056 0.000833152 0.00149203 0.000762674 -0.000683964 4.9678e-05 -0.000594037 5.57945e-05 0.0011958 0.00368404 -0.00104554 9.93021e-05 0.000893538 6.78076e-07 0.000297135 -0.000408516 0.00173187 -7.97304e-05 0.000421045 0.000684104 -0.00281659 0.00577456 -0.000351147 -0.000569136
internal_weight=278854 126710 152144 73706 38998.9 14957.9 21903.7 24041 8297.43 5841.36 53004 5432.01 3838.04 15743.6 5490.43 16471.7 11272.5 9116.52 14102.2 51802.2 18951.6 113145 8140.49 4870.3 8340.27 111185 12280.4 98904.3 57353 41551.3 9197.32 13983.7 32850.6 25955.4 44663.7 2807.01 5741.16 6895.19
internal_count=279261 143442 135819 82891 36639 14122 24866 22517 7507 5317 60551 6299 4297 15010 4450 18567 12275 8805 13524 58025 22641 99180 7914 4490 6920 96786 10527 86259 49847 36412 7534 16637 35384 28825 53631 3057 4335 6559
is_linear=0
shrinkage=0.0440977


Tree=10
num_leaves=39
num_cat=0
split_feature=16 15 15 3 16 6 14 17 3 3 3 17 3 3 16 19 14 16 6 6 3 3 16 3 3 12 15 19 6 3 6 3 6 3 6 6 12 16
split_gain=46.3128 140.201 16.0779 18.7688 14.7816 39.6374 10.9326 9.81126 9.67081 9.42961 9.21985 19.5201 11.4723 10.3737 7.82925 7.21547 6.84524 8.13449 6.5983 14.2727 6.44279 6.2245 6.13651 5.83442 5.77404 5.71359 5.26175 5.13213 7.19766 7.08107 4.79056 4.65109 4.08526 3.94239 3.73036 4.16395 3.41196 3.40796
threshold=4.1121879235106469e-08 0.05249301344156266 0.11112770810723306 0.0027929162606596951 1.2678929692810927e-06 7.4751966394615021e-07 2.5000000000000004 6.0955099456805339e-07 0.0010775665869005027 0.030205942690372471 0.0079622003249824064 0.0027892800280824308 0.0044963988475501546 0.078289981931447997 1.0000000180025095e-35 0.050431555137038238 1.0000000180025095e-35 6.3124673488346175e-08 2.7039660608352283e-06 0.0052508653607219466 2.9878962948259874e-07 8.1219440062341174e-07 0.22697485983371737 7.8760091781759924e-08 5.1154045650037012e-05 0.034923546016216285 1.0000000180025095e-35 0.00092368613695725809 0.033633943647146232 3.3323743991786621e-05 0.029156521894037727 0.0044963988475501546 1.0000000180025095e-35 9.2124505499668902e-06 1.0000000180025095e-35 0.0052508653607219466 0.0030789537122473125 3.3421297018776391e-07
decision_type=2 2 2 2 2 2 2 2 2 2 2 2 2 2 2 2 2 2 2 2 2 2 2 2 2 2 2 2 2 2 2 2 2 2 2 2 2 2
left_child=1 14 3 6 5 16 23 21 27 18 11 12 -10 30 26 -13 20 -18 24 -20 32 -7 -15 -3 -4 -11 34 29 -29 33 -12 -5 -2 -6 -1 -36 -16 -22
right_child=4 2 9 31 8 7 -8 -9 10 25 13 15 -14 22 36 -17 17 -19 19 -21 37 -23 -24 -25 -26 -27 -28 28 -30 -31 -32 -33 -34 -35 35 -37 -38 -39
leaf_value=-0.31258697214268477 0.0037930156782874161 3.4287785631818184 -0.10641025139524118 3.8992000863871925 -0.040735474614270233 0.28731983242967102 -0.13460361710722563 0.47737814310213916 0.43423959756705088 -0.023247971543197663 -0.083428073681677956 0.0077744749302226298 0.16094116725319055 0.076792372154691091 -0.055197750586722959 0.14175666447611232 -0.1655325342669608 0.18727031437224229 0.35871699227499465 0.026786181668227198 -0.12066834217674052 0.66818983553288736 -0.1127237030611629 0.35591333993677959 0.22911917370017845 -0.22099209614009657 -0.14511365251557293 0.11285305670004761 -0.11006476824100998 -0.12234758401358557 0.0020765149287877557 1.5045618782750612 0.24716666479912458 0.069156511825964329 -0.24285511267652374 -0.3134404188391528 -0.21182209528332821 0.0097450827461772766
leaf_weight=19151.952000617981 1862.5063197016716 608.26821213960648 10422.861084878445 397.49969410896301 8030.4109176397324 557.94754111766815 2026.9949367642403 5481.9252882599831 2794.5881652832031 14542.712862432003 13968.09874022007 15961.644413053989 2637.7446306943893 28490.448758721352 5622.1407290101051 2224.2083112001419 863.65601593255997 4125.9026682972908 10432.265211343765 20860.572417914867 6232.1730334162712 767.96164101362228 3155.9226328730583 6370.119330227375 2532.1440522074699 5343.8813045620918 3519.1635749936104 6631.7546935677528 3055.0353346467018 13139.252725958824 18295.641254782677 352.13861811161041 1589.916318833828 6742.9363055825233 7250.4343007802963 14895.587382733822 2547.5859306454659 5118.7533197999001
leaf_count=22498 1548 415 11027 461 5201 490 2564 5019 3024 17340 11688 13839 2503 25524 4271 1875 915 4194 11652 22713 5446 640 3027 6658 3037 6439 3567 5536 2611 13389 15428 429 1751 6977 8863 18806 2555 4979
internal_value=-0.000187402 -0.000809149 0.000432204 0.00210001 0.000332508 0.00127649 0.0015414 0.00417872 0.000131819 0.000178497 0.000385908 0.00113039 0.0034497 0.000110769 -0.00254017 0.000437431 0.000278098 0.00169048 0.000536963 0.000883438 -0.000198035 0.00758215 0.000678034 0.00236942 -0.000299952 -0.000619079 -0.00276904 -0.000459673 0.000414846 -0.00076317 -0.000445645 0.0087996 0.00146982 -0.000100763 -0.00290853 -0.00251849 -0.00128447 -0.000705402
internal_weight=278605 126876 73889.5 9755.02 151728 26600.7 9005.38 6807.83 125128 64134.4 87528.3 23618.2 5432.33 63910.1 52986.9 18185.9 19792.9 4989.56 44247.8 31292.8 14803.3 1325.91 31646.4 6978.39 12955 19886.6 44817.1 37599.4 9686.79 27912.6 32263.7 749.638 3452.42 14773.3 41298 22146 8169.73 11350.9
internal_count=278899 143295 82735 10527 135604 24982 9637 6149 110622 72208 76908 21241 5527 55667 60560 15714 18833 5109 48429 34365 13724 1130 28551 7073 14064 23779 53734 33714 8147 25567 27116 890 3299 12178 50167 27669 6826 10425
is_linear=0
shrinkage=0.0440977


Tree=11
num_leaves=39
num_cat=0
split_feature=16 15 0 6 0 5 16 16 16 0 13 12 6 16 0 6 16 8 0 0 19 16 0 0 12 12 0 0 0 12 6 6 0 0 0 0 0 6
split_gain=44.8622 133.758 12.949 23.7056 15.0405 10.4333 9.02359 7.96768 8.4377 22.8978 11.3611 7.60511 10.9235 6.99803 11.5027 9.58761 14.6069 13.08 5.51084 9.2937 5.07214 6.83414 4.94601 4.77031 12.936 4.36825 4.24834 4.22205 4.2173 4.18928 4.05048 4.26227 3.94484 3.43744 2.79411 2.78046 2.59888 2.53328
threshold=4.1121879235106469e-08 1.0000000180025095e-35 0.20359309017658236 7.4751966394615021e-07 0.12767100334167483 1.0000000180025095e-35 1.0000000180025095e-35 0.18760957568883899 0.00031771855719853198 0.097786840051412596 1.5000000000000002 0.00098189854179509006 1.0000000180025095e-35 0.02792720124125481 0.32466374337673193 0.0001032937398122158 0.18760957568883899 1.5000000000000002 0.11746299266815187 0.10807117074728013 1.1399192345606936e-07 0.0060847864951938399 0.10807117074728013 0.16948933899402621 1.0683193440996776e-08 1.8290079424332364e-06 0.52643263339996349 0.85359486937522899 0.080061092972755446 0.12632722407579425 1.0000000180025095e-35 0.0052508653607219466 0.71060970425605785 0.38354487717151647 0.71060970425605785 0.059310715645551688 0.15593771636486056 0.0052508653607219466
decision_type=2 2 2 2 2 2 2 2 2 2 2 2 2 2 2 2 2 2 2 2 2 2 2 2 2 2 2 2 2 2 2 2 2 2 2 2 2 2
left_child=1 6 3 7 18 11 30 8 10 -10 -2 12 22 20 -15 16 -16 -17 19 -5 26 25 -3 24 -6 -22 33 -8 -13 34 -1 -32 -28 -4 36 -14 -7 -30
right_child=2 5 13 4 23 29 27 -9 9 -11 -12 28 35 14 15 17 -18 -19 -20 -21 21 -23 -24 -25 -26 -27 32 -29 37 -31 31 -33 -34 -35 -36 -37 -38 -39
leaf_value=-0.29880260147119003 -0.03126200906917144 0.28269633964081364 -0.02901713102541216 0.43821588772274173 -0.074882326915941683 -0.15410820363847511 -0.1612672555529327 -0.3289694793360417 0.31147456168842463 -0.032925815017542125 0.1809312603713058 -0.24499821181071943 1.0200263134154739 0.18085128053353608 -0.13225577335035679 0.1953369088012025 0.146655634634171 -0.019546652333159453 2.516190861707913 0.23204146588044955 0.35262639998204309 -0.079101486175580271 -0.025999963371167962 -0.011173120732070552 0.57332515706507403 0.019655766068320309 -0.27719100381867001 0.061920738270932071 0.13676135577446238 -0.18952227176905598 -0.23214575754999986 -0.29961841311994047 -0.045004477750211262 0.11288995188372877 -0.10509737948821404 0.36142080327381254 0.053393451923134334 -0.0087306092687912205
leaf_weight=19151.952000617981 17002.571772277355 5404.6891754865646 12998.86179959774 1531.5710541009903 1378.1062106490135 1421.9590985774994 7089.8448536992073 1069.8692542910576 4617.2697376608849 5347.5224487781525 2624.8289726376534 1183.5002565979958 105.61892729997635 1064.7790788412094 7167.3688361644745 9369.8256336450577 1089.7972369194031 7952.3360649943352 867.44792991876602 989.35914468765259 1581.8633125424385 13743.339321136475 10396.399643659592 1858.0598920583725 1548.1646960377693 50247.441589713097 2743.773207962513 1076.7919695973396 4870.8867359161377 4181.9509924054146 7250.4343007802963 14895.587382733822 2908.472123503685 2025.7997124791145 7623.4724279046059 14084.259168028831 13092.291712999344 15046.68299716711
leaf_count=22498 16510 5241 9200 1306 1329 1800 6017 975 4726 4325 2688 1498 98 805 6267 8317 926 7790 814 798 1717 12728 10938 1811 1473 42950 2995 805 5844 5016 8863 18806 3076 2078 9085 14875 15468 16443
internal_value=-0.000203095 -0.000815027 0.000308609 0.00100318 0.00311335 0.000329513 -0.00260619 0.00044065 0.000575856 0.00162084 4.52666e-05 0.000696948 0.00114822 6.96728e-05 0.000694324 0.000507279 -0.000729214 0.0010967 0.00536088 0.00431461 -0.000123299 6.65987e-05 0.000350649 0.00152081 0.00263007 0.000298423 -0.000725497 -0.0012666 5.55316e-05 -0.000383756 -0.00287106 -0.00246466 -0.00175595 -0.000337751 -0.000141919 0.00203626 0.000217129 0.000207548
internal_weight=278605 126876 151728 38834.8 8172.71 77411.7 49464.6 30662.1 29592.2 9964.79 19627.4 51092 29991 112894 26644.1 25579.3 8257.17 17322.2 3388.38 2520.93 86249.6 65572.6 15801.1 4784.33 2926.27 51829.3 20676.9 8166.64 21101.1 26319.7 41298 22146 5652.25 15024.7 22137.7 14189.9 14514.3 19917.6
internal_count=278899 143295 135604 36755 7531 86306 56989 29224 28249 9051 19198 54937 31152 98849 24105 23300 7193 16107 2918 2104 74744 57395 16179 4613 2802 44667 17349 6822 23785 31369 50167 27669 6071 11278 26353 14973 17268 22287
is_linear=0
shrinkage=0.0440977


end of trees

feature_importances:
event_decay_major=111
event_decay_operation=106
event_decay_operation_weighted=69
event_decay_case_drop=44
event_decay_game_update_weighted=29
event_decay_major_weighted=28
event_decay_game_update=21
event_decay_case_drop_weighted=21
event_density_90d_game_update=10
event_density_90d_case_drop=9
event_density_90d_operation=5
event_density_30d_game_update=3

parameters:
[boosting: gbdt]
[objective: quantile]
[metric: quantile]
[tree_learner: serial]
[device_type: cpu]
[data_sample_strategy: bagging]
[data: ]
[valid: ]
[num_iterations: 1000]
[learning_rate: 0.0440977]
[num_leaves: 39]
[num_threads: -1]
[seed: 57]
[deterministic: 0]
[force_col_wise: 0]
[force_row_wise: 0]
[histogram_pool_size: -1]
[max_depth: 6]
[min_data_in_leaf: 5]
[min_sum_hessian_in_leaf: 0.001]
[bagging_fraction: 0.7]
[pos_bagging_fraction: 1]
[neg_bagging_fraction: 1]
[bagging_freq: 5]
[bagging_seed: 30554]
[bagging_by_query: 0]
[feature_fraction: 0.8]
[feature_fraction_bynode: 1]
[feature_fraction_seed: 30558]
[extra_trees: 0]
[extra_seed: 6244]
[early_stopping_round: 0]
[early_stopping_min_delta: 0]
[first_metric_only: 0]
[max_delta_step: 0]
[lambda_l1: 0]
[lambda_l2: 1]
[linear_lambda: 0]
[min_gain_to_split: 0.1]
[drop_rate: 0.1]
[max_drop: 50]
[skip_drop: 0.5]
[xgboost_dart_mode: 0]
[uniform_drop: 0]
[drop_seed: 23688]
[top_rate: 0.2]
[other_rate: 0.1]
[min_data_per_group: 100]
[max_cat_threshold: 32]
[cat_l2: 10]
[cat_smooth: 10]
[max_cat_to_onehot: 4]
[top_k: 20]
[monotone_constraints: ]
[monotone_constraints_method: basic]
[monotone_penalty: 0]
[feature_contri: ]
[forcedsplits_filename: ]
[refit_decay_rate: 0.9]
[cegb_tradeoff: 1]
[cegb_penalty_split: 0]
[cegb_penalty_feature_lazy: ]
[cegb_penalty_feature_coupled: ]
[path_smooth: 0]
[interaction_constraints: ]
[verbosity: -1]
[saved_feature_importance_type: 0]
[use_quantized_grad: 0]
[num_grad_quant_bins: 4]
[quant_train_renew_leaf: 0]
[stochastic_rounding: 1]
[linear_tree: 0]
[max_bin: 63]
[max_bin_by_feature: ]
[min_data_in_bin: 3]
[bin_construct_sample_cnt: 200000]
[data_random_seed: 224]
[is_enable_sparse: 1]
[enable_bundle: 1]
[use_missing: 1]
[zero_as_missing: 0]
[feature_pre_filter: 0]
[pre_partition: 0]
[two_round: 0]
[header: 0]
[label_column: ]
[weight_column: ]
[group_column: ]
[ignore_column: ]
[categorical_feature: ]
[forcedbins_filename: ]
[precise_float_parser: 0]
[parser_config_file: ]
[objective_seed: 6962]
[num_class: 1]
[is_unbalance: 0]
[scale_pos_weight: 1]
[sigmoid: 1]
[boost_from_average: 1]
[reg_sqrt: 0]
[alpha: 0.9]
[fair_c: 1]
[poisson_max_delta_step: 0.7]
[tweedie_variance_power: 1.5]
[lambdarank_truncation_level: 30]
[lambdarank_norm: 1]
[label_gain: ]
[lambdarank_position_bias_regularization: 0]
[eval_at: ]
[multi_error_top_k: 1]
[auc_mu_weights: ]
[num_machines: 1]
[local_listen_port: 12400]
[time_out: 120]
[machine_list_filename: ]
[machines: ]
[gpu_platform_id: -1]
[gpu_device_id: -1]
[gpu_use_dp: 0]
[num_gpu: 1]

end of parameters

pandas_categorical:[]
