tree
version=v4
num_class=1
num_tree_per_iteration=1
label_index=0
max_feature_idx=19
objective=quantile
feature_names=event_decay_major event_density_30d_major event_density_90d_major event_decay_operation event_density_30d_operation event_density_90d_operation event_decay_case_drop event_density_30d_case_drop event_density_90d_case_drop event_decay_update event_density_30d_update event_density_90d_update event_decay_game_update event_density_30d_game_update event_density_90d_game_update event_decay_major_weighted event_decay_operation_weighted event_decay_case_drop_weighted event_decay_update_weighted event_decay_game_update_weighted
feature_infos=[0.031220927834510803:0.98347145318984985] [0:2] [0:3] [1.5229979055675358e-08:0.95349693298339844] [0:1] [0:1] [0:0.93106275796890259] [0:1] [0:3] none none none [0:0.86687791347503662] [0:2] [0:3] [0:0.98347145318984985] [0:0.95349693298339844] [0:0.93106275796890259] none [0:0.26006338000297546]
tree_sizes=997 1037 1037 1037 1033 1037 1039 1036 1038 1034 1044 1031 1042 1032 1028 1034 1038 1034 931 1039 1036 1033 1035 1027 1033 1033 1038 1051 1049 1043 1033

Tree=0
num_leaves=8
num_cat=0
split_feature=0 17 0 15 0 12 15
split_gain=160.764 90.7663 128.308 86.7938 48.3378 47.5249 22.9885
threshold=0.059310715645551688 8.9571930317333694e-08 0.14109827578067782 0.060988180339336402 0.039757162332534797 1.0000000180025095e-35 1.0000000180025095e-35
decision_type=2 2 2 2 2 2 2
left_child=4 3 -3 -2 6 -6 -1
right_child=1 2 -4 -5 5 -7 -8
leaf_value=-11.446466283186938 -11.401477940518376 -11.902429292701905 -11.568437358553036 -11.562674430383193 -12.126466853652182 -11.672776417781906 -12.088773573778925
leaf_weight=3065.9316607713699 95567.89511013031 8068.6889337897301 88259.636240422726 73133.146698772907 4457.1391211748123 4942.4060016870499 1374.0202377438545
leaf_count=3247 96081 7181 79211 82065 4657 5217 1461
internal_value=-11.5385 -11.5383 -11.5392 -11.5378 -11.5423 -11.5437 -11.5391
internal_weight=278869 265029 96328.3 168701 13839.5 9399.55 4439.95
internal_count=279120 264538 86392 178146 14582 9874 4708
is_linear=0
shrinkage=1


Tree=1
num_leaves=8
num_cat=0
split_feature=0 19 19 19 12 3 3
split_gain=143.859 91.1735 110.237 53.3448 81.0965 21.9038 9.91172
threshold=0.059310715645551688 5.1752252656911421e-12 2.7783073619502834e-09 0.00029456955962814396 1.0000000180025095e-35 4.4477250327190638e-08 0.76980245113372814
decision_type=2 2 2 2 2 2 2
left_child=3 5 -3 4 -1 -2 -5
right_child=1 2 -4 6 -6 -7 -8
leaf_value=-0.43973333918730495 -0.13702816935516687 -0.35405341350875325 -0.025384107090647971 -0.21277163636823776 0.082176315134690925 0.0968102371141841 -0.29080167618431368
leaf_weight=7413.9589810371399 4605.3819561600685 8006.5200777649879 98795.783599734306 1011.6752477884293 4857.6195217370987 153621.68134945631 556.24327081441879
leaf_count=7725 4149 7054 88628 910 5458 164707 489
internal_value=1.49477e-05 0.000203243 -0.000614623 -0.00358677 -0.00277585 0.000755641 -0.00989305
internal_weight=278869 265029 106802 13839.5 12271.6 158227 1567.92
internal_count=279120 264538 95682 14582 13183 168856 1399
is_linear=0
shrinkage=0.0362406


Tree=2
num_leaves=8
num_cat=0
split_feature=0 19 19 15 19 12 3
split_gain=125.625 84.0115 100.481 94.4206 48.6388 71.6226 10.7794
threshold=0.059310715645551688 5.1752252656911421e-12 2.7783073619502834e-09 0.060988180339336402 0.00029456955962814396 1.0000000180025095e-35 0.76980245113372814
decision_type=2 2 2 2 2 2 2
left_child=4 3 -3 -2 5 -1 -6
right_child=1 2 -4 -5 6 -7 -8
leaf_value=-0.42379713438077043 0.16146469732102639 -0.34122230154313354 -0.024464171544766457 -0.01935740789247473 -0.20506066230279071 0.079198195279932923 -0.28026284581424982
leaf_weight=7413.9589810371399 83796.185336053371 8006.5200777649879 98795.783599734306 74430.877969563007 1011.6752477884293 4857.6195217370987 556.24327081441879
leaf_count=7725 85111 7054 88628 83745 910 5458 489
internal_value=1.71613e-05 0.000193131 -0.000591944 0.000723397 -0.00334855 -0.00257401 -0.00937045
internal_weight=278869 265029 106802 158227 13839.5 12271.6 1567.92
internal_count=279120 264538 95682 168856 14582 13183 1399
is_linear=0
shrinkage=0.0362406


Tree=3
num_leaves=8
num_cat=0
split_feature=0 19 19 15 15 12 19
split_gain=108.799 78.9766 93.3614 89.4847 48.649 84.883 64.4892
threshold=0.059310715645551688 5.1752252656911421e-12 2.7783073619502834e-09 0.060988180339336402 0.0357784852385521 1.0000000180025095e-35 0.00029456955962814396
decision_type=2 2 2 2 2 2 2
left_child=4 3 -3 -2 6 -6 -1
right_child=1 2 -4 -5 5 -7 -8
leaf_value=-0.063499163335896308 0.15561311806554276 -0.32885619691254458 -0.023577575024975355 -0.01865588360671502 -1.359979180386679 -0.036520000663551148 -0.23114849631905371
leaf_weight=8846.6095001101494 83796.185336053371 8006.5200777649879 98795.783599734306 74430.877969563007 1887.2418895363808 1537.7271131277084 1567.9185186028481
leaf_count=9753 85111 7054 88628 83745 1512 1918 1399
internal_value=2.82367e-05 0.000192011 -0.000569165 0.000706145 -0.00310394 -0.00685613 -0.00186422
internal_weight=278869 265029 106802 158227 13839.5 3424.97 10414.5
internal_count=279120 264538 95682 168856 14582 3430 11152
is_linear=0
shrinkage=0.0362406


Tree=4
num_leaves=8
num_cat=0
split_feature=0 17 0 15 15 12 16
split_gain=99.0285 70.4826 87.2695 77.5929 42.1596 74.7436 40.7705
threshold=0.059310715645551688 8.9571930317333694e-08 0.14109827578067782 0.060988180339336402 0.0357784852385521 1.0000000180025095e-35 0.22697485983371737
decision_type=2 2 2 2 2 2 2
left_child=4 3 -3 -2 6 -6 -1
right_child=1 2 -4 -5 5 -7 -8
leaf_value=-0.092042168608928249 0.12151833573712319 -0.3173126146096083 -0.026489971243661928 -0.025466097749920015 -1.3106927041979053 -0.035196493532650579 -0.23382049324370946
leaf_weight=9802.6676934361458 95567.89511013031 8068.6889337897301 88259.636240422726 73133.146698772907 1887.2418895363808 1537.7271131277084 611.86032527685165
leaf_count=10591 96081 7181 79211 82065 1512 1918 561
internal_value=3.92185e-05 0.000195474 -0.000586343 0.000642215 -0.00294899 -0.00644259 -0.00179434
internal_weight=278869 265029 96328.3 168701 13839.5 3424.97 10414.5
internal_count=279120 264538 86392 178146 14582 3430 11152
is_linear=0
shrinkage=0.0362406


Tree=5
num_leaves=8
num_cat=0
split_feature=0 19 15 19 15 12 19
split_gain=77.2182 69.0539 91.8101 65.0587 34.9081 63.0879 50.3146
threshold=0.059310715645551688 5.1752252656911421e-12 0.05249301344156266 2.7783073619502834e-09 0.0357784852385521 1.0000000180025095e-35 0.00029456955962814396
decision_type=2 2 2 2 2 2 2
left_child=4 2 -2 -3 6 -6 -1
right_child=1 3 -4 -5 5 -7 -8
leaf_value=-0.046549684230226589 0.14809400797094982 -0.31903954972294091 -0.026363799576868074 -0.025411639749685178 -1.0687842716465457 -0.027022754237132931 -0.2009599587466242
leaf_weight=8905.7412878870964 83949.314193308353 7922.0659794211388 75016.426505386829 99144.891153514385 1825.9414039850235 1553.2353922724724 1528.2841199636459
leaf_count=9797 84438 6978 84245 88992 1501 1927 1361
internal_value=4.23035e-05 0.000179674 0.000659004 -0.000531495 -0.00259924 -0.00580598 -0.00155503
internal_weight=279846 266033 158966 107067 13813.2 3379.18 10434
internal_count=279239 264653 168683 95970 14586 3428 11158
is_linear=0
shrinkage=0.0362406


Tree=6
num_leaves=8
num_cat=0
split_feature=0 19 15 19 19 12 12
split_gain=68.8817 66.137 87.0374 59.2663 30.4722 51.0864 13.2349
threshold=0.059310715645551688 5.1752252656911421e-12 0.05249301344156266 2.7783073619502834e-09 0.00029456955962814396 1.0000000180025095e-35 0.004097201395779849
decision_type=2 2 2 2 2 2 2
left_child=4 2 -2 -3 5 -1 -6
right_child=1 3 -4 -5 6 -7 -8
leaf_value=-0.34136085610517097 0.14272699066449002 -0.30747736156780608 -0.025408359376878034 -0.024490706403422911 -0.21592713478068418 0.098619828965562151 -0.078071552273049585
leaf_weight=7283.2016934752464 83949.314193308353 7922.0659794211388 75016.426505386829 99144.891153514385 1112.8863887786865 5001.7163906693459 415.39773118495941
leaf_count=7659 84438 6978 84245 88992 980 5566 381
internal_value=5.13321e-05 0.000181085 0.000650184 -0.000514893 -0.00244352 -0.00183688 -0.00727997
internal_weight=279846 266033 158966 107067 13813.2 12284.9 1528.28
internal_count=279239 264653 168683 95970 14586 13225 1361
is_linear=0
shrinkage=0.0362406


Tree=7
num_leaves=8
num_cat=0
split_feature=0 19 15 19 15 12 19
split_gain=62.5852 61.5336 82.2279 53.1306 31.3367 52.4827 43.0264
threshold=0.059310715645551688 5.1752252656911421e-12 0.05249301344156266 2.7783073619502834e-09 0.0357784852385521 1.0000000180025095e-35 0.00029456955962814396
decision_type=2 2 2 2 2 2 2
left_child=4 2 -2 -3 6 -6 -1
right_child=1 3 -4 -5 5 -7 -8
leaf_value=-0.034084591999165414 0.13755447734345475 -0.2963341941737363 -0.024487544913329991 -0.02360314824414627 -1.0176797508833018 -0.029617475957641345 -0.18585171583756821
leaf_weight=8905.7412878870964 83949.314193308353 7922.0659794211388 75016.426505386829 99144.891153514385 1825.9414039850235 1553.2353922724724 1528.2841199636459
leaf_count=9797 84438 6978 84245 88992 1501 1927 1361
internal_value=5.81373e-05 0.000181826 0.000634308 -0.000489481 -0.00231993 -0.00535793 -0.00133041
internal_weight=279846 266033 158966 107067 13813.2 3379.18 10434
internal_count=279239 264653 168683 95970 14586 3428 11158
is_linear=0
shrinkage=0.0362406


Tree=8
num_leaves=8
num_cat=0
split_feature=0 19 15 19 15 12 19
split_gain=57.5645 58.0798 77.0787 48.4045 29.8225 49.3546 38.282
threshold=0.059310715645551688 5.1752252656911421e-12 0.05249301344156266 2.7783073619502834e-09 0.0357784852385521 1.0000000180025095e-35 0.00029456955962814396
decision_type=2 2 2 2 2 2 2
left_child=4 2 -2 -3 6 -6 -1
right_child=1 3 -4 -5 5 -7 -8
leaf_value=-0.032849345565838892 0.13256941906460681 -0.28559486197240752 -0.023600101328385425 -0.022747755734692995 -0.98079841510031873 -0.028544120538227628 -0.17911633613516231
leaf_weight=8905.7412878870964 83949.314193308353 7922.0659794211388 75016.426505386829 99144.891153514385 1825.9414039850235 1553.2353922724724 1528.2841199636459
leaf_count=9797 84438 6978 84245 88992 1501 1927 1361
internal_value=5.84125e-05 0.000177044 0.000616648 -0.000475143 -0.00222226 -0.00518591 -0.00125683
internal_weight=279846 266033 158966 107067 13813.2 3379.18 10434
internal_count=279239 264653 168683 95970 14586 3428 11158
is_linear=0
shrinkage=0.0362406


Tree=9
num_leaves=8
num_cat=0
split_feature=0 19 15 19 15 12 19
split_gain=52.2575 54.8801 73.8075 35.4987 25.6245 42.7748 35.1088
threshold=0.059310715645551688 1.0000000180025095e-35 0.05249301344156266 2.7783073619502834e-09 0.0357784852385521 1.0000000180025095e-35 0.00029456955962814396
decision_type=2 2 2 2 2 2 2
left_child=4 2 -2 -3 6 -6 -1
right_child=1 3 -4 -5 5 -7 -8
leaf_value=-0.03165886521775943 0.13032613366196763 -0.22876313034271359 -0.02274481924102037 -0.021923363172266244 -0.94525368145367239 -0.02750966417483177 -0.17262505070722212
leaf_weight=8905.7412878870964 82636.03534424305 9235.3448284864426 75016.426505386829 99144.891153514385 1825.9414039850235 1553.2353922724724 1528.2841199636459
leaf_count=9797 82996 8420 84245 88992 1501 1927 1361
internal_value=6.25935e-05 0.000175632 0.000607357 -0.000451862 -0.00211038 -0.00485813 -0.0012149
internal_weight=279846 266033 157652 108380 13813.2 3379.18 10434
internal_count=279239 264653 167241 97412 14586 3428 11158
is_linear=0
shrinkage=0.0362406


Tree=10
num_leaves=8
num_cat=0
split_feature=19 3 3 17 15 15 3
split_gain=52.3493 96.3322 63.956 54.1003 53.7476 33.6434 23.7997
threshold=0.00029456955962814396 0.0079622003249824064 0.0027929162606596951 0.05602418631315232 1.0000000180025095e-35 0.49803984165191656 1.3946797139396952e-07
decision_type=2 2 2 2 2 2 2
left_child=2 6 4 -3 -1 -4 -2
right_child=1 3 5 -5 -6 -7 -8
leaf_value=0.033179775922429995 -0.10098454169433142 -0.42708611928511714 0.14772364087891784 -0.053919000545229148 -0.15227255385859256 -0.0034096454721064687 0.073443097389276957
leaf_weight=77339.993716359138 2694.2003014087677 19841.071979820728 62791.811281979084 13639.20859593153 43217.104985237122 25536.074097931385 34019.297034144402
leaf_count=75177 2699 16415 66572 12495 45828 30123 29801
internal_value=4.70902e-05 -0.000808909 0.000335003 -0.00221505 -0.000207413 0.00107595 0.000471945
internal_weight=279079 70193.8 208885 33480.3 120557 88327.9 36713.5
internal_count=279110 61410 217700 28910 121005 96695 32500
is_linear=0
shrinkage=0.0362406


Tree=11
num_leaves=8
num_cat=0
split_feature=16 0 6 16 0 14 2
split_gain=54.7274 32.9027 32.3917 25.5224 66.7875 25.1764 22.3347
threshold=1.0000000180025095e-35 0.088481191545724883 3.6594201446860103e-07 1.3343175009339349e-08 0.71060970425605785 1.5000000000000002 2.5000000000000004
decision_type=2 2 2 2 2 2 2
left_child=1 5 -3 4 -2 -1 -5
right_child=3 2 -4 6 -6 -7 -8
leaf_value=-0.25108602647249217 -0.29235895031155623 0.21746720447496046 0.057192352336039934 -0.03905329361731287 0.013606869080324546 0.13047929479054482 0.11230438482898801
leaf_weight=10841.588122963905 1069.2093264460564 33877.402764081955 69307.694083869457 144145.47761154175 2094.8400772213936 4604.3903788328171 13138.159627854824
leaf_count=11249 827 38606 81003 128705 1513 5825 11382
internal_value=6.50956e-05 0.000655462 0.000889241 -0.00037107 -0.00359478 -0.000902707 -0.000305851
internal_weight=279079 118631 103185 160448 3164.05 15446 157284
internal_count=279110 136683 119609 142427 2340 17074 140087
is_linear=0
shrinkage=0.0362406


Tree=12
num_leaves=8
num_cat=0
split_feature=0 19 15 19 15 12 19
split_gain=46.2915 49.2701 70.3126 47.4016 21.2378 35.2732 27.7397
threshold=0.059310715645551688 5.1752252656911421e-12 0.05249301344156266 2.7783073619502834e-09 1.0000000180025095e-35 1.0000000180025095e-35 0.00029456955962814396
decision_type=2 2 2 2 2 2 2
left_child=4 2 -2 -3 6 -6 -1
right_child=1 3 -4 -5 5 -7 -8
leaf_value=-0.01889501011067465 0.11914074411357434 -0.24986423465855664 -0.023442134219441604 -0.022487223232469437 -0.75541246937647888 -0.0063516565370530347 -0.14447364666465359
leaf_weight=8063.6739323735237 83467.818295001984 8071.0954214334488 75108.31316369772 98527.699876964092 2513.6945008635521 1738.9644813537598 1587.5023211240768
leaf_count=8816 84350 6999 84550 88551 2231 2183 1430
internal_value=5.98485e-05 0.000166917 0.000572086 -0.0004353 -0.00197813 -0.00411588 -0.0010302
internal_weight=279079 265175 158576 106599 13903.8 4252.66 9651.18
internal_count=279110 264450 168900 95550 14660 4414 10246
is_linear=0
shrinkage=0.0362406


Tree=13
num_leaves=8
num_cat=0
split_feature=16 15 0 2 0 3 6
split_gain=49.8137 215.135 43.0101 22.9671 31.5095 19.5448 0.902534
threshold=1.0000000180025095e-35 1.0000000180025095e-35 0.059310715645551688 2.5000000000000004 0.54427608847618114 0.35932569205760961 1.0000000180025095e-35
decision_type=2 2 2 2 2 2 2
left_child=1 6 -3 4 -2 -5 -1
right_child=3 2 -4 5 -6 -7 -8
leaf_value=0.35118851322646538 -0.0015540220700554113 -0.45123035887334612 -0.033599314306467024 0.12627942722431079 -0.1087190792322547 -1.9342559303138898 0.35699697176577783
leaf_weight=19222.676507771015 85528.220817327499 4096.6222460865974 73203.429050147533 12325.033820271492 61781.306197881699 813.12580758333206 22108.347545742989
leaf_count=22615 76797 4212 82219 10728 54248 654 27637
internal_value=7.95924e-05 0.000642832 -0.00048507 -0.000336516 -0.000466267 0.00111409 0.00275359
internal_weight=279079 118631 77300.1 160448 147310 13138.2 41331
internal_count=279110 136683 86431 142427 131045 11382 50252
is_linear=0
shrinkage=0.0362406


Tree=14
num_leaves=8
num_cat=0
split_feature=16 3 0 16 0 2 0
split_gain=48.5729 28.9176 33.2589 22.4922 58.3883 20.5282 10.6556
threshold=1.0000000180025095e-35 0.0027929162606596951 0.048559507355093963 1.3343175009339349e-08 0.71060970425605785 2.5000000000000004 0.50917410850524913
decision_type=2 2 2 2 2 2 2
left_child=1 2 -1 4 -2 -5 -3
right_child=3 6 -4 5 -6 -7 -8
leaf_value=-0.57588603845548547 -0.28214137087689611 0.242517180907807 0.035630850285576429 -0.035175129582275658 0.012736060332638428 0.10458500320372234 0.1165638663457171
leaf_weight=2773.9506928920746 1069.2093264460564 16276.152164816856 60734.314242005348 144145.47761154175 2094.8400772213936 13138.159627854824 38846.658250033855
leaf_count=2662 827 20118 67015 128705 1513 11382 46888
internal_value=8.68956e-05 0.000643074 0.000114984 -0.000323992 -0.00335025 -0.000262747 0.0012505
internal_weight=279079 118631 63508.3 160448 3164.05 157284 55122.8
internal_count=279110 136683 69677 142427 2340 140087 67006
is_linear=0
shrinkage=0.0362406


Tree=15
num_leaves=8
num_cat=0
split_feature=16 15 15 15 2 2 17
split_gain=42.7427 201.742 46.3854 19.0597 17.8273 1.47899 0.129136
threshold=1.0000000180025095e-35 1.0000000180025095e-35 0.082325432449579253 0.042977644130587585 2.5000000000000004 1.0000000180025095e-35 0.28964054584503179
decision_type=2 2 2 2 2 2 2
left_child=1 5 -3 4 -2 -1 -5
right_child=3 2 -4 6 -6 -7 -8
leaf_value=0.3296722562284955 -0.037240811983048711 -0.33014196339248775 -0.0095167406359297352 0.2489077085004596 0.093510200973648414 0.3296722562284955 0.1751534801038942
leaf_weight=12644.280665397644 145527.0743470192 9344.1678538918495 67871.715221643448 1870.1234545111656 12796.523152530193 28541.952747881413 286.58232229948044
leaf_count=15804 128882 9470 76686 2286 11138 34312 371
internal_value=0.000147176 0.000669627 -0.000422306 -0.000237949 -0.000284369 0.00271806 0.00314309
internal_weight=278882 118402 77215.9 160480 158324 41186.2 2156.71
internal_count=278949 136272 86156 142677 140020 50116 2657
is_linear=0
shrinkage=0.0362406


Tree=16
num_leaves=8
num_cat=0
split_feature=0 19 15 19 0 12 15
split_gain=39.6499 43.8079 62.3874 32.8927 21.0755 21.682 11.1213
threshold=0.059310715645551688 1.0000000180025095e-35 0.060988180339336402 2.7783073619502834e-09 0.039757162332534797 1.0000000180025095e-35 1.0000000180025095e-35
decision_type=2 2 2 2 2 2 2
left_child=4 2 -2 -3 6 -6 -1
right_child=1 3 -4 -5 5 -7 -8
leaf_value=0.14048557845541476 0.11779681458868944 -0.19901751405547258 -0.013656211870391715 -0.011776002341887018 -0.34598482718360596 -0.067842654962503871 -0.37853351929205592
leaf_weight=3050.8978223800659 82751.315769016743 9346.8509129881859 74467.750094890594 98563.242665231228 4421.8884472250938 4876.1724846363068 1404.3015688061714
leaf_count=3217 83668 8471 83717 88582 4610 5209 1475
internal_value=0.000148654 0.000247255 0.00063331 -0.000314702 -0.00174807 -0.00273057 0.000290381
internal_weight=278882 265129 157219 107910 13753.3 9298.06 4455.2
internal_count=278949 264438 167385 97053 14511 9819 4692
is_linear=0
shrinkage=0.0362406


Tree=17
num_leaves=8
num_cat=0
split_feature=16 15 0 15 2 6 6
split_gain=40.9541 190.247 43.2443 18.4989 17.4428 1.57988 0.108325
threshold=1.0000000180025095e-35 1.0000000180025095e-35 0.080061092972755446 0.042977644130587585 2.5000000000000004 1.7914386063466739e-07 0.28668753802776342
decision_type=2 2 2 2 2 2 2
left_child=1 5 -3 4 -2 -1 -5
right_child=3 2 -4 6 -6 -7 -8
leaf_value=0.31345570378261667 -0.035272321643240227 -0.32470798191153238 -0.0099090948453310502 0.24038205056815617 0.090548103691006632 0.31905366023658843 0.16930072045864775
leaf_weight=19351.415523350239 145527.0743470192 8725.930169403553 68489.952906131744 1870.1234545111656 12796.523152530193 21834.817889928818 286.58232229948044
leaf_count=22806 128882 8742 77414 2286 11138 27310 371
internal_value=0.000150186 0.000661587 -0.00039876 -0.000226788 -0.000272525 0.00265081 0.00310417
internal_weight=278882 118402 77215.9 160480 158324 41186.2 2156.71
internal_count=278949 136272 86156 142677 140020 50116 2657
is_linear=0
shrinkage=0.0362406


Tree=18
num_leaves=7
num_cat=0
split_feature=16 15 0 15 0 6
split_gain=39.9178 181.863 37.7057 17.8088 16.4837 1.64581
threshold=1.0000000180025095e-35 1.0000000180025095e-35 0.080061092972755446 0.042977644130587585 0.54427608847618114 1.7914386063466739e-07
decision_type=2 2 2 2 2 2
left_child=1 5 -3 4 -2 -1
right_child=3 2 -4 -5 -6 -7
leaf_value=0.30209587761503914 0.0070243025641277823 -0.31294036631153677 -0.0095499831955425524 0.21683772971983054 -0.068352646002519502 0.30749096070782012
leaf_weight=19351.415523350239 84699.294708430767 8725.930169403553 68489.952906131744 2156.7057768106461 73624.302791118622 21834.817889928818
leaf_count=22806 76011 8742 77414 2657 64009 27310
internal_value=0.000156193 0.00066108 -0.000375623 -0.000215975 -0.000260858 0.00260597
internal_weight=278882 118402 77215.9 160480 158324 41186.2
internal_count=278949 136272 86156 142677 140020 50116
is_linear=0
shrinkage=0.0362406


Tree=19
num_leaves=8
num_cat=0
split_feature=16 15 0 15 2 2 16
split_gain=38.4244 174.673 34.6685 17.2687 16.6958 1.67019 0.322236
threshold=1.0000000180025095e-35 1.0000000180025095e-35 0.059310715645551688 0.042977644130587585 2.5000000000000004 1.0000000180025095e-35 2.3222270328915332e-08
decision_type=2 2 2 2 2 2 2
left_child=1 5 -3 4 -2 -1 -5
right_child=3 2 -4 6 -6 -7 -8
leaf_value=0.29114773848649234 -0.032975382300838407 -0.41352150261014298 -0.020652008285027567 -0.0061882315509946481 0.089743726747124691 0.29114773848649234 0.21816107385378147
leaf_weight=12644.280665397644 145527.0743470192 4131.1652082800865 73084.717867255211 20.083936333656311 12796.523152530193 28541.952747881413 2136.6218404769897
leaf_count=15804 128882 4194 81962 26 11138 34312 2631
internal_value=0.000160148 0.0006555 -0.000360489 -0.000204984 -0.000249187 0.00256156 0.00301335
internal_weight=278882 118402 77215.9 160480 158324 41186.2 2156.71
internal_count=278949 136272 86156 142677 140020 50116 2657
is_linear=0
shrinkage=0.0362406


Tree=20
num_leaves=8
num_cat=0
split_feature=16 15 0 8 17 17 2
split_gain=43.8507 168.052 31.8477 21.3191 36.5663 19.5116 1.74874
threshold=1.0000000180025095e-35 1.0000000180025095e-35 0.059310715645551688 1.5000000000000002 0.01548805693164468 0.25108298659324652 1.0000000180025095e-35
decision_type=2 2 2 2 2 2 2
left_child=1 6 -3 4 -2 -5 -1
right_child=3 2 -4 5 -6 -7 -8
leaf_value=0.28059636660721859 -0.01703604121136584 -0.38288830170859833 -0.022079716944683164 0.11468466775526538 -0.29632723917898018 -0.098388382888089973 0.28059636660721859
leaf_weight=12681.205046713352 109337.98445689678 4127.2309712171555 73187.063324868679 22252.798710882664 21497.048222839832 7363.5195822119713 28547.769421100616
leaf_count=15830 97422 4209 82160 19842 18560 6567 34376
internal_value=0.000115995 0.000644719 -0.000351106 -0.000274295 -0.00047328 0.000602904 0.00251341
internal_weight=278995 118543 77314.3 160451 130835 29616.3 41229
internal_count=278966 136575 86369 142391 115982 26409 50206
is_linear=0
shrinkage=0.0362406


Tree=21
num_leaves=8
num_cat=0
split_feature=16 15 3 8 6 6 0
split_gain=42.5843 163.262 28.3935 20.4236 35.6774 18.4481 1.81427
threshold=1.0000000180025095e-35 1.0000000180025095e-35 0.0027929162606596951 1.5000000000000002 0.029156521894037727 0.50766482949256908 0.2486691623926163
decision_type=2 2 2 2 2 2 2
left_child=1 6 -3 4 -2 -5 -1
right_child=3 2 -4 5 -6 -7 -8
leaf_value=0.27042738288975388 -0.015522152666213252 -0.12361567333793293 0.048813212108761446 0.11092824129451641 -0.29243968850540192 -0.099898816068765314 0.27042738288975388
leaf_weight=13529.374170899391 108644.95621907711 41751.941223204136 35562.353072881699 22387.20659250021 22190.076460659504 7229.1117005944252 27699.600296914577
leaf_count=16912 96893 44136 42233 20016 19089 6393 33294
internal_value=0.000126219 0.000647248 -0.000334269 -0.000258387 -0.000453157 0.000600193 0.00248911
internal_weight=278995 118543 77314.3 160451 130835 29616.3 41229
internal_count=278966 136575 86369 142391 115982 26409 50206
is_linear=0
shrinkage=0.0362406


Tree=22
num_leaves=8
num_cat=0
split_feature=16 15 3 2 16 3 2
split_gain=41.3399 156.935 26.7205 20.6863 27.0904 16.9414 2.01518
threshold=1.0000000180025095e-35 1.0000000180025095e-35 0.0027929162606596951 2.5000000000000004 0.0073615303263068208 0.35932569205760961 1.0000000180025095e-35
decision_type=2 2 2 2 2 2 2
left_child=1 6 -3 4 -2 -5 -1
right_child=3 2 -4 5 -6 -7 -8
leaf_value=0.26062692935354714 -0.066681378358682181 -0.11913576583023347 0.047044191486245744 0.12351428725264296 0.03182349234573964 -1.7591610195230285 0.26062692935354714
leaf_weight=12681.205046713352 104994.66774922609 41751.941223204136 35562.353072881699 12211.697915375233 42387.949872255325 857.03543597459793 28547.769421100616
leaf_count=15830 92721 44136 42233 10628 38376 666 34376
internal_value=0.000127688 0.000641049 -0.000321248 -0.000251251 -0.000374065 0.00112954 0.00244687
internal_weight=278995 118543 77314.3 160451 147383 13068.7 41229
internal_count=278966 136575 86369 142391 131097 11294 50206
is_linear=0
shrinkage=0.0362406


Tree=23
num_leaves=8
num_cat=0
split_feature=16 15 0 2 0 3 0
split_gain=39.2698 151.556 28.3705 20.0238 25.5333 15.9345 2.14353
threshold=1.0000000180025095e-35 1.0000000180025095e-35 0.059310715645551688 2.5000000000000004 0.54427608847618114 0.35932569205760961 0.2486691623926163
decision_type=2 2 2 2 2 2 2
left_child=1 6 -3 4 -2 -5 -1
right_child=3 2 -4 5 -6 -7 -8
leaf_value=0.25118165023972677 0.0043175352803136334 -0.36118094334721695 -0.017434952280287963 0.11903805403860222 -0.091770103641977782 -1.6954079496589085 0.25118165023972677
leaf_weight=13529.374170899391 85309.532349646091 4127.2309712171555 73187.063324868679 12211.697915375233 62073.085271835327 857.03543597459793 27699.600296914577
leaf_count=16912 76727 4209 82160 10628 54370 666 33294
internal_value=0.000130722 0.000631064 -0.000314589 -0.0002386 -0.000359438 0.00111991 0.00240567
internal_weight=278995 118543 77314.3 160451 147383 13068.7 41229
internal_count=278966 136575 86369 142391 131097 11294 50206
is_linear=0
shrinkage=0.0362406


Tree=24
num_leaves=8
num_cat=0
split_feature=16 2 16 0 6 3 3
split_gain=38.1976 19.3854 25.5585 18.6449 28.1211 23.3785 15.6318
threshold=1.0000000180025095e-35 2.5000000000000004 0.0073615303263068208 0.088481191545724883 3.6594201446860103e-07 2.14092125361276e-07 0.35932569205760961
decision_type=2 2 2 2 2 2 2
left_child=3 2 -2 5 -5 -1 -3
right_child=1 6 -4 4 -6 -7 -8
leaf_value=0.15745624693151908 -0.063407069069606872 0.11472404225037512 0.032830211278420181 0.18938872461838965 0.046720445519108103 -0.18033674628848714 -1.6339653299878021
leaf_weight=4770.2789653539658 104994.66774922609 12211.697915375233 42387.949872255325 33704.721619069576 69386.855870366096 10681.412309110165 857.03543597459793
leaf_count=5609 92721 10628 38376 38473 81023 11470 666
internal_value=0.000134567 -0.000229672 -0.000348574 0.00062803 0.000804203 -0.000543824 0.00110701
internal_weight=278995 160451 147383 118543 103092 15451.7 13068.7
internal_count=278966 142391 131097 136575 119496 17079 11294
is_linear=0
shrinkage=0.0362406


Tree=25
num_leaves=8
num_cat=0
split_feature=19 3 3 3 15 0 6
split_gain=36.7862 65.6917 56.3728 43.8736 33.5642 29.3466 13.6174
threshold=0.00029456955962814396 0.0079622003249824064 0.020637014880776409 0.0027929162606596951 0.47375014424324041 0.14109827578067782 0.50766482949256908
decision_type=2 2 2 2 2 2 2
left_child=3 6 -3 5 -5 -1 -2
right_child=1 2 -4 4 -6 -7 -8
leaf_value=-0.075922094070615176 0.064833177368690736 -0.62891726252763169 -0.043442083368742966 0.14034956031347748 -0.0047664397968079789 0.040806435437030872 -0.16899778389043779
leaf_weight=41864.401878595352 33123.088521242142 11786.516561448574 21932.0812048316 61804.026557683945 26554.478766977787 78823.14436095953 3738.3031403422356
leaf_count=43047 29365 9044 19952 65125 31291 78279 3120
internal_value=0.000187623 -0.000527395 -0.00168377 0.000429295 0.0010429 -1.94951e-05 0.000528927
internal_weight=279626 70580 33718.6 209046 88358.5 120688 36861.4
internal_count=279223 61481 28996 217742 96416 121326 32485
is_linear=0
shrinkage=0.0362406


Tree=26
num_leaves=8
num_cat=0
split_feature=19 3 0 3 15 12 0
split_gain=34.6423 60.1753 50.3581 41.5019 31.9357 31.547 13.3403
threshold=0.00029456955962814396 0.0079622003249824064 0.38354487717151647 0.0027929162606596951 0.47375014424324041 8.9537559233576768e-07 0.65379247069358837
decision_type=2 2 2 2 2 2 2
left_child=3 6 -3 5 -5 -1 -2
right_child=1 2 -4 4 -6 -7 -8
leaf_value=-0.040416301302004298 -0.0083273753205810406 -0.99733524665696771 -0.17504110247442681 0.13526320652052581 -0.0045937011071731527 0.097600649289007635 0.11607190496957071
leaf_weight=84129.696927428246 18906.560150444508 1696.0222294926643 32022.57553678751 61804.026557683945 26554.478766977787 36557.849312126637 17954.83151113987
leaf_count=80740 17353 1329 27667 65125 31291 40586 15132
internal_value=0.000186172 -0.000507683 -0.00161445 0.000420699 0.00101749 -1.57785e-05 0.000503264
internal_weight=279626 70580 33718.6 209046 88358.5 120688 36861.4
internal_count=279223 61481 28996 217742 96416 121326 32485
is_linear=0
shrinkage=0.0362406


Tree=27
num_leaves=8
num_cat=0
split_feature=16 15 16 5 15 19 2
split_gain=30.5868 142.871 24.4597 134.848 21.4437 20.8221 1.91261
threshold=1.0000000180025095e-35 1.0000000180025095e-35 0.0073615303263068208 1.0000000180025095e-35 0.082325432449579253 2.2895890197105477e-06 1.0000000180025095e-35
decision_type=2 2 2 2 2 2 2
left_child=1 6 3 -2 -3 -4 -1
right_child=2 4 5 -5 -6 -7 -8
leaf_value=0.22522673573156965 -0.0027746453531173137 -0.22984675417302133 0.13236376349385129 -0.77970168783578497 -0.0057420675632533572 0.0033324535940366397 0.22522673573156965
leaf_weight=12739.71221858263 104706.77896285057 9396.6058974266052 15537.072707355022 9808.9852884411812 67877.550126612186 31013.245570600033 28546.090220212936
leaf_count=15896 93245 9567 13660 7301 76797 28418 34339
internal_value=0.000193855 0.000635712 -0.000131058 -0.000416071 -0.000283229 0.000568913 0.00235696
internal_weight=279626 118560 161066 114516 77274.2 46550.3 41285.8
internal_count=279223 136599 142624 100546 86364 42078 50235
is_linear=0
shrinkage=0.0362406


Tree=28
num_leaves=8
num_cat=0
split_feature=16 15 16 5 3 19 6
split_gain=29.8217 137.781 22.5795 122.024 20.3476 19.5541 1.6633
threshold=1.0000000180025095e-35 1.0000000180025095e-35 0.0073615303263068208 1.0000000180025095e-35 0.0027929162606596951 2.2895890197105477e-06 1.0000000180025095e-35
decision_type=2 2 2 2 2 2 2
left_child=1 6 3 -2 -3 -4 -1
right_child=2 4 5 -5 -6 -7 -8
leaf_value=0.21706438125747168 -0.0026740905107337548 -0.10179935789191751 0.12756681985546317 -0.75144482241749311 0.040514327856408482 0.0032116834402861867 0.22743432882163936
leaf_weight=19182.414191961288 104706.77896285057 41797.82900595665 15537.072707355022 9808.9852884411812 35476.327018082142 31013.245570600033 22103.388246834278
leaf_count=22614 93245 44157 13660 7301 42207 28418 27621
internal_value=0.000198632 0.000634924 -0.000122185 -0.000396037 -0.000267484 0.000550329 0.00232523
internal_weight=279626 118560 161066 114516 77274.2 46550.3 41285.8
internal_count=279223 136599 142624 100546 86364 42078 50235
is_linear=0
shrinkage=0.0362406


Tree=29
num_leaves=8
num_cat=0
split_feature=16 15 16 3 19 3 2
split_gain=28.043 131.047 20.9777 110.026 18.9967 18.5264 1.92784
threshold=1.0000000180025095e-35 1.0000000180025095e-35 0.0073615303263068208 0.011654096655547621 2.2895890197105477e-06 0.0027929162606596951 1.0000000180025095e-35
decision_type=2 2 2 2 2 2 2
left_child=1 6 3 -2 -4 -3 -1
right_child=2 5 4 -5 -6 -7 -8
leaf_value=0.2091978354951789 0.00065212294834946134 -0.098110086981648234 0.12294372038456079 -0.66432976391106924 0.0030952900706755371 0.039046063868255876 0.2091978354951789
leaf_weight=12739.71221858263 102345.90824282169 41797.82900595665 15537.072707355022 12169.856008470058 31013.245570600033 35476.327018082142 28546.090220212936
leaf_count=15896 91472 44157 13660 9074 28418 42207 34339
internal_value=0.000202942 0.000626018 -0.000108147 -0.000372122 0.00054007 -0.000254044 0.0022745
internal_weight=279626 118560 161066 114516 46550.3 77274.2 41285.8
internal_count=279223 136599 142624 100546 42078 86364 50235
is_linear=0
shrinkage=0.0362406


Tree=30
num_leaves=8
num_cat=0
split_feature=16 16 2 12 6 3 19
split_gain=24.5223 95.1192 74.931 32.402 68.7763 21.0422 7.74986
threshold=0.0023476403439417486 0.0073615303263068208 2.5000000000000004 8.9537559233576768e-07 1.7914386063466739e-07 0.16772477328777316 0.058176076039671905
decision_type=2 2 2 2 2 2 2
left_child=3 2 -2 4 -1 -3 -5
right_child=1 5 -4 6 -6 -7 -8
leaf_value=0.041506193151875634 -0.64977584408131162 0.090106686326474339 0.20115163112699086 0.07072888791933335 -0.18720509623984383 -0.035175714464166528 0.17399636624294154
leaf_weight=71163.165384232998 14054.286034345627 24444.153881967068 3715.3895159959793 108689.24203211069 25265.440754950047 21838.881981492043 9363.7826174497604
leaf_count=70254 10825 22150 3250 118428 25701 19806 8457
internal_value=0.000173077 -0.000448789 -0.002703 0.000359045 -0.000133333 0.000415548 0.00076169
internal_weight=278534 64052.7 17769.7 214482 96428.6 46283 118053
internal_count=278871 56031 14075 222840 95955 41956 126885
is_linear=0
shrinkage=0.0362406


end of trees

feature_importances:
event_decay_major_weighted=42
event_decay_major=36
event_decay_game_update_weighted=36
event_decay_operation_weighted=26
event_decay_operation=23
event_density_90d_major=16
event_decay_game_update=15
event_decay_case_drop=11
event_decay_case_drop_weighted=6
event_density_90d_operation=2
event_density_90d_case_drop=2
event_density_90d_game_update=1

parameters:
[boosting: gbdt]
[objective: quantile]
[metric: quantile]
[tree_learner: serial]
[device_type: cpu]
[data_sample_strategy: bagging]
[data: ]
[valid: ]
[num_iterations: 1000]
[learning_rate: 0.0362406]
[num_leaves: 23]
[num_threads: -1]
[seed: 128]
[deterministic: 0]
[force_col_wise: 0]
[force_row_wise: 0]
[histogram_pool_size: -1]
[max_depth: 3]
[min_data_in_leaf: 5]
[min_sum_hessian_in_leaf: 0.001]
[bagging_fraction: 0.7]
[pos_bagging_fraction: 1]
[neg_bagging_fraction: 1]
[bagging_freq: 5]
[bagging_seed: 7259]
[bagging_by_query: 0]
[feature_fraction: 0.85]
[feature_fraction_bynode: 1]
[feature_fraction_seed: 2349]
[extra_trees: 0]
[extra_seed: 22898]
[early_stopping_round: 0]
[early_stopping_min_delta: 0]
[first_metric_only: 0]
[max_delta_step: 0]
[lambda_l1: 1.5]
[lambda_l2: 1]
[linear_lambda: 0]
[min_gain_to_split: 0.1]
[drop_rate: 0.1]
[max_drop: 50]
[skip_drop: 0.5]
[xgboost_dart_mode: 0]
[uniform_drop: 0]
[drop_seed: 14092]
[top_rate: 0.2]
[other_rate: 0.1]
[min_data_per_group: 100]
[max_cat_threshold: 32]
[cat_l2: 10]
[cat_smooth: 10]
[max_cat_to_onehot: 4]
[top_k: 20]
[monotone_constraints: ]
[monotone_constraints_method: basic]
[monotone_penalty: 0]
[feature_contri: ]
[forcedsplits_filename: ]
[refit_decay_rate: 0.9]
[cegb_tradeoff: 1]
[cegb_penalty_split: 0]
[cegb_penalty_feature_lazy: ]
[cegb_penalty_feature_coupled: ]
[path_smooth: 0]
[interaction_constraints: ]
[verbosity: -1]
[saved_feature_importance_type: 0]
[use_quantized_grad: 0]
[num_grad_quant_bins: 4]
[quant_train_renew_leaf: 0]
[stochastic_rounding: 1]
[linear_tree: 0]
[max_bin: 63]
[max_bin_by_feature: ]
[min_data_in_bin: 3]
[bin_construct_sample_cnt: 200000]
[data_random_seed: 456]
[is_enable_sparse: 1]
[enable_bundle: 1]
[use_missing: 1]
[zero_as_missing: 0]
[feature_pre_filter: 0]
[pre_partition: 0]
[two_round: 0]
[header: 0]
[label_column: ]
[weight_column: ]
[group_column: ]
[ignore_column: ]
[categorical_feature: ]
[forcedbins_filename: ]
[precise_float_parser: 0]
[parser_config_file: ]
[objective_seed: 18400]
[num_class: 1]
[is_unbalance: 0]
[scale_pos_weight: 1]
[sigmoid: 1]
[boost_from_average: 1]
[reg_sqrt: 0]
[alpha: 0.1]
[fair_c: 1]
[poisson_max_delta_step: 0.7]
[tweedie_variance_power: 1.5]
[lambdarank_truncation_level: 30]
[lambdarank_norm: 1]
[label_gain: ]
[lambdarank_position_bias_regularization: 0]
[eval_at: ]
[multi_error_top_k: 1]
[auc_mu_weights: ]
[num_machines: 1]
[local_listen_port: 12400]
[time_out: 120]
[machine_list_filename: ]
[machines: ]
[gpu_platform_id: -1]
[gpu_device_id: -1]
[gpu_use_dp: 0]
[num_gpu: 1]

end of parameters

pandas_categorical:[]
