tree
version=v4
num_class=1
num_tree_per_iteration=1
label_index=0
max_feature_idx=19
objective=quantile
feature_names=event_decay_major event_density_30d_major event_density_90d_major event_decay_operation event_density_30d_operation event_density_90d_operation event_decay_case_drop event_density_30d_case_drop event_density_90d_case_drop event_decay_update event_density_30d_update event_density_90d_update event_decay_game_update event_density_30d_game_update event_density_90d_game_update event_decay_major_weighted event_decay_operation_weighted event_decay_case_drop_weighted event_decay_update_weighted event_decay_game_update_weighted
feature_infos=[0.031220927834510803:0.98347145318984985] [0:2] [0:3] [1.5229979055675358e-08:0.95349693298339844] [0:1] [0:1] [0:0.93106275796890259] [0:1] [0:3] none none none [0:0.86687791347503662] [0:2] [0:3] [0:0.98347145318984985] [0:0.95349693298339844] [0:0.93106275796890259] none [0:0.26006338000297546]
tree_sizes=6598 6614

Tree=0
num_leaves=63
num_cat=0
split_feature=16 0 0 16 19 16 0 16 0 6 3 16 0 16 3 3 12 0 16 19 0 14 8 12 0 16 3 3 3 0 16 0 3 6 6 19 16 0 3 3 3 12 0 12 0 12 3 0 0 5 3 16 3 0 3 19 0 0 12 3 16 6
split_gain=4056.17 187.371 201.148 129.077 130.926 120.571 119.802 98.3533 183.321 136.542 93.5332 139.195 99.3205 135.508 91.865 84.3713 141.781 74.3086 72.3698 71.9169 71.3413 67.2413 65.5067 61.9369 56.6312 53.253 41.9944 39.9426 36.964 36.6391 35.327 82.8033 34.1589 29.8152 44.593 28.1429 23.7567 23.6567 22.4601 21.7476 19.9832 15.1796 24.3272 15.1227 12.1775 11.4797 10.6255 10.4339 10.2117 8.7005 8.56857 8.5589 8.51088 7.96187 6.89348 8.35226 6.8312 6.60639 6.42767 6.07758 4.7469 3.66801
threshold=4.1121879235106469e-08 0.58179801702499401 0.059310715645551688 2.6708329642133325e-05 0.0059165880084037789 0.0029787565581500535 0.73469588160514843 1.9794097028125182e-07 0.091480273753404631 2.9535829071392078e-07 0.018762275576591495 0.0016821577446535232 0.73469588160514843 0.024209473282098774 0.39522977173328405 7.2605866989761134e-06 0.1681051775813103 0.059310715645551688 0.00042279197077732539 0.00033980513399001216 0.69886434078216564 2.5000000000000004 1.5000000000000002 0.034923546016216285 0.099430277943611159 7.2818412633068887e-08 0.00034364305611234164 0.0024211175041273241 0.10418143495917322 0.091480273753404631 1.0000000180025095e-35 0.85359486937522899 0.033224143087863929 1.0000000180025095e-35 0.0075047470163553962 3.0467840588244148e-06 0.013671528082340957 0.75959849357604992 6.1887472838861881e-05 0.018762275576591495 0.0049456821288913497 0.0062894620932638654 0.66478031873703014 0.00023531300394097346 0.08277477324008943 0.061842439696192748 0.0011852378374896946 0.56272441148757946 0.74704343080520641 1.0000000180025095e-35 0.018762275576591495 0.00014830355212325233 2.6263362997269727e-05 0.091480273753404631 0.47815907001495367 0.00019189411978004503 0.58179801702499401 0.048559507355093963 0.0015072760870680215 0.32668325304985052 0.00014830355212325233 0.30791428685188299
decision_type=2 2 2 2 2 2 2 2 2 2 2 2 2 2 2 2 2 2 2 2 2 2 2 2 2 2 2 2 2 2 2 2 2 2 2 2 2 2 2 2 2 2 2 2 2 2 2 2 2 2 2 2 2 2 2 2 2 2 2 2 2 2
left_child=17 2 14 37 10 6 27 9 18 21 11 20 13 -12 26 24 -17 57 46 54 -5 25 -8 30 -10 -4 51 -6 36 -23 33 41 40 38 49 -14 -7 -3 52 -40 53 42 -32 -36 -11 -30 -9 -42 -13 -35 -49 -2 -19 -25 -16 -56 -55 -1 -21 60 -28 -34
right_child=1 3 7 4 5 28 22 8 15 44 12 48 35 -15 19 16 -18 23 -20 58 -22 29 -24 32 -26 -27 59 -29 45 -31 31 -33 61 34 43 -37 -38 -39 39 -41 47 -43 -44 -45 -46 -47 -48 50 -50 -51 -52 -53 -54 56 55 -57 -58 -59 -60 -61 -62 -63
leaf_value=0 -0.045001123751579657 -0.49992477663509577 0.16820776752111494 -0.14418315400090298 0 -0.12952046562330688 0.064216028370790282 -0.30848527913186086 -0.15864477721564829 -0.185306989070043 0 0.056379496264873291 0 0.091767228231367542 0 0 -0.24817685854047258 0 0.61751166998690776 -0.14822277164548592 0 -0.38464968746953393 -0.072639803340738662 -0.02274317624019526 0.054170895019902215 0 -0.30495076286295963 -0.091700491118841265 0.098183956963606669 -0.021586743511415735 -0.046751269455525123 0.042930938703207064 0 0 0 -0.10046440582071188 -0.18743809473539888 0 0 0 0 -0.34017923125611282 -0.21375405222417956 0 -0.41434859880485048 0 0.073386901903734147 0 0.16927572529478482 0 0 0.22913875125760524 0 0 0.25391749597128915 0.082168899211169141 0 -0.071328791756397253 -0.38529617933436666 -0.085422814433278579 -0.51020302073413992 0
leaf_weight=4337.3789072036743 1472.7042281031609 1456.0040667653084 1269.5501538515091 2456.9236888289452 3387.5402433276176 8731.3064665198326 5964.7564421892166 212.79552358388901 785.77714097499847 976.86253929138184 2866.072438120842 1364.4815478920937 2770.6613954901695 4479.0060313940048 456.68984842300415 43339.957253813744 1592.9473760724068 17511.848215758801 1920.8072611093521 210.99632036685944 9162.1790390014648 663.91613978147507 907.55882251262665 2078.2547934055328 20776.276873767376 5595.4206214547157 690.50066334009171 4919.4286847114563 222.26394498348236 882.81671756505966 2807.6689813137054 1106.2934159040451 6620.5091984272003 20927.860025763512 2787.3840684890747 7222.9664283394814 2765.1254214644432 298.82428783178329 6114.2936796545982 8417.2811335921288 1278.4218740463257 1047.294428050518 1930.0129366517067 21126.108972430229 1323.550095140934 2137.9644768238068 326.34786260128021 4847.6397361159325 3842.9354222416878 5421.0915545225143 2592.7765482068062 31.646944403648376 1554.5542061328888 3574.2012426257133 555.50461339950562 414.00792080163956 6534.9792628884315 2686.3917063474655 437.08490961790085 423.1168497800827 1621.0304375290871 949.71833741664886
leaf_count=4679 1508 1569 1101 2263 2737 7107 4867 257 668 811 2535 1161 2875 4029 401 39185 1455 17914 2070 197 7976 697 868 2451 17047 5220 784 4269 212 907 2109 821 8153 23584 3323 6494 2282 314 7375 10498 1571 1074 1399 24460 1097 2023 379 5846 3576 6447 2901 41 1904 4542 528 406 7383 3000 399 414 1837 1158
internal_value=-0.0068788 -0.00265126 -0.00148045 -0.00420041 -0.00391569 -0.00580295 -0.00344607 -0.000959638 -0.00042987 -0.00436606 -0.00231058 -0.000278757 -0.00428012 -0.000900873 -0.00804594 -0.000809356 -0.0017525 -0.0119326 0.00981059 -0.00143552 -0.00260738 -0.00210439 0.000280588 -0.0117062 0.00115428 -0.000476746 -0.0112711 -0.00653354 -0.00838183 -0.00930131 -0.0112154 -0.00856194 -0.0132687 -0.011433 -0.0108371 -0.0067598 -0.00927855 -0.0144289 -0.0123231 -0.0111728 -0.0124621 -0.0103939 -0.00944868 -0.012039 -0.0126172 -0.00399675 -0.00249799 -0.0110389 0.00490941 -0.00974468 -0.0115979 -0.00609578 -0.0131975 -0.0134766 0.00333962 0.00516543 -0.0130092 -0.0157685 -0.0119973 -0.0141024 -0.0149063 -0.0154904
internal_weight=277188 150936 85980.3 64956 63201.2 29035.9 15179.3 79667 68954.9 10712.1 34165.2 16826.5 17338.7 7345.08 6313.28 66495 44932.9 126252 2459.95 2074.28 11619.1 8411.7 6872.32 119228 21562.1 6864.97 4239 8306.97 13856.7 1546.73 90751.7 6891.27 28476.5 83860.4 50262.4 9993.63 11496.4 1754.83 33598 14531.6 20906.3 5784.98 4737.68 23913.5 2300.41 2360.23 539.143 8718.84 5207.42 26349 7440.42 1504.35 19066.4 12187.4 1426.2 969.513 10109.2 7023.77 648.081 2734.65 2311.53 7570.23
internal_count=277158 134566 77409 57157 55274 24365 12741 70894 61061 9833 30909 14976 15933 6564 6515 58355 40640 142592 2706 1931 10239 7925 5735 134913 17715 6321 4584 7006 11624 1604 100908 5403 34005 95505 57814 9369 9389 1883 37691 17873 24694 4582 3508 27783 1908 2235 636 10318 4737 30031 8747 1549 19818 14376 1335 934 11925 7679 596 3035 2621 9311
is_linear=0
shrinkage=0.0382085


Tree=1
num_leaves=63
num_cat=0
split_feature=16 15 14 15 14 3 3 3 3 16 14 3 14 16 17 3 16 17 3 3 19 15 3 17 3 3 3 19 15 3 3 19 3 3 19 3 19 3 14 3 3 3 15 3 3 3 3 3 2 16 2 13 15 19 3 3 3 3 16 3 3 16
split_gain=4427.65 574.786 170.563 164.398 123.818 137.61 60.4347 158.677 125.559 102.02 90.8636 86.7572 80.2597 118.751 61.1396 77.3899 58.0189 54.5159 53.6153 82.3548 48.7727 45.3422 59.1832 42.9038 40.3629 32.5344 79.8679 30.6226 30.1781 28.6985 27.4653 26.4174 24.1674 22.7175 21.998 21.877 19.5669 16.6538 16.2885 16.2284 13.1773 18.9697 12.9362 12.3839 16.1353 12.2834 23.8581 21.9226 11.2412 10.1179 9.87181 8.90692 8.88349 8.72385 8.63561 8.48962 8.2174 156.266 8.03 6.93197 6.39132 5.93442
threshold=1.0000000180025095e-35 0.042977644130587585 2.5000000000000004 0.55041912198066723 2.5000000000000004 2.4696917932942602e-07 7.2605866989761134e-06 0.0011852378374896946 0.012818581890314819 0.024209473282098774 1.0000000180025095e-35 1.8248691162625621e-06 1.5000000000000002 0.0013904134393669667 0.0024179652100428943 0.00034364305611234164 0.051865238696336753 0.025535488501191143 2.4696917932942602e-07 0.76980245113372814 5.6753237664963771e-09 0.11489439383149148 2.5468100375292128e-06 6.913933930263739e-06 0.0030719864880666141 3.4467325349396566e-07 6.7133180436940176e-07 0.10301790013909341 0.1958495378494263 0.02269908040761948 2.6263362997269727e-05 0.0002553558442741633 0.10418143495917322 0.00052751373732462536 5.6753237664963771e-09 1.1145458302053159e-05 0.21043745428323749 1.3946797139396952e-07 1.0000000180025095e-35 0.0007362047617789359 4.4477250327190638e-08 7.8760091781759924e-08 0.06968697160482408 0.0059834124986082324 0.76980245113372814 6.1887472838861881e-05 0.00034364305611234164 0.0059834124986082324 1.0000000180025095e-35 0.00086364860180765401 1.0000000180025095e-35 1.0000000180025095e-35 0.05249301344156266 5.5803793586051149e-08 1.3946797139396952e-07 0.76980245113372814 0.0011852378374896946 0.00052751373732462536 1.9794097028125182e-07 0.0007362047617789359 4.8103026983881147e-07 1.9794097028125182e-07
decision_type=2 2 2 2 2 2 2 2 2 2 2 2 2 2 2 2 2 2 2 2 2 2 2 2 2 2 2 2 2 2 2 2 2 2 2 2 2 2 2 2 2 2 2 2 2 2 2 2 2 2 2 2 2 2 2 2 2 2 2 2 2 2
left_child=1 2 50 21 6 27 10 14 12 20 11 25 13 -9 15 30 -11 -14 40 -20 -10 24 51 34 38 37 -27 61 48 45 -8 49 -31 -16 -13 -30 -35 -2 52 -33 -4 -42 -40 -26 -45 -5 -47 -48 -24 -7 56 -23 -3 -25 -43 -41 57 -1 -12 -59 -53 -6
right_child=4 3 18 29 5 31 7 8 9 16 58 23 17 -15 33 -17 -18 -19 19 -21 -22 22 28 53 43 26 -28 -29 35 32 -32 39 -34 36 -36 -37 -38 -39 42 55 41 54 -44 44 -46 46 47 -49 -50 -51 -52 60 -54 -55 -56 -57 -58 59 -60 -61 -62 -63
leaf_value=0 -0.032957904860058146 -0.53184360316234769 0.0027253687396099034 0 -0.38621096974057206 0 0 0.34216600402345254 0 0.033038428009057354 0.13040001813335836 0.042358738547715165 -0.20292148555963505 0.014558427611163357 0.036936641093218529 -0.43880463544708354 0 0.0035037415572057719 0 0.0027253687396099034 -0.07146828546430728 0 0 -0.0020697906167840047 0.89153254141030402 -0.20498835344339372 -0.0020697906167840047 -0.064006786072979077 0 0 -0.045066536385162038 0.01992011475496858 0 0 0.26264907877704557 0 0.0027754605735138484 0.054583624798393619 0 -0.0024536004605455581 0 0.00086898347831481032 0 0 0.0027253687396099034 0 0 0 0.11782367983364317 0.2313409560061174 0 0 0 -0.15966691464980132 0 -0.34752476492467566 0 0.0027253687396099034 0.20729205592836961 0.0027253687396099034 0 0.5269077447234759
leaf_weight=8783.092171728611 5901.0942091345787 516.80614203214645 99.572093367576599 1849.0731627345085 3468.5893284678459 221.21725314855576 6513.1516698598862 3858.2580187916756 5304.8237310051918 9820.1078551411629 1841.9955749511719 10190.380626618862 2359.0588542222977 6232.4958050251007 3151.8238734602928 2247.6104927659035 20033.974775910378 17212.726092457771 989.46140348911285 165.66884815692902 20439.314902842045 3502.4548016190529 2613.6012875437737 778.15939426422119 562.91412889957428 4155.188735127449 6369.2699234485626 489.07552140951157 4480.6323059797287 7058.6248962879181 13102.540676593781 711.41923934221268 7454.5441380143166 3853.6784012317657 1989.8808391690254 16206.420245349407 269.77496159076691 3209.1085643768311 829.30343133211136 2337.4886292219162 415.68913841247559 384.01250684261322 1498.1846861243248 525.31714904308319 237.93127113580704 3191.6049900650978 9296.0002581477165 6616.7343474030495 165.18161106109619 681.66271114349365 28361.192449271679 287.44474107027054 6316.697840154171 417.64402681589127 378.04798173904419 546.64216309785843 3259.9338836073875 242.64076977968216 1751.1096855401993 332.93272423744202 1095.7102769613266 11.578150391578673
leaf_count=10111 4403 624 129 2075 3497 178 6948 3842 3752 8822 1820 7009 1913 5728 2543 2623 18189 15001 1270 205 17618 3952 3072 818 674 3558 5812 511 3933 8249 12886 611 8785 3280 1792 18796 222 2904 1050 1919 519 485 1890 666 303 3551 9798 7825 169 658 33842 366 6463 458 485 504 4179 308 1741 427 1382 15
internal_value=-0.00582162 -0.0114422 -0.0149368 -0.00939996 -0.00167237 -0.00616955 -0.00141991 -0.0018523 -0.00101981 -0.00209101 -6.75e-05 -0.000696619 0.000986719 0.00375498 -0.00428682 -0.00529696 -0.000569604 -0.000438637 -0.00508195 -0.011046 -0.00385377 -0.00767924 -0.00847585 0.00167488 -0.00552171 -0.00231414 -0.00376189 -0.011356 -0.00767464 -0.0112831 -0.00452412 -0.00158396 -0.0126021 -0.00124581 0.00235512 -0.00817856 -0.00311488 -0.000637341 -0.00642396 -0.00305739 0.00028389 -0.000816215 -0.00362964 0.000682178 -0.00245469 -0.0103673 -0.0100707 -0.0106803 -0.00390857 0.00423986 -0.0155207 -0.0123151 -0.00736978 -0.00522003 0.00272849 -0.00433644 -0.0145911 -0.0139835 0.00570103 0.00525 -0.00961097 -0.0126165
internal_weight=277188 117717 43412.2 74305.2 159471 8467.67 151003 114399 85260.8 55598.2 36603.8 33010.7 29662.5 10090.8 29138.6 21863.3 29854.1 19571.8 2432.45 1155.13 25744.1 38838.6 28351.4 13376.1 10487.2 19634.7 10524.5 3969.24 23465.8 35466.6 19615.7 4498.43 14513.2 7275.28 12180.3 20687.1 4123.45 9110.2 9160.99 3595.55 1277.32 1177.75 2327.49 1326.16 763.248 20953.4 19104.3 15912.7 2778.78 902.88 40979.8 4885.61 6833.5 1195.8 762.06 2884.13 12618.6 9358.67 3593.11 575.573 1383.16 3480.17
internal_count=277158 135583 51960 83623 141575 7893 133682 103367 74865 48381 30315 26754 26484 9570 28502 22457 27011 16914 3093 1475 21370 43340 31670 10077 11670 16677 9370 4023 25970 40283 19834 3870 17034 6045 8801 22729 3502 7307 10027 3034 1618 1489 2940 1643 969 23249 21174 17623 3241 836 48867 5700 7087 1276 970 2423 15025 10846 3561 735 1748 3512
is_linear=0
shrinkage=0.0382085


end of trees

feature_importances:
event_decay_operation=47
event_decay_operation_weighted=19
event_decay_major=18
event_decay_game_update_weighted=10
event_decay_game_update=6
event_density_90d_game_update=6
event_decay_major_weighted=6
event_decay_case_drop=4
event_decay_case_drop_weighted=3
event_density_90d_major=2
event_density_90d_operation=1
event_density_90d_case_drop=1
event_density_30d_game_update=1

parameters:
[boosting: gbdt]
[objective: quantile]
[metric: quantile]
[tree_learner: serial]
[device_type: cpu]
[data_sample_strategy: bagging]
[data: ]
[valid: ]
[num_iterations: 1000]
[learning_rate: 0.0382085]
[num_leaves: 63]
[num_threads: -1]
[seed: 13]
[deterministic: 0]
[force_col_wise: 0]
[force_row_wise: 0]
[histogram_pool_size: -1]
[max_depth: 7]
[min_data_in_leaf: 10]
[min_sum_hessian_in_leaf: 0.001]
[bagging_fraction: 0.7]
[pos_bagging_fraction: 1]
[neg_bagging_fraction: 1]
[bagging_freq: 5]
[bagging_seed: 16376]
[bagging_by_query: 0]
[feature_fraction: 0.75]
[feature_fraction_bynode: 1]
[feature_fraction_seed: 20348]
[extra_trees: 0]
[extra_seed: 30076]
[early_stopping_round: 0]
[early_stopping_min_delta: 0]
[first_metric_only: 0]
[max_delta_step: 0]
[lambda_l1: 1]
[lambda_l2: 0.5]
[linear_lambda: 0]
[min_gain_to_split: 0.1]
[drop_rate: 0.1]
[max_drop: 50]
[skip_drop: 0.5]
[xgboost_dart_mode: 0]
[uniform_drop: 0]
[drop_seed: 24096]
[top_rate: 0.2]
[other_rate: 0.1]
[min_data_per_group: 100]
[max_cat_threshold: 32]
[cat_l2: 10]
[cat_smooth: 10]
[max_cat_to_onehot: 4]
[top_k: 20]
[monotone_constraints: ]
[monotone_constraints_method: basic]
[monotone_penalty: 0]
[feature_contri: ]
[forcedsplits_filename: ]
[refit_decay_rate: 0.9]
[cegb_tradeoff: 1]
[cegb_penalty_split: 0]
[cegb_penalty_feature_lazy: ]
[cegb_penalty_feature_coupled: ]
[path_smooth: 0]
[interaction_constraints: ]
[verbosity: -1]
[saved_feature_importance_type: 0]
[use_quantized_grad: 0]
[num_grad_quant_bins: 4]
[quant_train_renew_leaf: 0]
[stochastic_rounding: 1]
[linear_tree: 0]
[max_bin: 63]
[max_bin_by_feature: ]
[min_data_in_bin: 3]
[bin_construct_sample_cnt: 200000]
[data_random_seed: 81]
[is_enable_sparse: 1]
[enable_bundle: 1]
[use_missing: 1]
[zero_as_missing: 0]
[feature_pre_filter: 0]
[pre_partition: 0]
[two_round: 0]
[header: 0]
[label_column: ]
[weight_column: ]
[group_column: ]
[ignore_column: ]
[categorical_feature: ]
[forcedbins_filename: ]
[precise_float_parser: 0]
[parser_config_file: ]
[objective_seed: 11872]
[num_class: 1]
[is_unbalance: 0]
[scale_pos_weight: 1]
[sigmoid: 1]
[boost_from_average: 1]
[reg_sqrt: 0]
[alpha: 0.5]
[fair_c: 1]
[poisson_max_delta_step: 0.7]
[tweedie_variance_power: 1.5]
[lambdarank_truncation_level: 30]
[lambdarank_norm: 1]
[label_gain: ]
[lambdarank_position_bias_regularization: 0]
[eval_at: ]
[multi_error_top_k: 1]
[auc_mu_weights: ]
[num_machines: 1]
[local_listen_port: 12400]
[time_out: 120]
[machine_list_filename: ]
[machines: ]
[gpu_platform_id: -1]
[gpu_device_id: -1]
[gpu_use_dp: 0]
[num_gpu: 1]

end of parameters

pandas_categorical:[]
